   1.0937499999999980     0.0062500000000011   
   1.0937499999999978     0.0187500000000023   
   1.0937499999999978     0.0312500000000023   
   1.0937499999999980     0.0437500000000022   
   1.0937499999999982     0.0562500000000022   
   1.0937499999999982     0.0687500000000022   
   1.0937499999999982     0.0812500000000022   
   1.0937499999999982     0.0937500000000022   
   1.0937499999999982     0.1062500000000021   
   1.0937499999999982     0.1187500000000021   
   1.0937499999999982     0.1312500000000021   
   1.0937499999999982     0.1437500000000021   
   1.0937499999999982     0.1562500000000021   
   1.1062499999999980     0.0062500000000011   
   1.1062499999999980     0.0187500000000023   
   1.1062499999999980     0.0312500000000022   
   1.1062499999999980     0.0437500000000022   
   1.1062499999999982     0.0562500000000022   
   1.1062499999999984     0.0687500000000022   
   1.1062499999999984     0.0812500000000022   
   1.1062499999999984     0.0937500000000021   
   1.1062499999999984     0.1062500000000021   
   1.1062499999999982     0.1187500000000021   
   1.1062499999999982     0.1312500000000021   
   1.1062499999999984     0.1437500000000020   
   1.1062499999999984     0.1562500000000021   
   1.1062499999999984     0.1687500000000020   
   1.1062499999999984     0.1812500000000020   
   1.1062499999999984     0.1937500000000020   
   1.1062499999999984     0.2062500000000020   
   1.1062499999999984     0.2187500000000019   
   1.1187499999999981     0.0062500000000011   
   1.1187499999999981     0.0187500000000022   
   1.1187499999999981     0.0312500000000022   
   1.1187499999999981     0.0437500000000022   
   1.1187499999999981     0.0562500000000022   
   1.1187499999999981     0.0687500000000021   
   1.1187499999999981     0.0812500000000021   
   1.1187499999999981     0.0937500000000021   
   1.1187499999999981     0.1062500000000021   
   1.1187499999999981     0.1187500000000020   
   1.1187499999999981     0.1312500000000020   
   1.1187499999999981     0.1437500000000020   
   1.1187499999999981     0.1562500000000020   
   1.1187499999999981     0.1687500000000020   
   1.1187499999999984     0.1812500000000020   
   1.1187499999999986     0.1937500000000020   
   1.1187499999999986     0.2062500000000019   
   1.1187499999999984     0.2187500000000019   
   1.1187499999999986     0.2312500000000020   
   1.1187499999999984     0.2437500000000019   
   1.1187499999999981     0.2562500000000019   
   1.1187499999999984     0.2687500000000019   
   1.1187499999999984     0.2812500000000019   
   1.1187499999999986     0.2937500000000018   
   1.1187499999999986     0.3062500000000018   
   1.1187499999999986     0.3187500000000018   
   1.1312499999999981     0.0062500000000011   
   1.1312499999999981     0.0187500000000022   
   1.1312499999999979     0.0312500000000022   
   1.1312499999999979     0.0437500000000021   
   1.1312499999999981     0.0562500000000021   
   1.1312499999999983     0.0687500000000021   
   1.1312499999999983     0.0812500000000021   
   1.1312499999999981     0.0937500000000021   
   1.1312499999999981     0.1062500000000021   
   1.1312499999999983     0.1187500000000020   
   1.1312499999999981     0.1312500000000020   
   1.1312499999999981     0.1437500000000020   
   1.1312499999999981     0.1562500000000020   
   1.1312499999999981     0.1687500000000020   
   1.1312499999999981     0.1812500000000020   
   1.1312499999999981     0.1937500000000019   
   1.1312499999999985     0.2062500000000019   
   1.1312499999999985     0.2187500000000019   
   1.1312499999999985     0.2312500000000019   
   1.1312499999999985     0.2437500000000019   
   1.1312499999999983     0.2562500000000019   
   1.1312499999999983     0.2687500000000018   
   1.1312499999999983     0.2812500000000019   
   1.1312499999999983     0.2937500000000018   
   1.1312499999999985     0.3062500000000018   
   1.1312499999999985     0.3187500000000018   
   1.1312499999999983     0.3312500000000018   
   1.1312499999999985     0.3437500000000018   
   1.1437499999999980     0.0062500000000011   
   1.1437499999999980     0.0187500000000022   
   1.1437499999999978     0.0312500000000021   
   1.1437499999999976     0.0437500000000021   
   1.1437499999999980     0.0562500000000021   
   1.1437499999999983     0.0687500000000021   
   1.1437499999999983     0.0812500000000021   
   1.1437499999999980     0.0937500000000020   
   1.1437499999999983     0.1062500000000020   
   1.1437499999999983     0.1187500000000020   
   1.1437499999999980     0.1312500000000020   
   1.1437499999999980     0.1437500000000020   
   1.1437499999999980     0.1562500000000019   
   1.1437499999999980     0.1687500000000019   
   1.1437499999999980     0.1812500000000019   
   1.1437499999999980     0.1937500000000019   
   1.1437499999999983     0.2062500000000019   
   1.1437499999999983     0.2187500000000019   
   1.1437499999999983     0.2312500000000018   
   1.1437499999999983     0.2437500000000019   
   1.1437499999999983     0.2562500000000019   
   1.1437499999999983     0.2687500000000018   
   1.1437499999999983     0.2812500000000018   
   1.1437499999999983     0.2937500000000018   
   1.1437499999999985     0.3062500000000017   
   1.1437499999999985     0.3187500000000018   
   1.1437499999999983     0.3312500000000018   
   1.1437499999999985     0.3437500000000018   
   1.1437499999999985     0.3562500000000017   
   1.1437499999999985     0.3687500000000017   
   1.1437499999999983     0.3812500000000016   
   1.1437499999999985     0.3937500000000017   
   1.1437499999999985     0.4062500000000016   
   1.1437499999999985     0.4187500000000016   
   1.1437499999999987     0.4312500000000017   
   1.1562499999999978     0.0062500000000011   
   1.1562499999999978     0.0187500000000021   
   1.1562499999999978     0.0312500000000021   
   1.1562499999999978     0.0437500000000021   
   1.1562499999999980     0.0562500000000021   
   1.1562499999999984     0.0687500000000021   
   1.1562499999999982     0.0812500000000020   
   1.1562499999999980     0.0937500000000020   
   1.1562499999999982     0.1062500000000020   
   1.1562499999999980     0.1187500000000020   
   1.1562499999999980     0.1312500000000020   
   1.1562499999999982     0.1437500000000019   
   1.1562499999999982     0.1562500000000019   
   1.1562499999999980     0.1687500000000019   
   1.1562499999999980     0.1812500000000019   
   1.1562499999999982     0.1937500000000019   
   1.1562499999999982     0.2062500000000018   
   1.1562499999999982     0.2187500000000018   
   1.1562499999999982     0.2312500000000018   
   1.1562499999999982     0.2437500000000019   
   1.1562499999999982     0.2562500000000019   
   1.1562499999999982     0.2687500000000018   
   1.1562499999999982     0.2812500000000018   
   1.1562499999999982     0.2937500000000018   
   1.1562499999999984     0.3062500000000018   
   1.1562499999999987     0.3187500000000018   
   1.1562499999999984     0.3312500000000017   
   1.1562499999999984     0.3437500000000018   
   1.1562499999999984     0.3562500000000017   
   1.1562499999999984     0.3687500000000017   
   1.1562499999999984     0.3812500000000016   
   1.1562499999999984     0.3937500000000017   
   1.1562499999999987     0.4062500000000017   
   1.1562499999999987     0.4187500000000017   
   1.1562499999999987     0.4312500000000016   
   1.1687499999999977     0.0062500000000011   
   1.1687499999999975     0.0187500000000021   
   1.1687499999999977     0.0312500000000021   
   1.1687499999999980     0.0437500000000021   
   1.1687499999999980     0.0562500000000020   
   1.1687499999999982     0.0687500000000020   
   1.1687499999999982     0.0812500000000020   
   1.1687499999999982     0.0937500000000020   
   1.1687499999999982     0.1062500000000020   
   1.1687499999999982     0.1187500000000019   
   1.1687499999999982     0.1312500000000019   
   1.1687499999999982     0.1437500000000019   
   1.1687499999999984     0.1562500000000019   
   1.1687499999999982     0.1687500000000019   
   1.1687499999999980     0.1812500000000019   
   1.1687499999999982     0.1937500000000019   
   1.1687499999999982     0.2062500000000018   
   1.1687499999999982     0.2187500000000018   
   1.1687499999999982     0.2312500000000018   
   1.1687499999999984     0.2437500000000018   
   1.1687499999999984     0.2562500000000018   
   1.1687499999999984     0.2687500000000018   
   1.1687499999999982     0.2812500000000018   
   1.1687499999999982     0.2937500000000017   
   1.1687499999999984     0.3062500000000018   
   1.1687499999999984     0.3187500000000018   
   1.1687499999999984     0.3312500000000017   
   1.1687499999999984     0.3437500000000017   
   1.1687499999999982     0.3562500000000017   
   1.1687499999999984     0.3687500000000017   
   1.1687499999999982     0.3812500000000016   
   1.1687499999999984     0.3937500000000017   
   1.1687499999999984     0.4062500000000017   
   1.1687499999999984     0.4187500000000016   
   1.1687499999999986     0.4312500000000016   
   1.1812499999999977     0.0062500000000010   
   1.1812499999999977     0.0187500000000021   
   1.1812499999999977     0.0312500000000021   
   1.1812499999999977     0.0437500000000020   
   1.1812499999999977     0.0562500000000020   
   1.1812499999999981     0.0687500000000020   
   1.1812499999999984     0.0812500000000020   
   1.1812499999999981     0.0937500000000019   
   1.1812499999999981     0.1062500000000019   
   1.1812499999999981     0.1187500000000019   
   1.1812499999999981     0.1312500000000019   
   1.1812499999999981     0.1437500000000019   
   1.1812499999999981     0.1562500000000019   
   1.1812499999999981     0.1687500000000018   
   1.1812499999999981     0.1812500000000019   
   1.1812499999999981     0.1937500000000018   
   1.1812499999999981     0.2062500000000018   
   1.1812499999999984     0.2187500000000018   
   1.1812499999999984     0.2312500000000018   
   1.1812499999999981     0.2437500000000018   
   1.1812499999999981     0.2562500000000018   
   1.1812499999999981     0.2687500000000018   
   1.1812499999999981     0.2812500000000017   
   1.1812499999999981     0.2937500000000017   
   1.1812499999999981     0.3062500000000017   
   1.1812499999999981     0.3187500000000018   
   1.1812499999999981     0.3312500000000017   
   1.1812499999999984     0.3437500000000017   
   1.1812499999999984     0.3562500000000017   
   1.1812499999999984     0.3687500000000017   
   1.1812499999999984     0.3812500000000016   
   1.1812499999999984     0.3937500000000016   
   1.1812499999999986     0.4062500000000017   
   1.1812499999999986     0.4187500000000016   
   1.1812499999999986     0.4312500000000015   
   1.1937499999999979     0.0062500000000010   
   1.1937499999999979     0.0187500000000020   
   1.1937499999999976     0.0312500000000020   
   1.1937499999999979     0.0437500000000020   
   1.1937499999999976     0.0562500000000020   
   1.1937499999999979     0.0687500000000020   
   1.1937499999999981     0.0812500000000019   
   1.1937499999999979     0.0937500000000019   
   1.1937499999999981     0.1062500000000019   
   1.1937499999999981     0.1187500000000019   
   1.1937499999999979     0.1312500000000019   
   1.1937499999999981     0.1437500000000018   
   1.1937499999999981     0.1562500000000019   
   1.1937499999999979     0.1687500000000018   
   1.1937499999999981     0.1812500000000019   
   1.1937499999999981     0.1937500000000018   
   1.1937499999999981     0.2062500000000018   
   1.1937499999999983     0.2187500000000017   
   1.1937499999999981     0.2312500000000018   
   1.1937499999999979     0.2437500000000018   
   1.1937499999999981     0.2562500000000018   
   1.1937499999999981     0.2687500000000018   
   1.1937499999999981     0.2812500000000017   
   1.1937499999999983     0.2937500000000017   
   1.1937499999999983     0.3062500000000017   
   1.1937499999999983     0.3187500000000016   
   1.1937499999999983     0.3312500000000017   
   1.1937499999999983     0.3437500000000017   
   1.1937499999999983     0.3562500000000016   
   1.1937499999999983     0.3687500000000016   
   1.1937499999999983     0.3812500000000016   
   1.1937499999999983     0.3937500000000016   
   1.1937499999999983     0.4062500000000016   
   1.1937499999999983     0.4187500000000015   
   1.1937499999999985     0.4312500000000016   
   1.2062499999999976     0.0062500000000010   
   1.2062499999999976     0.0187500000000020   
   1.2062499999999976     0.0312500000000020   
   1.2062499999999976     0.0437500000000020   
   1.2062499999999976     0.0562500000000020   
   1.2062499999999978     0.0687500000000019   
   1.2062499999999980     0.0812500000000019   
   1.2062499999999978     0.0937500000000019   
   1.2062499999999978     0.1062500000000019   
   1.2062499999999980     0.1187500000000019   
   1.2062499999999978     0.1312500000000019   
   1.2062499999999980     0.1437500000000018   
   1.2062499999999980     0.1562500000000018   
   1.2062499999999980     0.1687500000000018   
   1.2062499999999980     0.1812500000000018   
   1.2062499999999980     0.1937500000000018   
   1.2062499999999980     0.2062500000000018   
   1.2062499999999983     0.2187500000000017   
   1.2062499999999983     0.2312500000000017   
   1.2062499999999980     0.2437500000000017   
   1.2062499999999983     0.2562500000000018   
   1.2062499999999983     0.2687500000000018   
   1.2062499999999980     0.2812500000000017   
   1.2062499999999983     0.2937500000000017   
   1.2062499999999983     0.3062500000000017   
   1.2062499999999983     0.3187500000000016   
   1.2062499999999983     0.3312500000000016   
   1.2062499999999985     0.3437500000000016   
   1.2062499999999985     0.3562500000000016   
   1.2062499999999985     0.3687500000000016   
   1.2062499999999985     0.3812500000000016   
   1.2062499999999985     0.3937500000000016   
   1.2062499999999985     0.4062500000000016   
   1.2062499999999983     0.4187500000000015   
   1.2062499999999985     0.4312500000000015   
   1.2187499999999976     0.0062500000000010   
   1.2187499999999976     0.0187500000000020   
   1.2187499999999978     0.0312500000000020   
   1.2187499999999976     0.0437500000000019   
   1.2187499999999976     0.0562500000000019   
   1.2187499999999978     0.0687500000000019   
   1.2187499999999978     0.0812500000000019   
   1.2187499999999978     0.0937500000000019   
   1.2187499999999978     0.1062500000000018   
   1.2187499999999978     0.1187500000000018   
   1.2187499999999978     0.1312500000000018   
   1.2187499999999978     0.1437500000000018   
   1.2187499999999978     0.1562500000000017   
   1.2187499999999980     0.1687500000000017   
   1.2187499999999980     0.1812500000000017   
   1.2187499999999978     0.1937500000000017   
   1.2187499999999982     0.2062500000000018   
   1.2187499999999982     0.2187500000000017   
   1.2187499999999980     0.2312500000000017   
   1.2187499999999978     0.2437500000000017   
   1.2187499999999980     0.2562500000000016   
   1.2187499999999982     0.2687500000000017   
   1.2187499999999982     0.2812500000000017   
   1.2187499999999982     0.2937500000000016   
   1.2187499999999982     0.3062500000000017   
   1.2187499999999982     0.3187500000000017   
   1.2187499999999980     0.3312500000000016   
   1.2187499999999982     0.3437500000000016   
   1.2187499999999984     0.3562500000000016   
   1.2187499999999982     0.3687500000000016   
   1.2187499999999982     0.3812500000000016   
   1.2187499999999982     0.3937500000000016   
   1.2187499999999982     0.4062500000000016   
   1.2187499999999982     0.4187500000000015   
   1.2187499999999982     0.4312500000000016   
   1.2312499999999975     0.0062500000000010   
   1.2312499999999975     0.0187500000000019   
   1.2312499999999975     0.0312500000000019   
   1.2312499999999975     0.0437500000000019   
   1.2312499999999977     0.0562500000000019   
   1.2312499999999980     0.0687500000000019   
   1.2312499999999980     0.0812500000000018   
   1.2312499999999980     0.0937500000000018   
   1.2312499999999977     0.1062500000000018   
   1.2312499999999977     0.1187500000000018   
   1.2312499999999980     0.1312500000000018   
   1.2312499999999977     0.1437500000000018   
   1.2312499999999977     0.1562500000000017   
   1.2312499999999980     0.1687500000000017   
   1.2312499999999980     0.1812500000000017   
   1.2312499999999980     0.1937500000000017   
   1.2312499999999980     0.2062500000000017   
   1.2312499999999980     0.2187500000000017   
   1.2312499999999980     0.2312500000000017   
   1.2312499999999980     0.2437500000000017   
   1.2312499999999980     0.2562500000000016   
   1.2312499999999982     0.2687500000000017   
   1.2312499999999982     0.2812500000000017   
   1.2312499999999980     0.2937500000000016   
   1.2312499999999980     0.3062500000000016   
   1.2312499999999982     0.3187500000000016   
   1.2312499999999982     0.3312500000000016   
   1.2312499999999982     0.3437500000000016   
   1.2312499999999982     0.3562500000000016   
   1.2312499999999980     0.3687500000000016   
   1.2312499999999982     0.3812500000000015   
   1.2312499999999984     0.3937500000000015   
   1.2312499999999984     0.4062500000000016   
   1.2312499999999984     0.4187500000000015   
   1.2312499999999984     0.4312500000000015   
   1.2437499999999977     0.0062500000000010   
   1.2437499999999977     0.0187500000000019   
   1.2437499999999977     0.0312500000000019   
   1.2437499999999977     0.0437500000000019   
   1.2437499999999977     0.0562500000000019   
   1.2437499999999977     0.0687500000000018   
   1.2437499999999977     0.0812500000000018   
   1.2437499999999977     0.0937500000000018   
   1.2437499999999977     0.1062500000000018   
   1.2437499999999977     0.1187500000000018   
   1.2437499999999977     0.1312500000000018   
   1.2437499999999977     0.1437500000000017   
   1.2437499999999977     0.1562500000000017   
   1.2437499999999977     0.1687500000000017   
   1.2437499999999979     0.1812500000000017   
   1.2437499999999981     0.1937500000000017   
   1.2437499999999979     0.2062500000000017   
   1.2437499999999977     0.2187500000000017   
   1.2437499999999977     0.2312500000000017   
   1.2437499999999977     0.2437500000000017   
   1.2437499999999977     0.2562500000000016   
   1.2437499999999979     0.2687500000000016   
   1.2437499999999979     0.2812500000000017   
   1.2437499999999979     0.2937500000000016   
   1.2437499999999981     0.3062500000000016   
   1.2437499999999981     0.3187500000000016   
   1.2437499999999981     0.3312500000000016   
   1.2437499999999981     0.3437500000000016   
   1.2437499999999979     0.3562500000000015   
   1.2437499999999977     0.3687500000000016   
   1.2437499999999981     0.3812500000000015   
   1.2437499999999981     0.3937500000000015   
   1.2437499999999981     0.4062500000000016   
   1.2437499999999981     0.4187500000000015   
   1.2437499999999981     0.4312500000000015   
   1.2562499999999976     0.0062500000000009   
   1.2562499999999979     0.0187500000000019   
   1.2562499999999979     0.0312500000000019   
   1.2562499999999979     0.0437500000000018   
   1.2562499999999976     0.0562500000000018   
   1.2562499999999976     0.0687500000000018   
   1.2562499999999979     0.0812500000000018   
   1.2562499999999979     0.0937500000000018   
   1.2562499999999979     0.1062500000000018   
   1.2562499999999979     0.1187500000000017   
   1.2562499999999976     0.1312500000000017   
   1.2562499999999974     0.1437500000000017   
   1.2562499999999974     0.1562500000000017   
   1.2562499999999976     0.1687500000000017   
   1.2562499999999979     0.1812500000000017   
   1.2562499999999979     0.1937500000000016   
   1.2562499999999979     0.2062500000000017   
   1.2562499999999979     0.2187500000000016   
   1.2562499999999979     0.2312500000000016   
   1.2562499999999979     0.2437500000000016   
   1.2562499999999979     0.2562500000000016   
   1.2562499999999979     0.2687500000000016   
   1.2562499999999979     0.2812500000000016   
   1.2562499999999979     0.2937500000000016   
   1.2562499999999979     0.3062500000000016   
   1.2562499999999979     0.3187500000000016   
   1.2562499999999979     0.3312500000000016   
   1.2562499999999981     0.3437500000000016   
   1.2562499999999981     0.3562500000000015   
   1.2562499999999979     0.3687500000000015   
   1.2562499999999981     0.3812500000000015   
   1.2562499999999983     0.3937500000000015   
   1.2562499999999981     0.4062500000000015   
   1.2562499999999979     0.4187500000000015   
   1.2562499999999981     0.4312500000000015   
   1.2687499999999976     0.0062500000000009   
   1.2687499999999976     0.0187500000000018   
   1.2687499999999976     0.0312500000000018   
   1.2687499999999976     0.0437500000000018   
   1.2687499999999976     0.0562500000000018   
   1.2687499999999976     0.0687500000000018   
   1.2687499999999978     0.0812500000000018   
   1.2687499999999978     0.0937500000000017   
   1.2687499999999976     0.1062500000000017   
   1.2687499999999976     0.1187500000000017   
   1.2687499999999976     0.1312500000000017   
   1.2687499999999976     0.1437500000000017   
   1.2687499999999976     0.1562500000000017   
   1.2687499999999978     0.1687500000000017   
   1.2687499999999978     0.1812500000000017   
   1.2687499999999976     0.1937500000000016   
   1.2687499999999976     0.2062500000000016   
   1.2687499999999976     0.2187500000000016   
   1.2687499999999976     0.2312500000000016   
   1.2687499999999978     0.2437500000000016   
   1.2687499999999980     0.2562500000000015   
   1.2687499999999980     0.2687500000000016   
   1.2687499999999980     0.2812500000000016   
   1.2687499999999980     0.2937500000000016   
   1.2687499999999980     0.3062500000000016   
   1.2687499999999980     0.3187500000000015   
   1.2687499999999980     0.3312500000000015   
   1.2687499999999983     0.3437500000000015   
   1.2687499999999983     0.3562500000000015   
   1.2687499999999980     0.3687500000000015   
   1.2687499999999980     0.3812500000000015   
   1.2687499999999980     0.3937500000000015   
   1.2687499999999980     0.4062500000000015   
   1.2687499999999980     0.4187500000000015   
   1.2687499999999980     0.4312500000000015   
   1.2812499999999973     0.0062500000000009   
   1.2812499999999973     0.0187500000000018   
   1.2812499999999973     0.0312500000000018   
   1.2812499999999976     0.0437500000000018   
   1.2812499999999978     0.0562500000000018   
   1.2812499999999978     0.0687500000000018   
   1.2812499999999978     0.0812500000000017   
   1.2812499999999976     0.0937500000000017   
   1.2812499999999973     0.1062500000000017   
   1.2812499999999976     0.1187500000000017   
   1.2812499999999978     0.1312500000000016   
   1.2812499999999978     0.1437500000000017   
   1.2812499999999978     0.1562500000000016   
   1.2812499999999978     0.1687500000000016   
   1.2812499999999978     0.1812500000000016   
   1.2812499999999978     0.1937500000000016   
   1.2812499999999978     0.2062500000000016   
   1.2812499999999978     0.2187500000000016   
   1.2812499999999978     0.2312500000000016   
   1.2812499999999980     0.2437500000000015   
   1.2812499999999980     0.2562500000000015   
   1.2812499999999978     0.2687500000000015   
   1.2812499999999978     0.2812500000000016   
   1.2812499999999978     0.2937500000000015   
   1.2812499999999978     0.3062500000000016   
   1.2812499999999980     0.3187500000000015   
   1.2812499999999980     0.3312500000000015   
   1.2812499999999978     0.3437500000000015   
   1.2812499999999980     0.3562500000000015   
   1.2812499999999982     0.3687500000000014   
   1.2812499999999982     0.3812500000000014   
   1.2812499999999980     0.3937500000000015   
   1.2812499999999980     0.4062500000000014   
   1.2812499999999982     0.4187500000000014   
   1.2812499999999982     0.4312500000000014   
   1.2937499999999975     0.0062500000000009   
   1.2937499999999975     0.0187500000000018   
   1.2937499999999975     0.0312500000000018   
   1.2937499999999975     0.0437500000000018   
   1.2937499999999975     0.0562500000000017   
   1.2937499999999975     0.0687500000000017   
   1.2937499999999975     0.0812500000000017   
   1.2937499999999975     0.0937500000000017   
   1.2937499999999975     0.1062500000000017   
   1.2937499999999975     0.1187500000000017   
   1.2937499999999975     0.1312500000000016   
   1.2937499999999975     0.1437500000000016   
   1.2937499999999977     0.1562500000000016   
   1.2937499999999977     0.1687500000000016   
   1.2937499999999975     0.1812500000000016   
   1.2937499999999980     0.1937500000000016   
   1.2937499999999977     0.2062500000000016   
   1.2937499999999975     0.2187500000000016   
   1.2937499999999975     0.2312500000000016   
   1.2937499999999977     0.2437500000000015   
   1.2937499999999977     0.2562500000000015   
   1.2937499999999975     0.2687500000000015   
   1.2937499999999977     0.2812500000000015   
   1.2937499999999980     0.2937500000000015   
   1.2937499999999980     0.3062500000000015   
   1.2937499999999980     0.3187500000000015   
   1.2937499999999977     0.3312500000000015   
   1.2937499999999977     0.3437500000000015   
   1.2937499999999980     0.3562500000000015   
   1.2937499999999982     0.3687500000000015   
   1.2937499999999982     0.3812500000000014   
   1.2937499999999980     0.3937500000000015   
   1.2937499999999980     0.4062500000000014   
   1.2937499999999980     0.4187500000000013   
   1.2937499999999982     0.4312500000000014   
   1.3062499999999972     0.0062500000000009   
   1.3062499999999972     0.0187500000000017   
   1.3062499999999975     0.0312500000000017   
   1.3062499999999975     0.0437500000000017   
   1.3062499999999975     0.0562500000000017   
   1.3062499999999977     0.0687500000000017   
   1.3062499999999975     0.0812500000000017   
   1.3062499999999975     0.0937500000000017   
   1.3062499999999977     0.1062500000000016   
   1.3062499999999977     0.1187500000000016   
   1.3062499999999975     0.1312500000000016   
   1.3062499999999975     0.1437500000000016   
   1.3062499999999977     0.1562500000000016   
   1.3062499999999977     0.1687500000000016   
   1.3062499999999977     0.1812500000000016   
   1.3062499999999977     0.1937500000000016   
   1.3062499999999977     0.2062500000000015   
   1.3062499999999977     0.2187500000000016   
   1.3062499999999977     0.2312500000000015   
   1.3062499999999977     0.2437500000000015   
   1.3062499999999977     0.2562500000000015   
   1.3062499999999977     0.2687500000000015   
   1.3062499999999979     0.2812500000000014   
   1.3062499999999979     0.2937500000000015   
   1.3062499999999977     0.3062500000000015   
   1.3062499999999979     0.3187500000000014   
   1.3062499999999979     0.3312500000000014   
   1.3062499999999979     0.3437500000000014   
   1.3062499999999979     0.3562500000000015   
   1.3062499999999979     0.3687500000000014   
   1.3062499999999981     0.3812500000000014   
   1.3062499999999981     0.3937500000000014   
   1.3062499999999981     0.4062500000000013   
   1.3062499999999979     0.4187500000000013   
   1.3062499999999979     0.4312500000000014   
   1.3187499999999974     0.0062500000000009   
   1.3187499999999974     0.0187500000000017   
   1.3187499999999974     0.0312500000000017   
   1.3187499999999974     0.0437500000000017   
   1.3187499999999974     0.0562500000000017   
   1.3187499999999974     0.0687500000000017   
   1.3187499999999972     0.0812500000000016   
   1.3187499999999974     0.0937500000000016   
   1.3187499999999976     0.1062500000000016   
   1.3187499999999976     0.1187500000000016   
   1.3187499999999974     0.1312500000000015   
   1.3187499999999974     0.1437500000000015   
   1.3187499999999974     0.1562500000000016   
   1.3187499999999976     0.1687500000000016   
   1.3187499999999979     0.1812500000000015   
   1.3187499999999976     0.1937500000000016   
   1.3187499999999979     0.2062500000000015   
   1.3187499999999976     0.2187500000000015   
   1.3187499999999976     0.2312500000000015   
   1.3187499999999976     0.2437500000000015   
   1.3187499999999974     0.2562500000000015   
   1.3187499999999976     0.2687500000000015   
   1.3187499999999979     0.2812500000000014   
   1.3187499999999979     0.2937500000000015   
   1.3187499999999979     0.3062500000000015   
   1.3187499999999979     0.3187500000000014   
   1.3187499999999979     0.3312500000000014   
   1.3187499999999979     0.3437500000000014   
   1.3187499999999979     0.3562500000000014   
   1.3187499999999979     0.3687500000000014   
   1.3187499999999979     0.3812500000000014   
   1.3187499999999979     0.3937500000000014   
   1.3187499999999983     0.4062500000000014   
   1.3187499999999981     0.4187500000000013   
   1.3187499999999981     0.4312500000000014   
   1.3312499999999972     0.0062500000000008   
   1.3312499999999974     0.0187500000000017   
   1.3312499999999974     0.0312500000000017   
   1.3312499999999974     0.0437500000000017   
   1.3312499999999974     0.0562500000000017   
   1.3312499999999974     0.0687500000000016   
   1.3312499999999974     0.0812500000000016   
   1.3312499999999974     0.0937500000000016   
   1.3312499999999976     0.1062500000000016   
   1.3312499999999976     0.1187500000000016   
   1.3312499999999976     0.1312500000000015   
   1.3312499999999976     0.1437500000000015   
   1.3312499999999976     0.1562500000000015   
   1.3312499999999976     0.1687500000000015   
   1.3312499999999976     0.1812500000000015   
   1.3312499999999976     0.1937500000000015   
   1.3312499999999976     0.2062500000000015   
   1.3312499999999976     0.2187500000000015   
   1.3312499999999978     0.2312500000000015   
   1.3312499999999978     0.2437500000000015   
   1.3312499999999976     0.2562500000000014   
   1.3312499999999976     0.2687500000000014   
   1.3312499999999976     0.2812500000000014   
   1.3312499999999976     0.2937500000000014   
   1.3312499999999976     0.3062500000000014   
   1.3312499999999976     0.3187500000000014   
   1.3312499999999976     0.3312500000000014   
   1.3312499999999976     0.3437500000000013   
   1.3312499999999976     0.3562500000000014   
   1.3312499999999978     0.3687500000000014   
   1.3312499999999980     0.3812500000000014   
   1.3312499999999980     0.3937500000000014   
   1.3312499999999980     0.4062500000000014   
   1.3312499999999980     0.4187500000000014   
   1.3312499999999980     0.4312500000000014   
   1.3437499999999973     0.0062500000000008   
   1.3437499999999973     0.0187500000000017   
   1.3437499999999973     0.0312500000000016   
   1.3437499999999973     0.0437500000000016   
   1.3437499999999969     0.0562500000000016   
   1.3437499999999973     0.0687500000000016   
   1.3437499999999973     0.0812500000000016   
   1.3437499999999976     0.0937500000000016   
   1.3437499999999976     0.1062500000000016   
   1.3437499999999973     0.1187500000000015   
   1.3437499999999973     0.1312500000000015   
   1.3437499999999976     0.1437500000000015   
   1.3437499999999976     0.1562500000000015   
   1.3437499999999976     0.1687500000000015   
   1.3437499999999976     0.1812500000000015   
   1.3437499999999976     0.1937500000000014   
   1.3437499999999976     0.2062500000000014   
   1.3437499999999973     0.2187500000000014   
   1.3437499999999976     0.2312500000000015   
   1.3437499999999976     0.2437500000000015   
   1.3437499999999976     0.2562500000000014   
   1.3437499999999976     0.2687500000000014   
   1.3437499999999978     0.2812500000000014   
   1.3437499999999978     0.2937500000000014   
   1.3437499999999976     0.3062500000000014   
   1.3437499999999978     0.3187500000000014   
   1.3437499999999980     0.3312500000000014   
   1.3437499999999978     0.3437500000000013   
   1.3437499999999978     0.3562500000000013   
   1.3437499999999978     0.3687500000000014   
   1.3437499999999978     0.3812500000000014   
   1.3437499999999978     0.3937500000000013   
   1.3437499999999976     0.4062500000000013   
   1.3437499999999976     0.4187500000000014   
   1.3437499999999978     0.4312500000000014   
   1.3562499999999971     0.0062500000000008   
   1.3562499999999968     0.0187500000000016   
   1.3562499999999973     0.0312500000000016   
   1.3562499999999975     0.0437500000000016   
   1.3562499999999973     0.0562500000000016   
   1.3562499999999973     0.0687500000000016   
   1.3562499999999975     0.0812500000000015   
   1.3562499999999975     0.0937500000000015   
   1.3562499999999975     0.1062500000000015   
   1.3562499999999973     0.1187500000000015   
   1.3562499999999971     0.1312500000000015   
   1.3562499999999975     0.1437500000000015   
   1.3562499999999975     0.1562500000000015   
   1.3562499999999975     0.1687500000000015   
   1.3562499999999975     0.1812500000000015   
   1.3562499999999975     0.1937500000000014   
   1.3562499999999975     0.2062500000000015   
   1.3562499999999973     0.2187500000000014   
   1.3562499999999975     0.2312500000000014   
   1.3562499999999977     0.2437500000000014   
   1.3562499999999975     0.2562500000000014   
   1.3562499999999980     0.2687500000000014   
   1.3562499999999977     0.2812500000000014   
   1.3562499999999977     0.2937500000000014   
   1.3562499999999977     0.3062500000000014   
   1.3562499999999980     0.3187500000000013   
   1.3562499999999977     0.3312500000000014   
   1.3562499999999977     0.3437500000000013   
   1.3562499999999980     0.3562500000000013   
   1.3562499999999977     0.3687500000000014   
   1.3562499999999977     0.3812500000000013   
   1.3562499999999980     0.3937500000000013   
   1.3562499999999977     0.4062500000000013   
   1.3562499999999980     0.4187500000000013   
   1.3562499999999980     0.4312500000000013   
   1.3687499999999972     0.0062500000000008   
   1.3687499999999972     0.0187500000000016   
   1.3687499999999972     0.0312500000000016   
   1.3687499999999972     0.0437500000000016   
   1.3687499999999972     0.0562500000000015   
   1.3687499999999972     0.0687500000000015   
   1.3687499999999972     0.0812500000000015   
   1.3687499999999972     0.0937500000000015   
   1.3687499999999972     0.1062500000000015   
   1.3687499999999977     0.1187500000000015   
   1.3687499999999972     0.1312500000000014   
   1.3687499999999972     0.1437500000000014   
   1.3687499999999972     0.1562500000000014   
   1.3687499999999972     0.1687500000000014   
   1.3687499999999975     0.1812500000000014   
   1.3687499999999972     0.1937500000000014   
   1.3687499999999972     0.2062500000000014   
   1.3687499999999972     0.2187500000000014   
   1.3687499999999977     0.2312500000000014   
   1.3687499999999972     0.2437500000000014   
   1.3687499999999972     0.2562500000000014   
   1.3687499999999977     0.2687500000000014   
   1.3687499999999977     0.2812500000000013   
   1.3687499999999977     0.2937500000000014   
   1.3687499999999977     0.3062500000000013   
   1.3687499999999977     0.3187500000000013   
   1.3687499999999972     0.3312500000000014   
   1.3687499999999977     0.3437500000000013   
   1.3687499999999979     0.3562500000000013   
   1.3687499999999972     0.3687500000000014   
   1.3687499999999977     0.3812500000000013   
   1.3687499999999979     0.3937500000000013   
   1.3687499999999979     0.4062500000000013   
   1.3687499999999979     0.4187500000000013   
   1.3687499999999979     0.4312500000000012   
   1.3812499999999972     0.0062500000000008   
   1.3812499999999972     0.0187500000000016   
   1.3812499999999970     0.0312500000000016   
   1.3812499999999970     0.0437500000000015   
   1.3812499999999972     0.0562500000000015   
   1.3812499999999972     0.0687500000000015   
   1.3812499999999972     0.0812500000000015   
   1.3812499999999972     0.0937500000000015   
   1.3812499999999972     0.1062500000000014   
   1.3812499999999972     0.1187500000000014   
   1.3812499999999972     0.1312500000000014   
   1.3812499999999972     0.1437500000000014   
   1.3812499999999972     0.1562500000000014   
   1.3812499999999972     0.1687500000000014   
   1.3812499999999972     0.1812500000000014   
   1.3812499999999972     0.1937500000000014   
   1.3812499999999972     0.2062500000000014   
   1.3812499999999972     0.2187500000000014   
   1.3812499999999976     0.2312500000000014   
   1.3812499999999976     0.2437500000000014   
   1.3812499999999974     0.2562500000000013   
   1.3812499999999972     0.2687500000000014   
   1.3812499999999974     0.2812500000000013   
   1.3812499999999974     0.2937500000000013   
   1.3812499999999974     0.3062500000000012   
   1.3812499999999976     0.3187500000000013   
   1.3812499999999976     0.3312500000000014   
   1.3812499999999974     0.3437500000000013   
   1.3812499999999974     0.3562500000000013   
   1.3812499999999974     0.3687500000000012   
   1.3812499999999976     0.3812500000000013   
   1.3812499999999979     0.3937500000000013   
   1.3812499999999979     0.4062500000000013   
   1.3812499999999979     0.4187500000000012   
   1.3812499999999979     0.4312500000000012   
   1.3937499999999972     0.0062500000000008   
   1.3937499999999972     0.0187500000000015   
   1.3937499999999969     0.0312500000000015   
   1.3937499999999969     0.0437500000000015   
   1.3937499999999972     0.0562500000000015   
   1.3937499999999972     0.0687500000000015   
   1.3937499999999972     0.0812500000000015   
   1.3937499999999972     0.0937500000000014   
   1.3937499999999972     0.1062500000000014   
   1.3937499999999972     0.1187500000000014   
   1.3937499999999972     0.1312500000000014   
   1.3937499999999972     0.1437500000000014   
   1.3937499999999972     0.1562500000000014   
   1.3937499999999972     0.1687500000000014   
   1.3937499999999972     0.1812500000000014   
   1.3937499999999972     0.1937500000000014   
   1.3937499999999972     0.2062500000000014   
   1.3937499999999972     0.2187500000000013   
   1.3937499999999976     0.2312500000000013   
   1.3937499999999976     0.2437500000000013   
   1.3937499999999976     0.2562500000000013   
   1.3937499999999976     0.2687500000000013   
   1.3937499999999976     0.2812500000000013   
   1.3937499999999974     0.2937500000000013   
   1.3937499999999974     0.3062500000000013   
   1.3937499999999976     0.3187500000000013   
   1.3937499999999976     0.3312500000000013   
   1.3937499999999976     0.3437500000000013   
   1.3937499999999976     0.3562500000000012   
   1.3937499999999976     0.3687500000000012   
   1.3937499999999976     0.3812500000000013   
   1.3937499999999976     0.3937500000000013   
   1.3937499999999976     0.4062500000000012   
   1.3937499999999976     0.4187500000000012   
   1.3937499999999976     0.4312500000000012   
   1.4062499999999969     0.0062500000000008   
   1.4062499999999969     0.0187500000000015   
   1.4062499999999971     0.0312500000000015   
   1.4062499999999973     0.0437500000000015   
   1.4062499999999973     0.0562500000000015   
   1.4062499999999973     0.0687500000000014   
   1.4062499999999973     0.0812500000000014   
   1.4062499999999973     0.0937500000000014   
   1.4062499999999973     0.1062500000000014   
   1.4062499999999973     0.1187500000000014   
   1.4062499999999973     0.1312500000000014   
   1.4062499999999973     0.1437500000000014   
   1.4062499999999973     0.1562500000000013   
   1.4062499999999973     0.1687500000000014   
   1.4062499999999973     0.1812500000000013   
   1.4062499999999973     0.1937500000000013   
   1.4062499999999973     0.2062500000000013   
   1.4062499999999973     0.2187500000000013   
   1.4062499999999976     0.2312500000000013   
   1.4062499999999976     0.2437500000000013   
   1.4062499999999976     0.2562500000000013   
   1.4062499999999976     0.2687500000000013   
   1.4062499999999976     0.2812500000000013   
   1.4062499999999976     0.2937500000000013   
   1.4062499999999973     0.3062500000000012   
   1.4062499999999973     0.3187500000000013   
   1.4062499999999973     0.3312500000000013   
   1.4062499999999976     0.3437500000000013   
   1.4062499999999976     0.3562500000000012   
   1.4062499999999976     0.3687500000000012   
   1.4062499999999976     0.3812500000000013   
   1.4062499999999978     0.3937500000000013   
   1.4062499999999980     0.4062500000000012   
   1.4062499999999978     0.4187500000000012   
   1.4062499999999978     0.4312500000000012   
   1.4187499999999968     0.0062500000000007   
   1.4187499999999968     0.0187500000000015   
   1.4187499999999971     0.0312500000000015   
   1.4187499999999971     0.0437500000000014   
   1.4187499999999971     0.0562500000000014   
   1.4187499999999971     0.0687500000000014   
   1.4187499999999973     0.0812500000000014   
   1.4187499999999973     0.0937500000000014   
   1.4187499999999971     0.1062500000000014   
   1.4187499999999975     0.1187500000000013   
   1.4187499999999975     0.1312500000000013   
   1.4187499999999973     0.1437500000000013   
   1.4187499999999975     0.1562500000000013   
   1.4187499999999975     0.1687500000000013   
   1.4187499999999975     0.1812500000000013   
   1.4187499999999975     0.1937500000000013   
   1.4187499999999975     0.2062500000000013   
   1.4187499999999975     0.2187500000000013   
   1.4187499999999975     0.2312500000000013   
   1.4187499999999975     0.2437500000000012   
   1.4187499999999975     0.2562500000000013   
   1.4187499999999975     0.2687500000000013   
   1.4187499999999975     0.2812500000000012   
   1.4187499999999975     0.2937500000000012   
   1.4187499999999975     0.3062500000000012   
   1.4187499999999975     0.3187500000000012   
   1.4187499999999975     0.3312500000000012   
   1.4187499999999975     0.3437500000000012   
   1.4187499999999975     0.3562500000000012   
   1.4187499999999975     0.3687500000000012   
   1.4187499999999980     0.3812500000000013   
   1.4187499999999980     0.3937500000000013   
   1.4187499999999980     0.4062500000000012   
   1.4187499999999977     0.4187500000000012   
   1.4187499999999975     0.4312500000000012   
   1.4312499999999968     0.0062500000000007   
   1.4312499999999968     0.0187500000000014   
   1.4312499999999968     0.0312500000000014   
   1.4312499999999970     0.0437500000000014   
   1.4312499999999972     0.0562500000000014   
   1.4312499999999972     0.0687500000000014   
   1.4312499999999972     0.0812500000000014   
   1.4312499999999972     0.0937500000000014   
   1.4312499999999970     0.1062500000000013   
   1.4312499999999970     0.1187500000000013   
   1.4312499999999970     0.1312500000000013   
   1.4312499999999972     0.1437500000000013   
   1.4312499999999972     0.1562500000000013   
   1.4312499999999972     0.1687500000000013   
   1.4312499999999972     0.1812500000000012   
   1.4312499999999972     0.1937500000000013   
   1.4312499999999972     0.2062500000000013   
   1.4312499999999972     0.2187500000000013   
   1.4312499999999977     0.2312500000000013   
   1.4312499999999972     0.2437500000000012   
   1.4312499999999972     0.2562500000000012   
   1.4312499999999972     0.2687500000000013   
   1.4312499999999972     0.2812500000000012   
   1.4312499999999972     0.2937500000000012   
   1.4312499999999972     0.3062500000000012   
   1.4312499999999975     0.3187500000000012   
   1.4312499999999972     0.3312500000000012   
   1.4312499999999972     0.3437500000000012   
   1.4312499999999972     0.3562500000000012   
   1.4312499999999977     0.3687500000000012   
   1.4312499999999979     0.3812500000000012   
   1.4312499999999979     0.3937500000000012   
   1.4312499999999972     0.4062500000000012   
   1.4312499999999972     0.4187500000000012   
   1.4312499999999975     0.4312500000000012   
   1.4437499999999970     0.0062500000000007   
   1.4437499999999970     0.0187500000000014   
   1.4437499999999970     0.0312500000000014   
   1.4437499999999970     0.0437500000000014   
   1.4437499999999970     0.0562500000000014   
   1.4437499999999972     0.0687500000000014   
   1.4437499999999972     0.0812500000000013   
   1.4437499999999970     0.0937500000000013   
   1.4437499999999970     0.1062500000000013   
   1.4437499999999970     0.1187500000000013   
   1.4437499999999972     0.1312500000000013   
   1.4437499999999970     0.1437500000000013   
   1.4437499999999970     0.1562500000000013   
   1.4437499999999972     0.1687500000000013   
   1.4437499999999972     0.1812500000000012   
   1.4437499999999972     0.1937500000000012   
   1.4437499999999972     0.2062500000000013   
   1.4437499999999972     0.2187500000000012   
   1.4437499999999974     0.2312500000000012   
   1.4437499999999972     0.2437500000000012   
   1.4437499999999972     0.2562500000000012   
   1.4437499999999972     0.2687500000000012   
   1.4437499999999972     0.2812500000000012   
   1.4437499999999972     0.2937500000000012   
   1.4437499999999972     0.3062500000000012   
   1.4437499999999972     0.3187500000000013   
   1.4437499999999972     0.3312500000000012   
   1.4437499999999972     0.3437500000000011   
   1.4437499999999974     0.3562500000000012   
   1.4437499999999974     0.3687500000000012   
   1.4437499999999979     0.3812500000000011   
   1.4437499999999979     0.3937500000000012   
   1.4437499999999974     0.4062500000000011   
   1.4437499999999974     0.4187500000000012   
   1.4437499999999976     0.4312500000000012   
   1.4562499999999967     0.0062500000000007   
   1.4562499999999972     0.0187500000000014   
   1.4562499999999972     0.0312500000000014   
   1.4562499999999969     0.0437500000000014   
   1.4562499999999969     0.0562500000000013   
   1.4562499999999972     0.0687500000000013   
   1.4562499999999972     0.0812500000000013   
   1.4562499999999969     0.0937500000000013   
   1.4562499999999969     0.1062500000000013   
   1.4562499999999972     0.1187500000000013   
   1.4562499999999972     0.1312500000000013   
   1.4562499999999969     0.1437500000000012   
   1.4562499999999969     0.1562500000000012   
   1.4562499999999972     0.1687500000000013   
   1.4562499999999972     0.1812500000000012   
   1.4562499999999972     0.1937500000000013   
   1.4562499999999972     0.2062500000000012   
   1.4562499999999974     0.2187500000000012   
   1.4562499999999976     0.2312500000000012   
   1.4562499999999974     0.2437500000000012   
   1.4562499999999972     0.2562500000000012   
   1.4562499999999972     0.2687500000000012   
   1.4562499999999972     0.2812500000000012   
   1.4562499999999974     0.2937500000000012   
   1.4562499999999974     0.3062500000000012   
   1.4562499999999972     0.3187500000000012   
   1.4562499999999972     0.3312500000000012   
   1.4562499999999976     0.3437500000000011   
   1.4562499999999974     0.3562500000000012   
   1.4562499999999974     0.3687500000000011   
   1.4562499999999976     0.3812500000000011   
   1.4562499999999976     0.3937500000000011   
   1.4562499999999976     0.4062500000000011   
   1.4562499999999976     0.4187500000000012   
   1.4562499999999976     0.4312500000000011   
   1.4687499999999969     0.0062500000000007   
   1.4687499999999969     0.0187500000000013   
   1.4687499999999969     0.0312500000000013   
   1.4687499999999969     0.0437500000000013   
   1.4687499999999969     0.0562500000000013   
   1.4687499999999969     0.0687500000000013   
   1.4687499999999969     0.0812500000000013   
   1.4687499999999969     0.0937500000000013   
   1.4687499999999969     0.1062500000000013   
   1.4687499999999969     0.1187500000000012   
   1.4687499999999969     0.1312500000000012   
   1.4687499999999969     0.1437500000000012   
   1.4687499999999969     0.1562500000000012   
   1.4687499999999969     0.1687500000000012   
   1.4687499999999969     0.1812500000000012   
   1.4687499999999971     0.1937500000000012   
   1.4687499999999973     0.2062500000000012   
   1.4687499999999973     0.2187500000000012   
   1.4687499999999973     0.2312500000000012   
   1.4687499999999969     0.2437500000000012   
   1.4687499999999973     0.2562500000000011   
   1.4687499999999969     0.2687500000000012   
   1.4687499999999971     0.2812500000000012   
   1.4687499999999973     0.2937500000000012   
   1.4687499999999973     0.3062500000000012   
   1.4687499999999973     0.3187500000000012   
   1.4687499999999973     0.3312500000000012   
   1.4687499999999973     0.3437500000000011   
   1.4687499999999973     0.3562500000000011   
   1.4687499999999973     0.3687500000000011   
   1.4687499999999976     0.3812500000000011   
   1.4687499999999976     0.3937500000000010   
   1.4687499999999973     0.4062500000000011   
   1.4687499999999973     0.4187500000000011   
   1.4687499999999973     0.4312500000000010   
   1.4812499999999968     0.0062500000000007   
   1.4812499999999966     0.0187500000000013   
   1.4812499999999966     0.0312500000000013   
   1.4812499999999968     0.0437500000000013   
   1.4812499999999968     0.0562500000000013   
   1.4812499999999968     0.0687500000000012   
   1.4812499999999968     0.0812500000000012   
   1.4812499999999968     0.0937500000000012   
   1.4812499999999968     0.1062500000000012   
   1.4812499999999968     0.1187500000000012   
   1.4812499999999968     0.1312500000000012   
   1.4812499999999968     0.1437500000000012   
   1.4812499999999968     0.1562500000000012   
   1.4812499999999968     0.1687500000000011   
   1.4812499999999968     0.1812500000000012   
   1.4812499999999968     0.1937500000000012   
   1.4812499999999971     0.2062500000000012   
   1.4812499999999968     0.2187500000000012   
   1.4812499999999968     0.2312500000000012   
   1.4812499999999968     0.2437500000000011   
   1.4812499999999968     0.2562500000000011   
   1.4812499999999968     0.2687500000000012   
   1.4812499999999968     0.2812500000000011   
   1.4812499999999968     0.2937500000000011   
   1.4812499999999971     0.3062500000000011   
   1.4812499999999971     0.3187500000000011   
   1.4812499999999968     0.3312500000000012   
   1.4812499999999968     0.3437500000000011   
   1.4812499999999975     0.3562500000000012   
   1.4812499999999975     0.3687500000000011   
   1.4812499999999975     0.3812500000000011   
   1.4812499999999973     0.3937500000000012   
   1.4812499999999973     0.4062500000000011   
   1.4812499999999973     0.4187500000000011   
   1.4812499999999973     0.4312500000000010   
   1.4937499999999968     0.0062500000000006   
   1.4937499999999966     0.0187500000000013   
   1.4937499999999966     0.0312500000000013   
   1.4937499999999968     0.0437500000000013   
   1.4937499999999968     0.0562500000000012   
   1.4937499999999968     0.0687500000000012   
   1.4937499999999968     0.0812500000000012   
   1.4937499999999968     0.0937500000000012   
   1.4937499999999970     0.1062500000000012   
   1.4937499999999968     0.1187500000000012   
   1.4937499999999968     0.1312500000000012   
   1.4937499999999968     0.1437500000000012   
   1.4937499999999968     0.1562500000000012   
   1.4937499999999968     0.1687500000000011   
   1.4937499999999972     0.1812500000000011   
   1.4937499999999970     0.1937500000000011   
   1.4937499999999972     0.2062500000000011   
   1.4937499999999970     0.2187500000000011   
   1.4937499999999968     0.2312500000000011   
   1.4937499999999972     0.2437500000000011   
   1.4937499999999970     0.2562500000000011   
   1.4937499999999972     0.2687500000000012   
   1.4937499999999970     0.2812500000000011   
   1.4937499999999972     0.2937500000000011   
   1.4937499999999972     0.3062500000000011   
   1.4937499999999972     0.3187500000000011   
   1.4937499999999972     0.3312500000000012   
   1.4937499999999972     0.3437500000000011   
   1.4937499999999972     0.3562500000000011   
   1.4937499999999970     0.3687500000000011   
   1.4937499999999972     0.3812500000000011   
   1.4937499999999972     0.3937500000000010   
   1.4937499999999975     0.4062500000000011   
   1.4937499999999972     0.4187500000000011   
   1.4937499999999972     0.4312500000000010   
   1.5062499999999965     0.0062500000000006   
   1.5062499999999965     0.0187500000000012   
   1.5062499999999965     0.0312500000000012   
   1.5062499999999970     0.0437500000000012   
   1.5062499999999965     0.0562500000000012   
   1.5062499999999968     0.0687500000000012   
   1.5062499999999965     0.0812500000000012   
   1.5062499999999970     0.0937500000000012   
   1.5062499999999970     0.1062500000000011   
   1.5062499999999970     0.1187500000000011   
   1.5062499999999970     0.1312500000000011   
   1.5062499999999965     0.1437500000000011   
   1.5062499999999965     0.1562500000000011   
   1.5062499999999970     0.1687500000000011   
   1.5062499999999972     0.1812500000000011   
   1.5062499999999970     0.1937500000000011   
   1.5062499999999972     0.2062500000000011   
   1.5062499999999972     0.2187500000000011   
   1.5062499999999970     0.2312500000000011   
   1.5062499999999972     0.2437500000000011   
   1.5062499999999972     0.2562500000000011   
   1.5062499999999970     0.2687500000000011   
   1.5062499999999972     0.2812500000000011   
   1.5062499999999972     0.2937500000000011   
   1.5062499999999972     0.3062500000000011   
   1.5062499999999972     0.3187500000000011   
   1.5062499999999972     0.3312500000000011   
   1.5062499999999972     0.3437500000000011   
   1.5062499999999972     0.3562500000000011   
   1.5062499999999972     0.3687500000000011   
   1.5062499999999972     0.3812500000000011   
   1.5062499999999972     0.3937500000000010   
   1.5062499999999972     0.4062500000000011   
   1.5062499999999972     0.4187500000000011   
   1.5062499999999972     0.4312500000000011   
   1.5187499999999965     0.0062500000000006   
   1.5187499999999965     0.0187500000000012   
   1.5187499999999965     0.0312500000000012   
   1.5187499999999965     0.0437500000000012   
   1.5187499999999965     0.0562500000000012   
   1.5187499999999967     0.0687500000000012   
   1.5187499999999967     0.0812500000000012   
   1.5187499999999967     0.0937500000000012   
   1.5187499999999969     0.1062500000000011   
   1.5187499999999969     0.1187500000000011   
   1.5187499999999967     0.1312500000000011   
   1.5187499999999967     0.1437500000000011   
   1.5187499999999969     0.1562500000000011   
   1.5187499999999969     0.1687500000000011   
   1.5187499999999972     0.1812500000000011   
   1.5187499999999967     0.1937500000000011   
   1.5187499999999972     0.2062500000000011   
   1.5187499999999972     0.2187500000000011   
   1.5187499999999969     0.2312500000000011   
   1.5187499999999972     0.2437500000000011   
   1.5187499999999972     0.2562500000000011   
   1.5187499999999969     0.2687500000000010   
   1.5187499999999972     0.2812500000000010   
   1.5187499999999972     0.2937500000000010   
   1.5187499999999972     0.3062500000000010   
   1.5187499999999972     0.3187500000000011   
   1.5187499999999972     0.3312500000000010   
   1.5187499999999972     0.3437500000000011   
   1.5187499999999972     0.3562500000000010   
   1.5187499999999972     0.3687500000000010   
   1.5187499999999972     0.3812500000000011   
   1.5187499999999972     0.3937500000000010   
   1.5187499999999972     0.4062500000000011   
   1.5187499999999972     0.4187500000000011   
   1.5187499999999972     0.4312500000000010   
   1.5312499999999964     0.0062500000000006   
   1.5312499999999964     0.0187500000000012   
   1.5312499999999964     0.0312500000000012   
   1.5312499999999964     0.0437500000000012   
   1.5312499999999967     0.0562500000000012   
   1.5312499999999969     0.0687500000000011   
   1.5312499999999969     0.0812500000000011   
   1.5312499999999969     0.0937500000000011   
   1.5312499999999969     0.1062500000000011   
   1.5312499999999969     0.1187500000000011   
   1.5312499999999969     0.1312500000000011   
   1.5312499999999969     0.1437500000000011   
   1.5312499999999969     0.1562500000000011   
   1.5312499999999967     0.1687500000000010   
   1.5312499999999967     0.1812500000000010   
   1.5312499999999969     0.1937500000000011   
   1.5312499999999969     0.2062500000000011   
   1.5312499999999969     0.2187500000000011   
   1.5312499999999969     0.2312500000000011   
   1.5312499999999969     0.2437500000000010   
   1.5312499999999969     0.2562500000000010   
   1.5312499999999969     0.2687500000000010   
   1.5312499999999969     0.2812500000000010   
   1.5312499999999969     0.2937500000000010   
   1.5312499999999969     0.3062500000000010   
   1.5312499999999971     0.3187500000000011   
   1.5312499999999969     0.3312500000000010   
   1.5312499999999969     0.3437500000000011   
   1.5312499999999969     0.3562500000000010   
   1.5312499999999969     0.3687500000000010   
   1.5312499999999973     0.3812500000000011   
   1.5312499999999973     0.3937500000000010   
   1.5312499999999969     0.4062500000000010   
   1.5312499999999969     0.4187500000000010   
   1.5312499999999973     0.4312500000000010   
   1.5437499999999966     0.0062500000000006   
   1.5437499999999966     0.0187500000000012   
   1.5437499999999962     0.0312500000000011   
   1.5437499999999964     0.0437500000000011   
   1.5437499999999966     0.0562500000000011   
   1.5437499999999968     0.0687500000000011   
   1.5437499999999968     0.0812500000000011   
   1.5437499999999968     0.0937500000000011   
   1.5437499999999968     0.1062500000000011   
   1.5437499999999966     0.1187500000000010   
   1.5437499999999966     0.1312500000000010   
   1.5437499999999966     0.1437500000000010   
   1.5437499999999968     0.1562500000000011   
   1.5437499999999966     0.1687500000000011   
   1.5437499999999966     0.1812500000000010   
   1.5437499999999968     0.1937500000000010   
   1.5437499999999968     0.2062500000000010   
   1.5437499999999968     0.2187500000000011   
   1.5437499999999968     0.2312500000000011   
   1.5437499999999968     0.2437500000000010   
   1.5437499999999968     0.2562500000000010   
   1.5437499999999968     0.2687500000000010   
   1.5437499999999971     0.2812500000000010   
   1.5437499999999971     0.2937500000000010   
   1.5437499999999971     0.3062500000000010   
   1.5437499999999968     0.3187500000000010   
   1.5437499999999968     0.3312500000000009   
   1.5437499999999968     0.3437500000000010   
   1.5437499999999971     0.3562500000000011   
   1.5437499999999973     0.3687500000000010   
   1.5437499999999973     0.3812500000000010   
   1.5437499999999971     0.3937500000000010   
   1.5437499999999971     0.4062500000000010   
   1.5437499999999971     0.4187500000000010   
   1.5437499999999973     0.4312500000000010   
   1.5562499999999964     0.0437500000000011   
   1.5562499999999968     0.0562500000000011   
   1.5562499999999968     0.0687500000000011   
   1.5562499999999968     0.0812500000000011   
   1.5562499999999968     0.0937500000000011   
   1.5562499999999968     0.1062500000000011   
   1.5562499999999966     0.1187500000000010   
   1.5562499999999964     0.1312500000000010   
   1.5562499999999964     0.1437500000000010   
   1.5562499999999968     0.1562500000000010   
   1.5562499999999968     0.1687500000000010   
   1.5562499999999968     0.1812500000000010   
   1.5562499999999968     0.1937500000000010   
   1.5562499999999968     0.2062500000000010   
   1.5562499999999968     0.2187500000000010   
   1.5562499999999972     0.2312500000000010   
   1.5562499999999970     0.2437500000000010   
   1.5562499999999968     0.2562500000000010   
   1.5562499999999972     0.2687500000000010   
   1.5562499999999972     0.2812500000000010   
   1.5562499999999972     0.2937500000000010   
   1.5562499999999972     0.3062500000000010   
   1.5562499999999972     0.3187500000000010   
   1.5562499999999968     0.3312500000000009   
   1.5562499999999970     0.3437500000000009   
   1.5562499999999970     0.3562500000000010   
   1.5562499999999972     0.3687500000000010   
   1.5562499999999970     0.3812500000000010   
   1.5562499999999970     0.3937500000000009   
   1.5562499999999970     0.4062500000000009   
   1.5562499999999970     0.4187500000000010   
   1.5562499999999970     0.4312500000000010   
