   0.0062500000000018     1.4437500000000001   
   0.0062500000000018     1.4562500000000000   
   0.0062500000000019     1.4687500000000000   
   0.0062500000000019     1.4812499999999997   
   0.0062500000000019     1.4937499999999999   
   0.0062500000000019     1.5062499999999996   
   0.0062500000000019     1.5187499999999998   
   0.0062500000000019     1.5312499999999996   
   0.0062500000000020     1.5437499999999997   
   0.0062500000000020     1.5562499999999999   
   0.0062500000000020     1.5687499999999999   
   0.0062500000000020     1.5812499999999998   
   0.0062500000000020     1.5937500000000000   
   0.0062500000000020     1.6062499999999997   
   0.0062500000000020     1.6187499999999999   
   0.0062500000000021     1.6312499999999996   
   0.0062500000000021     1.6437499999999998   
   0.0062500000000021     1.6562499999999998   
   0.0062500000000021     1.6687499999999997   
   0.0062500000000021     1.6812499999999999   
   0.0062500000000021     1.6937500000000001   
   0.0062500000000022     1.7062499999999998   
   0.0062500000000022     1.7187499999999998   
   0.0062500000000022     1.7312499999999997   
   0.0062500000000022     1.7437499999999999   
   0.0062500000000022     1.7562499999999996   
   0.0062500000000022     1.7687499999999998   
   0.0062500000000023     1.7812499999999998   
   0.0062500000000023     1.7937500000000000   
   0.0062500000000023     1.8062499999999999   
   0.0062500000000023     1.8187500000000001   
   0.0062500000000023     1.8312500000000000   
   0.0062500000000023     1.8437500000000000   
   0.0062500000000023     1.8562500000000002   
   0.0062500000000024     1.8687499999999999   
   0.0062500000000024     1.8812500000000001   
   0.0062500000000024     1.8937500000000000   
   0.0062500000000024     1.9062500000000000   
   0.0062500000000024     1.9187500000000000   
   0.0062500000000024     1.9312499999999999   
   0.0062500000000025     1.9437500000000001   
   0.0062500000000025     1.9562500000000000   
   0.0062500000000025     1.9687500000000000   
   0.0062500000000025     1.9812500000000002   
   0.0062500000000025     1.9937499999999999   
   0.0187500000000036     1.4437499999999999   
   0.0187500000000037     1.4562499999999998   
   0.0187500000000037     1.4687500000000000   
   0.0187500000000037     1.4812499999999997   
   0.0187500000000038     1.4937499999999999   
   0.0187500000000038     1.5062499999999996   
   0.0187500000000038     1.5187499999999996   
   0.0187500000000039     1.5312499999999996   
   0.0187500000000039     1.5437499999999997   
   0.0187500000000039     1.5562499999999999   
   0.0187500000000040     1.5687500000000001   
   0.0187500000000040     1.5812500000000000   
   0.0187500000000040     1.5937500000000000   
   0.0187500000000040     1.6062500000000000   
   0.0187500000000041     1.6187499999999999   
   0.0187500000000041     1.6312499999999996   
   0.0187500000000041     1.6437499999999998   
   0.0187500000000042     1.6562500000000000   
   0.0187500000000042     1.6687499999999997   
   0.0187500000000042     1.6812500000000001   
   0.0187500000000043     1.6937500000000001   
   0.0187500000000043     1.7062499999999998   
   0.0187500000000043     1.7187499999999996   
   0.0187500000000044     1.7312499999999997   
   0.0187500000000044     1.7437499999999999   
   0.0187500000000044     1.7562499999999996   
   0.0187500000000045     1.7687499999999998   
   0.0187500000000045     1.7812499999999996   
   0.0187500000000045     1.7937500000000000   
   0.0187500000000046     1.8062500000000001   
   0.0187500000000046     1.8187500000000001   
   0.0187500000000046     1.8312499999999998   
   0.0187500000000046     1.8437500000000000   
   0.0187500000000047     1.8562500000000002   
   0.0187500000000047     1.8687499999999999   
   0.0187500000000047     1.8812500000000001   
   0.0187500000000048     1.8937500000000000   
   0.0187500000000048     1.9062500000000000   
   0.0187500000000048     1.9187500000000000   
   0.0187500000000049     1.9312499999999999   
   0.0187500000000049     1.9437500000000001   
   0.0187500000000049     1.9562500000000000   
   0.0187500000000050     1.9687500000000000   
   0.0187500000000050     1.9812500000000002   
   0.0187500000000050     1.9937500000000004   
   0.0312500000000036     1.4437499999999996   
   0.0312500000000036     1.4562499999999998   
   0.0312500000000037     1.4687500000000000   
   0.0312500000000037     1.4812500000000000   
   0.0312500000000037     1.4937499999999999   
   0.0312500000000038     1.5062499999999996   
   0.0312500000000038     1.5187499999999994   
   0.0312500000000038     1.5312499999999996   
   0.0312500000000039     1.5437499999999997   
   0.0312500000000039     1.5562499999999999   
   0.0312500000000039     1.5687499999999996   
   0.0312500000000039     1.5812499999999998   
   0.0312500000000040     1.5937500000000000   
   0.0312500000000040     1.6062499999999997   
   0.0312500000000040     1.6187499999999997   
   0.0312500000000041     1.6312499999999996   
   0.0312500000000041     1.6437499999999998   
   0.0312500000000041     1.6562499999999998   
   0.0312500000000042     1.6687499999999997   
   0.0312500000000042     1.6812499999999999   
   0.0312500000000042     1.6937500000000001   
   0.0312500000000043     1.7062499999999998   
   0.0312500000000043     1.7187500000000000   
   0.0312500000000043     1.7312499999999997   
   0.0312500000000044     1.7437499999999999   
   0.0312500000000044     1.7562499999999996   
   0.0312500000000044     1.7687499999999998   
   0.0312500000000044     1.7812499999999998   
   0.0312500000000045     1.7937499999999997   
   0.0312500000000045     1.8062499999999999   
   0.0312500000000045     1.8187500000000001   
   0.0312500000000046     1.8312499999999998   
   0.0312500000000046     1.8437499999999998   
   0.0312500000000046     1.8562500000000000   
   0.0312500000000047     1.8687499999999999   
   0.0312500000000047     1.8812499999999996   
   0.0312500000000047     1.8937499999999998   
   0.0312500000000048     1.9062500000000000   
   0.0312500000000048     1.9187500000000002   
   0.0312500000000048     1.9312499999999999   
   0.0312500000000049     1.9437500000000001   
   0.0312500000000049     1.9562500000000000   
   0.0312500000000049     1.9687500000000000   
   0.0312500000000049     1.9812500000000000   
   0.0312500000000050     1.9937500000000001   
   0.0437500000000036     1.4437499999999996   
   0.0437500000000036     1.4562499999999998   
   0.0437500000000036     1.4687500000000000   
   0.0437500000000037     1.4812499999999997   
   0.0437500000000037     1.4937499999999999   
   0.0437500000000037     1.5062499999999996   
   0.0437500000000038     1.5187499999999996   
   0.0437500000000038     1.5312499999999996   
   0.0437500000000038     1.5437499999999997   
   0.0437500000000039     1.5562499999999997   
   0.0437500000000039     1.5687499999999996   
   0.0437500000000039     1.5812499999999998   
   0.0437500000000040     1.5937499999999998   
   0.0437500000000040     1.6062499999999997   
   0.0437500000000040     1.6187499999999999   
   0.0437500000000040     1.6312499999999996   
   0.0437500000000041     1.6437499999999998   
   0.0437500000000041     1.6562499999999998   
   0.0437500000000041     1.6687499999999997   
   0.0437500000000042     1.6812499999999999   
   0.0437500000000042     1.6937500000000001   
   0.0437500000000042     1.7062499999999998   
   0.0437500000000043     1.7187499999999998   
   0.0437500000000043     1.7312499999999997   
   0.0437500000000043     1.7437499999999999   
   0.0437500000000043     1.7562499999999996   
   0.0437500000000044     1.7687499999999996   
   0.0437500000000044     1.7812499999999998   
   0.0437500000000045     1.7937499999999997   
   0.0437500000000045     1.8062499999999999   
   0.0437500000000045     1.8187499999999996   
   0.0437500000000045     1.8312499999999998   
   0.0437500000000046     1.8437499999999996   
   0.0437500000000046     1.8562499999999997   
   0.0437500000000046     1.8687499999999999   
   0.0437500000000047     1.8812499999999999   
   0.0437500000000047     1.8937500000000000   
   0.0437500000000047     1.9062500000000000   
   0.0437500000000048     1.9187500000000000   
   0.0437500000000048     1.9312499999999999   
   0.0437500000000048     1.9437499999999996   
   0.0437500000000048     1.9562499999999996   
   0.0437500000000049     1.9687500000000000   
   0.0437500000000049     1.9812499999999997   
   0.0437500000000049     1.9937499999999999   
   0.0562500000000035     1.4437499999999996   
   0.0562500000000036     1.4562499999999998   
   0.0562500000000036     1.4687499999999998   
   0.0562500000000036     1.4812499999999997   
   0.0562500000000037     1.4937499999999999   
   0.0562500000000037     1.5062499999999996   
   0.0562500000000037     1.5187499999999994   
   0.0562500000000038     1.5312499999999996   
   0.0562500000000038     1.5437499999999997   
   0.0562500000000038     1.5562499999999999   
   0.0562500000000039     1.5687499999999996   
   0.0562500000000039     1.5812499999999998   
   0.0562500000000039     1.5937499999999998   
   0.0562500000000039     1.6062499999999997   
   0.0562500000000040     1.6187499999999999   
   0.0562500000000040     1.6312499999999996   
   0.0562500000000040     1.6437499999999998   
   0.0562500000000041     1.6562499999999998   
   0.0562500000000041     1.6687499999999997   
   0.0562500000000041     1.6812499999999999   
   0.0562500000000042     1.6937500000000001   
   0.0562500000000042     1.7062499999999998   
   0.0562500000000042     1.7187499999999996   
   0.0562500000000043     1.7312499999999997   
   0.0562500000000043     1.7437499999999997   
   0.0562500000000043     1.7562499999999996   
   0.0562500000000043     1.7687499999999996   
   0.0562500000000044     1.7812499999999996   
   0.0562500000000044     1.7937499999999997   
   0.0562500000000044     1.8062499999999999   
   0.0562500000000045     1.8187499999999996   
   0.0562500000000045     1.8312500000000000   
   0.0562500000000045     1.8437499999999998   
   0.0562500000000046     1.8562500000000000   
   0.0562500000000046     1.8687500000000001   
   0.0562500000000046     1.8812499999999996   
   0.0562500000000046     1.8937499999999996   
   0.0562500000000047     1.9062499999999998   
   0.0562500000000047     1.9187499999999997   
   0.0562500000000047     1.9312499999999999   
   0.0562500000000048     1.9437499999999999   
   0.0562500000000048     1.9562499999999998   
   0.0562500000000048     1.9687500000000000   
   0.0562500000000049     1.9812500000000002   
   0.0562500000000049     1.9937500000000004   
   0.0687500000000035     1.4437499999999996   
   0.0687500000000035     1.4562499999999998   
   0.0687500000000036     1.4687499999999996   
   0.0687500000000036     1.4812499999999997   
   0.0687500000000036     1.4937499999999999   
   0.0687500000000037     1.5062499999999996   
   0.0687500000000037     1.5187499999999994   
   0.0687500000000037     1.5312499999999996   
   0.0687500000000038     1.5437499999999997   
   0.0687500000000038     1.5562499999999997   
   0.0687500000000038     1.5687499999999996   
   0.0687500000000038     1.5812499999999998   
   0.0687500000000039     1.5937500000000000   
   0.0687500000000039     1.6062499999999997   
   0.0687500000000039     1.6187499999999997   
   0.0687500000000040     1.6312499999999996   
   0.0687500000000040     1.6437499999999998   
   0.0687500000000040     1.6562499999999998   
   0.0687500000000041     1.6687499999999997   
   0.0687500000000041     1.6812499999999999   
   0.0687500000000041     1.6937500000000001   
   0.0687500000000042     1.7062499999999998   
   0.0687500000000042     1.7187500000000000   
   0.0687500000000042     1.7312499999999997   
   0.0687500000000042     1.7437499999999997   
   0.0687500000000043     1.7562499999999996   
   0.0687500000000043     1.7687499999999998   
   0.0687500000000043     1.7812499999999996   
   0.0687500000000044     1.7937499999999997   
   0.0687500000000044     1.8062499999999999   
   0.0687500000000044     1.8187499999999999   
   0.0687500000000045     1.8312500000000000   
   0.0687500000000045     1.8437500000000000   
   0.0687500000000045     1.8562499999999997   
   0.0687500000000045     1.8687499999999999   
   0.0687500000000046     1.8812499999999996   
   0.0687500000000046     1.8937499999999996   
   0.0687500000000046     1.9062499999999996   
   0.0687500000000047     1.9187499999999997   
   0.0687500000000047     1.9312499999999999   
   0.0687500000000047     1.9437500000000001   
   0.0687500000000048     1.9562499999999998   
   0.0687500000000048     1.9687500000000000   
   0.0687500000000048     1.9812500000000000   
   0.0687500000000048     1.9937500000000001   
   0.0812500000000035     1.4437499999999996   
   0.0812500000000035     1.4562499999999998   
   0.0812500000000035     1.4687499999999996   
   0.0812500000000036     1.4812499999999997   
   0.0812500000000036     1.4937499999999999   
   0.0812500000000036     1.5062499999999994   
   0.0812500000000037     1.5187499999999996   
   0.0812500000000037     1.5312499999999996   
   0.0812500000000037     1.5437499999999997   
   0.0812500000000037     1.5562499999999999   
   0.0812500000000038     1.5687499999999996   
   0.0812500000000038     1.5812499999999998   
   0.0812500000000038     1.5937500000000000   
   0.0812500000000039     1.6062499999999997   
   0.0812500000000039     1.6187499999999999   
   0.0812500000000039     1.6312499999999996   
   0.0812500000000039     1.6437499999999998   
   0.0812500000000040     1.6562499999999998   
   0.0812500000000040     1.6687499999999997   
   0.0812500000000040     1.6812499999999999   
   0.0812500000000041     1.6937500000000001   
   0.0812500000000041     1.7062499999999998   
   0.0812500000000041     1.7187499999999998   
   0.0812500000000042     1.7312499999999997   
   0.0812500000000042     1.7437499999999999   
   0.0812500000000042     1.7562499999999996   
   0.0812500000000043     1.7687499999999998   
   0.0812500000000043     1.7812499999999998   
   0.0812500000000043     1.7937499999999997   
   0.0812500000000043     1.8062499999999999   
   0.0812500000000044     1.8187500000000001   
   0.0812500000000044     1.8312499999999998   
   0.0812500000000044     1.8437500000000000   
   0.0812500000000045     1.8562500000000000   
   0.0812500000000045     1.8687499999999997   
   0.0812500000000045     1.8812499999999996   
   0.0812500000000046     1.8937499999999996   
   0.0812500000000046     1.9062499999999996   
   0.0812500000000046     1.9187499999999997   
   0.0812500000000047     1.9312499999999999   
   0.0812500000000047     1.9437499999999996   
   0.0812500000000047     1.9562499999999998   
   0.0812500000000047     1.9687500000000000   
   0.0812500000000048     1.9812500000000000   
   0.0812500000000048     1.9937499999999999   
   0.0937500000000034     1.4437499999999999   
   0.0937500000000035     1.4562499999999998   
   0.0937500000000035     1.4687499999999998   
   0.0937500000000035     1.4812499999999997   
   0.0937500000000036     1.4937499999999997   
   0.0937500000000036     1.5062499999999996   
   0.0937500000000036     1.5187499999999996   
   0.0937500000000036     1.5312499999999996   
   0.0937500000000037     1.5437499999999997   
   0.0937500000000037     1.5562499999999999   
   0.0937500000000037     1.5687499999999996   
   0.0937500000000038     1.5812499999999998   
   0.0937500000000038     1.5937499999999998   
   0.0937500000000038     1.6062499999999997   
   0.0937500000000039     1.6187499999999997   
   0.0937500000000039     1.6312499999999996   
   0.0937500000000039     1.6437499999999998   
   0.0937500000000040     1.6562499999999998   
   0.0937500000000040     1.6687499999999997   
   0.0937500000000040     1.6812499999999999   
   0.0937500000000040     1.6937500000000001   
   0.0937500000000041     1.7062499999999998   
   0.0937500000000041     1.7187499999999996   
   0.0937500000000041     1.7312499999999993   
   0.0937500000000041     1.7437499999999995   
   0.0937500000000042     1.7562499999999996   
   0.0937500000000042     1.7687499999999996   
   0.0937500000000042     1.7812499999999996   
   0.0937500000000043     1.7937499999999997   
   0.0937500000000043     1.8062499999999999   
   0.0937500000000043     1.8187500000000001   
   0.0937500000000044     1.8312499999999996   
   0.0937500000000044     1.8437499999999998   
   0.0937500000000044     1.8562500000000000   
   0.0937500000000045     1.8687499999999997   
   0.0937500000000045     1.8812499999999999   
   0.0937500000000045     1.8937499999999998   
   0.0937500000000046     1.9062499999999996   
   0.0937500000000046     1.9187499999999997   
   0.0937500000000046     1.9312499999999999   
   0.0937500000000046     1.9437499999999996   
   0.0937500000000047     1.9562499999999998   
   0.0937500000000047     1.9687500000000000   
   0.0937500000000047     1.9812500000000000   
   0.0937500000000047     1.9937499999999999   
   0.1062500000000034     1.4437500000000001   
   0.1062500000000035     1.4562499999999998   
   0.1062500000000035     1.4687499999999996   
   0.1062500000000035     1.4812499999999995   
   0.1062500000000035     1.4937499999999997   
   0.1062500000000036     1.5062499999999996   
   0.1062500000000036     1.5187499999999996   
   0.1062500000000036     1.5312499999999996   
   0.1062500000000036     1.5437499999999995   
   0.1062500000000037     1.5562499999999997   
   0.1062500000000037     1.5687499999999996   
   0.1062500000000037     1.5812499999999996   
   0.1062500000000038     1.5937499999999996   
   0.1062500000000038     1.6062499999999993   
   0.1062500000000038     1.6187499999999999   
   0.1062500000000038     1.6312499999999996   
   0.1062500000000039     1.6437499999999998   
   0.1062500000000039     1.6562499999999998   
   0.1062500000000040     1.6687499999999997   
   0.1062500000000040     1.6812499999999999   
   0.1062500000000040     1.6937500000000001   
   0.1062500000000040     1.7062499999999998   
   0.1062500000000041     1.7187500000000000   
   0.1062500000000041     1.7312499999999995   
   0.1062500000000041     1.7437499999999995   
   0.1062500000000041     1.7562499999999996   
   0.1062500000000042     1.7687499999999996   
   0.1062500000000042     1.7812499999999996   
   0.1062500000000042     1.7937499999999997   
   0.1062500000000043     1.8062499999999999   
   0.1062500000000043     1.8187499999999996   
   0.1062500000000043     1.8312499999999996   
   0.1062500000000044     1.8437499999999996   
   0.1062500000000044     1.8562499999999997   
   0.1062500000000044     1.8687499999999997   
   0.1062500000000045     1.8812499999999999   
   0.1062500000000045     1.8937499999999998   
   0.1062500000000045     1.9062500000000000   
   0.1062500000000045     1.9187499999999997   
   0.1062500000000046     1.9312499999999997   
   0.1062500000000046     1.9437499999999996   
   0.1062500000000046     1.9562499999999998   
   0.1062500000000047     1.9687500000000000   
   0.1062500000000047     1.9812499999999997   
   0.1062500000000047     1.9937499999999999   
   0.1187500000000034     1.4437500000000001   
   0.1187500000000034     1.4562499999999998   
   0.1187500000000034     1.4687499999999996   
   0.1187500000000035     1.4812499999999997   
   0.1187500000000035     1.4937499999999999   
   0.1187500000000035     1.5062499999999996   
   0.1187500000000035     1.5187499999999996   
   0.1187500000000036     1.5312499999999996   
   0.1187500000000036     1.5437499999999997   
   0.1187500000000036     1.5562499999999997   
   0.1187500000000037     1.5687499999999994   
   0.1187500000000037     1.5812499999999996   
   0.1187500000000037     1.5937499999999996   
   0.1187500000000038     1.6062499999999995   
   0.1187500000000038     1.6187499999999995   
   0.1187500000000038     1.6312499999999996   
   0.1187500000000039     1.6437499999999998   
   0.1187500000000039     1.6562499999999998   
   0.1187500000000039     1.6687499999999997   
   0.1187500000000039     1.6812499999999999   
   0.1187500000000040     1.6937500000000001   
   0.1187500000000040     1.7062499999999996   
   0.1187500000000040     1.7187499999999998   
   0.1187500000000040     1.7312499999999997   
   0.1187500000000041     1.7437499999999997   
   0.1187500000000041     1.7562499999999996   
   0.1187500000000041     1.7687499999999994   
   0.1187500000000042     1.7812499999999996   
   0.1187500000000042     1.7937499999999997   
   0.1187500000000042     1.8062499999999995   
   0.1187500000000042     1.8187499999999996   
   0.1187500000000043     1.8312499999999996   
   0.1187500000000043     1.8437499999999996   
   0.1187500000000044     1.8562499999999997   
   0.1187500000000044     1.8687499999999997   
   0.1187500000000044     1.8812499999999999   
   0.1187500000000044     1.8937499999999996   
   0.1187500000000045     1.9062499999999998   
   0.1187500000000045     1.9187499999999997   
   0.1187500000000045     1.9312499999999999   
   0.1187500000000045     1.9437499999999996   
   0.1187500000000046     1.9562499999999996   
   0.1187500000000046     1.9687499999999998   
   0.1187500000000046     1.9812499999999997   
   0.1187500000000047     1.9937499999999999   
   0.1312500000000033     1.4437500000000001   
   0.1312500000000034     1.4562499999999998   
   0.1312500000000034     1.4687499999999996   
   0.1312500000000034     1.4812499999999995   
   0.1312500000000035     1.4937499999999999   
   0.1312500000000035     1.5062499999999996   
   0.1312500000000035     1.5187499999999994   
   0.1312500000000035     1.5312499999999993   
   0.1312500000000036     1.5437499999999997   
   0.1312500000000036     1.5562499999999997   
   0.1312500000000036     1.5687499999999994   
   0.1312500000000037     1.5812499999999996   
   0.1312500000000037     1.5937499999999996   
   0.1312500000000038     1.6062499999999993   
   0.1312500000000038     1.6187499999999995   
   0.1312500000000038     1.6312499999999994   
   0.1312500000000038     1.6437499999999996   
   0.1312500000000039     1.6562499999999996   
   0.1312500000000039     1.6687499999999997   
   0.1312500000000039     1.6812499999999999   
   0.1312500000000039     1.6937499999999996   
   0.1312500000000040     1.7062499999999998   
   0.1312500000000040     1.7187499999999996   
   0.1312500000000040     1.7312499999999997   
   0.1312500000000041     1.7437499999999997   
   0.1312500000000041     1.7562499999999996   
   0.1312500000000041     1.7687499999999998   
   0.1312500000000041     1.7812499999999998   
   0.1312500000000041     1.7937499999999997   
   0.1312500000000042     1.8062499999999997   
   0.1312500000000042     1.8187499999999996   
   0.1312500000000043     1.8312499999999996   
   0.1312500000000043     1.8437499999999996   
   0.1312500000000043     1.8562499999999995   
   0.1312500000000043     1.8687499999999999   
   0.1312500000000044     1.8812499999999996   
   0.1312500000000044     1.8937499999999996   
   0.1312500000000044     1.9062499999999996   
   0.1312500000000044     1.9187500000000000   
   0.1312500000000045     1.9312499999999999   
   0.1312500000000045     1.9437499999999996   
   0.1312500000000045     1.9562499999999998   
   0.1312500000000046     1.9687499999999996   
   0.1312500000000046     1.9812499999999997   
   0.1312500000000046     1.9937499999999999   
   0.1437500000000033     1.4437499999999999   
   0.1437500000000033     1.4562499999999998   
   0.1437500000000034     1.4687499999999998   
   0.1437500000000034     1.4812499999999997   
   0.1437500000000034     1.4937499999999995   
   0.1437500000000034     1.5062499999999996   
   0.1437500000000035     1.5187499999999994   
   0.1437500000000035     1.5312499999999993   
   0.1437500000000035     1.5437499999999995   
   0.1437500000000036     1.5562499999999997   
   0.1437500000000036     1.5687499999999996   
   0.1437500000000037     1.5812499999999994   
   0.1437500000000037     1.5937499999999996   
   0.1437500000000037     1.6062499999999993   
   0.1437500000000037     1.6187499999999995   
   0.1437500000000038     1.6312499999999994   
   0.1437500000000038     1.6437499999999994   
   0.1437500000000038     1.6562499999999996   
   0.1437500000000038     1.6687499999999995   
   0.1437500000000039     1.6812499999999997   
   0.1437500000000039     1.6937499999999999   
   0.1437500000000039     1.7062499999999996   
   0.1437500000000040     1.7187499999999996   
   0.1437500000000040     1.7312499999999993   
   0.1437500000000040     1.7437499999999992   
   0.1437500000000040     1.7562499999999996   
   0.1437500000000041     1.7687499999999996   
   0.1437500000000041     1.7812499999999996   
   0.1437500000000041     1.7937499999999997   
   0.1437500000000042     1.8062499999999997   
   0.1437500000000042     1.8187499999999996   
   0.1437500000000042     1.8312499999999996   
   0.1437500000000042     1.8437499999999996   
   0.1437500000000043     1.8562499999999997   
   0.1437500000000043     1.8687499999999997   
   0.1437500000000043     1.8812499999999996   
   0.1437500000000044     1.8937499999999994   
   0.1437500000000044     1.9062499999999996   
   0.1437500000000044     1.9187499999999997   
   0.1437500000000045     1.9312499999999999   
   0.1437500000000045     1.9437499999999999   
   0.1437500000000045     1.9562499999999998   
   0.1437500000000045     1.9687499999999998   
   0.1437500000000046     1.9812499999999993   
   0.1437500000000046     1.9937499999999999   
   0.1562500000000033     1.4437500000000001   
   0.1562500000000033     1.4562499999999998   
   0.1562500000000034     1.4687499999999996   
   0.1562500000000034     1.4812499999999997   
   0.1562500000000034     1.4937499999999995   
   0.1562500000000034     1.5062499999999996   
   0.1562500000000034     1.5187499999999994   
   0.1562500000000035     1.5312499999999996   
   0.1562500000000035     1.5437499999999997   
   0.1562500000000035     1.5562499999999997   
   0.1562500000000036     1.5687499999999996   
   0.1562500000000036     1.5812499999999998   
   0.1562500000000036     1.5937499999999996   
   0.1562500000000037     1.6062499999999993   
   0.1562500000000037     1.6187499999999995   
   0.1562500000000037     1.6312499999999996   
   0.1562500000000037     1.6437499999999994   
   0.1562500000000038     1.6562499999999996   
   0.1562500000000038     1.6687499999999997   
   0.1562500000000038     1.6812499999999999   
   0.1562500000000038     1.6937499999999996   
   0.1562500000000039     1.7062499999999996   
   0.1562500000000039     1.7187499999999996   
   0.1562500000000039     1.7312499999999993   
   0.1562500000000039     1.7437499999999992   
   0.1562500000000040     1.7562499999999996   
   0.1562500000000040     1.7687499999999996   
   0.1562500000000041     1.7812499999999996   
   0.1562500000000041     1.7937499999999997   
   0.1562500000000041     1.8062499999999999   
   0.1562500000000042     1.8187499999999996   
   0.1562500000000042     1.8312499999999996   
   0.1562500000000042     1.8437499999999996   
   0.1562500000000042     1.8562499999999997   
   0.1562500000000043     1.8687499999999997   
   0.1562500000000043     1.8812499999999994   
   0.1562500000000043     1.8937499999999992   
   0.1562500000000043     1.9062499999999996   
   0.1562500000000044     1.9187499999999997   
   0.1562500000000044     1.9312499999999999   
   0.1562500000000044     1.9437499999999996   
   0.1562500000000045     1.9562499999999996   
   0.1562500000000045     1.9687499999999996   
   0.1562500000000045     1.9812499999999997   
   0.1562500000000045     1.9937499999999997   
   0.1687500000000033     1.4437499999999996   
   0.1687500000000033     1.4562499999999998   
   0.1687500000000033     1.4687499999999996   
   0.1687500000000033     1.4812499999999995   
   0.1687500000000034     1.4937499999999997   
   0.1687500000000034     1.5062499999999996   
   0.1687500000000034     1.5187499999999996   
   0.1687500000000035     1.5312499999999996   
   0.1687500000000035     1.5437499999999995   
   0.1687500000000035     1.5562499999999997   
   0.1687500000000035     1.5687499999999996   
   0.1687500000000036     1.5812499999999998   
   0.1687500000000036     1.5937499999999996   
   0.1687500000000036     1.6062499999999995   
   0.1687500000000037     1.6187499999999997   
   0.1687500000000037     1.6312499999999996   
   0.1687500000000037     1.6437499999999996   
   0.1687500000000037     1.6562499999999996   
   0.1687500000000038     1.6687499999999993   
   0.1687500000000038     1.6812499999999997   
   0.1687500000000038     1.6937499999999996   
   0.1687500000000038     1.7062499999999994   
   0.1687500000000039     1.7187499999999996   
   0.1687500000000039     1.7312499999999993   
   0.1687500000000040     1.7437499999999992   
   0.1687500000000040     1.7562499999999996   
   0.1687500000000040     1.7687499999999996   
   0.1687500000000040     1.7812499999999996   
   0.1687500000000041     1.7937500000000000   
   0.1687500000000041     1.8062499999999999   
   0.1687500000000041     1.8187499999999996   
   0.1687500000000041     1.8312499999999994   
   0.1687500000000042     1.8437499999999996   
   0.1687500000000042     1.8562499999999997   
   0.1687500000000042     1.8687499999999999   
   0.1687500000000042     1.8812499999999994   
   0.1687500000000043     1.8937499999999992   
   0.1687500000000043     1.9062500000000000   
   0.1687500000000043     1.9187499999999997   
   0.1687500000000043     1.9312499999999995   
   0.1687500000000044     1.9437499999999996   
   0.1687500000000044     1.9562499999999996   
   0.1687500000000045     1.9687499999999998   
   0.1687500000000045     1.9812499999999997   
   0.1687500000000045     1.9937499999999997   
   0.1812500000000032     1.4437499999999996   
   0.1812500000000032     1.4562499999999998   
   0.1812500000000033     1.4687499999999996   
   0.1812500000000033     1.4812499999999997   
   0.1812500000000034     1.4937499999999997   
   0.1812500000000034     1.5062499999999996   
   0.1812500000000034     1.5187499999999994   
   0.1812500000000034     1.5312499999999996   
   0.1812500000000035     1.5437499999999997   
   0.1812500000000035     1.5562499999999995   
   0.1812500000000035     1.5687499999999994   
   0.1812500000000035     1.5812499999999996   
   0.1812500000000036     1.5937499999999996   
   0.1812500000000036     1.6062499999999997   
   0.1812500000000036     1.6187499999999995   
   0.1812500000000037     1.6312499999999994   
   0.1812500000000037     1.6437499999999996   
   0.1812500000000037     1.6562499999999996   
   0.1812500000000037     1.6687499999999995   
   0.1812500000000037     1.6812499999999997   
   0.1812500000000038     1.6937499999999996   
   0.1812500000000038     1.7062499999999996   
   0.1812500000000038     1.7187499999999996   
   0.1812500000000039     1.7312499999999993   
   0.1812500000000039     1.7437499999999992   
   0.1812500000000039     1.7562499999999996   
   0.1812500000000039     1.7687499999999996   
   0.1812500000000040     1.7812499999999996   
   0.1812500000000040     1.7937499999999997   
   0.1812500000000040     1.8062499999999997   
   0.1812500000000040     1.8187499999999996   
   0.1812500000000041     1.8312499999999996   
   0.1812500000000041     1.8437499999999996   
   0.1812500000000041     1.8562499999999993   
   0.1812500000000041     1.8687499999999992   
   0.1812500000000042     1.8812499999999994   
   0.1812500000000042     1.8937499999999994   
   0.1812500000000042     1.9062499999999998   
   0.1812500000000042     1.9187499999999997   
   0.1812500000000043     1.9312499999999995   
   0.1812500000000044     1.9437499999999994   
   0.1812500000000044     1.9562499999999994   
   0.1812500000000044     1.9687499999999996   
   0.1812500000000044     1.9812499999999997   
   0.1812500000000045     1.9937499999999999   
   0.1937500000000032     1.4437499999999996   
   0.1937500000000032     1.4562499999999996   
   0.1937500000000032     1.4687499999999996   
   0.1937500000000033     1.4812499999999995   
   0.1937500000000033     1.4937499999999995   
   0.1937500000000033     1.5062499999999994   
   0.1937500000000034     1.5187499999999994   
   0.1937500000000034     1.5312499999999996   
   0.1937500000000034     1.5437499999999995   
   0.1937500000000034     1.5562499999999995   
   0.1937500000000034     1.5687499999999992   
   0.1937500000000035     1.5812499999999996   
   0.1937500000000035     1.5937499999999996   
   0.1937500000000036     1.6062499999999997   
   0.1937500000000036     1.6187499999999995   
   0.1937500000000036     1.6312499999999992   
   0.1937500000000036     1.6437499999999994   
   0.1937500000000037     1.6562499999999996   
   0.1937500000000037     1.6687499999999997   
   0.1937500000000037     1.6812499999999999   
   0.1937500000000038     1.6937499999999996   
   0.1937500000000038     1.7062499999999994   
   0.1937500000000038     1.7187499999999996   
   0.1937500000000038     1.7312499999999993   
   0.1937500000000038     1.7437499999999992   
   0.1937500000000039     1.7562499999999996   
   0.1937500000000039     1.7687499999999996   
   0.1937500000000039     1.7812499999999996   
   0.1937500000000040     1.7937499999999997   
   0.1937500000000040     1.8062499999999997   
   0.1937500000000040     1.8187499999999996   
   0.1937500000000041     1.8312499999999994   
   0.1937500000000041     1.8437499999999996   
   0.1937500000000041     1.8562499999999993   
   0.1937500000000041     1.8687499999999992   
   0.1937500000000042     1.8812499999999996   
   0.1937500000000042     1.8937499999999994   
   0.1937500000000042     1.9062499999999996   
   0.1937500000000043     1.9187499999999997   
   0.1937500000000043     1.9312499999999995   
   0.1937500000000043     1.9437499999999996   
   0.1937500000000043     1.9562499999999994   
   0.1937500000000043     1.9687499999999996   
   0.1937500000000044     1.9812499999999993   
   0.1937500000000044     1.9937499999999997   
   0.2062500000000032     1.4437499999999996   
   0.2062500000000032     1.4562499999999996   
   0.2062500000000032     1.4687499999999996   
   0.2062500000000033     1.4812499999999997   
   0.2062500000000033     1.4937499999999995   
   0.2062500000000033     1.5062499999999992   
   0.2062500000000033     1.5187499999999994   
   0.2062500000000034     1.5312499999999993   
   0.2062500000000034     1.5437499999999993   
   0.2062500000000034     1.5562499999999995   
   0.2062500000000034     1.5687499999999992   
   0.2062500000000035     1.5812499999999996   
   0.2062500000000035     1.5937499999999996   
   0.2062500000000035     1.6062499999999995   
   0.2062500000000035     1.6187499999999995   
   0.2062500000000036     1.6312499999999992   
   0.2062500000000036     1.6437499999999994   
   0.2062500000000037     1.6562499999999996   
   0.2062500000000037     1.6687499999999993   
   0.2062500000000037     1.6812499999999995   
   0.2062500000000037     1.6937499999999996   
   0.2062500000000038     1.7062499999999994   
   0.2062500000000038     1.7187499999999996   
   0.2062500000000038     1.7312499999999993   
   0.2062500000000038     1.7437499999999995   
   0.2062500000000038     1.7562499999999996   
   0.2062500000000039     1.7687499999999996   
   0.2062500000000039     1.7812499999999996   
   0.2062500000000039     1.7937499999999997   
   0.2062500000000040     1.8062499999999997   
   0.2062500000000040     1.8187499999999996   
   0.2062500000000040     1.8312499999999994   
   0.2062500000000040     1.8437499999999996   
   0.2062500000000041     1.8562499999999993   
   0.2062500000000041     1.8687499999999992   
   0.2062500000000041     1.8812499999999996   
   0.2062500000000041     1.8937499999999998   
   0.2062500000000042     1.9062499999999996   
   0.2062500000000042     1.9187499999999993   
   0.2062500000000042     1.9312499999999995   
   0.2062500000000042     1.9437499999999994   
   0.2062500000000043     1.9562499999999994   
   0.2062500000000043     1.9687499999999996   
   0.2062500000000043     1.9812499999999993   
   0.2062500000000043     1.9937499999999997   
   0.2187500000000031     1.4437499999999996   
   0.2187500000000032     1.4562499999999996   
   0.2187500000000032     1.4687499999999996   
   0.2187500000000032     1.4812499999999997   
   0.2187500000000033     1.4937499999999995   
   0.2187500000000033     1.5062499999999996   
   0.2187500000000033     1.5187499999999994   
   0.2187500000000033     1.5312499999999996   
   0.2187500000000034     1.5437499999999993   
   0.2187500000000034     1.5562499999999992   
   0.2187500000000034     1.5687499999999994   
   0.2187500000000034     1.5812499999999996   
   0.2187500000000034     1.5937499999999996   
   0.2187500000000035     1.6062499999999997   
   0.2187500000000035     1.6187499999999995   
   0.2187500000000036     1.6312499999999994   
   0.2187500000000036     1.6437499999999996   
   0.2187500000000036     1.6562499999999996   
   0.2187500000000037     1.6687499999999993   
   0.2187500000000037     1.6812499999999995   
   0.2187500000000037     1.6937499999999996   
   0.2187500000000037     1.7062499999999996   
   0.2187500000000037     1.7187499999999996   
   0.2187500000000037     1.7312499999999993   
   0.2187500000000038     1.7437499999999995   
   0.2187500000000038     1.7562499999999996   
   0.2187500000000038     1.7687499999999996   
   0.2187500000000039     1.7812499999999996   
   0.2187500000000039     1.7937499999999993   
   0.2187500000000039     1.8062499999999995   
   0.2187500000000039     1.8187499999999996   
   0.2187500000000040     1.8312499999999996   
   0.2187500000000040     1.8437499999999996   
   0.2187500000000040     1.8562499999999993   
   0.2187500000000041     1.8687499999999997   
   0.2187500000000041     1.8812499999999996   
   0.2187500000000041     1.8937499999999996   
   0.2187500000000041     1.9062499999999996   
   0.2187500000000042     1.9187499999999993   
   0.2187500000000042     1.9312499999999997   
   0.2187500000000042     1.9437499999999996   
   0.2187500000000042     1.9562499999999994   
   0.2187500000000043     1.9687499999999998   
   0.2187500000000043     1.9812499999999995   
   0.2187500000000043     1.9937499999999997   
   0.2312500000000031     1.4437499999999996   
   0.2312500000000031     1.4562499999999996   
   0.2312500000000032     1.4687499999999996   
   0.2312500000000032     1.4812499999999993   
   0.2312500000000032     1.4937499999999995   
   0.2312500000000033     1.5062499999999996   
   0.2312500000000033     1.5187499999999996   
   0.2312500000000033     1.5312499999999996   
   0.2312500000000033     1.5437499999999993   
   0.2312500000000033     1.5562499999999992   
   0.2312500000000034     1.5687499999999992   
   0.2312500000000034     1.5812499999999994   
   0.2312500000000034     1.5937499999999996   
   0.2312500000000035     1.6062499999999993   
   0.2312500000000035     1.6187499999999995   
   0.2312500000000035     1.6312499999999992   
   0.2312500000000035     1.6437499999999994   
   0.2312500000000036     1.6562499999999996   
   0.2312500000000036     1.6687499999999995   
   0.2312500000000036     1.6812499999999995   
   0.2312500000000036     1.6937499999999996   
   0.2312500000000036     1.7062499999999996   
   0.2312500000000037     1.7187499999999996   
   0.2312500000000037     1.7312499999999993   
   0.2312500000000037     1.7437499999999995   
   0.2312500000000038     1.7562499999999996   
   0.2312500000000038     1.7687499999999996   
   0.2312500000000038     1.7812499999999993   
   0.2312500000000038     1.7937499999999995   
   0.2312500000000038     1.8062499999999997   
   0.2312500000000039     1.8187499999999996   
   0.2312500000000039     1.8312499999999996   
   0.2312500000000040     1.8437499999999996   
   0.2312500000000040     1.8562499999999993   
   0.2312500000000040     1.8687499999999992   
   0.2312500000000040     1.8812499999999994   
   0.2312500000000041     1.8937499999999994   
   0.2312500000000041     1.9062499999999996   
   0.2312500000000041     1.9187499999999995   
   0.2312500000000041     1.9312499999999995   
   0.2312500000000042     1.9437499999999994   
   0.2312500000000042     1.9562499999999994   
   0.2312500000000042     1.9687499999999996   
   0.2312500000000043     1.9812499999999993   
   0.2312500000000043     1.9937499999999999   
   0.2437500000000031     1.4437499999999996   
   0.2437500000000031     1.4562499999999996   
   0.2437500000000031     1.4687499999999996   
   0.2437500000000032     1.4812499999999993   
   0.2437500000000032     1.4937499999999995   
   0.2437500000000032     1.5062499999999996   
   0.2437500000000032     1.5187499999999994   
   0.2437500000000032     1.5312499999999993   
   0.2437500000000032     1.5437499999999993   
   0.2437500000000033     1.5562499999999995   
   0.2437500000000034     1.5687499999999994   
   0.2437500000000034     1.5812499999999996   
   0.2437500000000034     1.5937499999999996   
   0.2437500000000035     1.6062499999999993   
   0.2437500000000035     1.6187499999999992   
   0.2437500000000035     1.6312499999999992   
   0.2437500000000035     1.6437499999999994   
   0.2437500000000035     1.6562499999999993   
   0.2437500000000035     1.6687499999999993   
   0.2437500000000036     1.6812499999999992   
   0.2437500000000036     1.6937499999999996   
   0.2437500000000036     1.7062499999999994   
   0.2437500000000037     1.7187499999999996   
   0.2437500000000037     1.7312499999999993   
   0.2437500000000037     1.7437499999999992   
   0.2437500000000037     1.7562499999999994   
   0.2437500000000038     1.7687499999999994   
   0.2437500000000038     1.7812499999999996   
   0.2437500000000038     1.7937499999999993   
   0.2437500000000039     1.8062499999999995   
   0.2437500000000039     1.8187499999999994   
   0.2437500000000039     1.8312499999999994   
   0.2437500000000039     1.8437499999999996   
   0.2437500000000039     1.8562499999999993   
   0.2437500000000039     1.8687499999999995   
   0.2437500000000040     1.8812499999999992   
   0.2437500000000040     1.8937499999999992   
   0.2437500000000040     1.9062499999999996   
   0.2437500000000041     1.9187499999999993   
   0.2437500000000041     1.9312499999999995   
   0.2437500000000041     1.9437499999999992   
   0.2437500000000041     1.9562499999999992   
   0.2437500000000041     1.9687499999999991   
   0.2437500000000042     1.9812499999999993   
   0.2437500000000042     1.9937499999999997   
   0.2562500000000030     1.4437499999999996   
   0.2562500000000031     1.4562499999999996   
   0.2562500000000031     1.4687499999999996   
   0.2562500000000031     1.4812499999999993   
   0.2562500000000032     1.4937499999999995   
   0.2562500000000032     1.5062499999999994   
   0.2562500000000032     1.5187499999999994   
   0.2562500000000032     1.5312499999999993   
   0.2562500000000033     1.5437499999999993   
   0.2562500000000033     1.5562499999999995   
   0.2562500000000033     1.5687499999999992   
   0.2562500000000033     1.5812499999999994   
   0.2562500000000034     1.5937499999999993   
   0.2562500000000034     1.6062499999999993   
   0.2562500000000034     1.6187499999999992   
   0.2562500000000034     1.6312499999999992   
   0.2562500000000034     1.6437499999999994   
   0.2562500000000034     1.6562499999999996   
   0.2562500000000035     1.6687499999999993   
   0.2562500000000035     1.6812499999999990   
   0.2562500000000035     1.6937499999999996   
   0.2562500000000036     1.7062499999999994   
   0.2562500000000036     1.7187499999999993   
   0.2562500000000036     1.7312499999999993   
   0.2562500000000036     1.7437499999999992   
   0.2562500000000036     1.7562499999999994   
   0.2562500000000037     1.7687499999999994   
   0.2562500000000038     1.7812499999999993   
   0.2562500000000038     1.7937499999999993   
   0.2562500000000039     1.8062499999999992   
   0.2562500000000039     1.8187499999999992   
   0.2562500000000039     1.8312499999999992   
   0.2562500000000039     1.8437499999999993   
   0.2562500000000039     1.8562499999999995   
   0.2562500000000039     1.8687499999999997   
   0.2562500000000039     1.8812499999999994   
   0.2562500000000040     1.8937499999999994   
   0.2562500000000040     1.9062499999999996   
   0.2562500000000041     1.9187499999999993   
   0.2562500000000041     1.9312499999999995   
   0.2562500000000041     1.9437499999999994   
   0.2562500000000041     1.9562499999999989   
   0.2562500000000041     1.9687499999999989   
   0.2562500000000041     1.9812499999999995   
   0.2562500000000042     1.9937499999999997   
   0.2687500000000030     1.4437499999999996   
   0.2687500000000030     1.4562499999999994   
   0.2687500000000030     1.4687499999999996   
   0.2687500000000030     1.4812499999999993   
   0.2687500000000031     1.4937499999999995   
   0.2687500000000032     1.5062499999999992   
   0.2687500000000032     1.5187499999999994   
   0.2687500000000032     1.5312499999999991   
   0.2687500000000033     1.5437499999999993   
   0.2687500000000033     1.5562499999999992   
   0.2687500000000033     1.5687499999999992   
   0.2687500000000033     1.5812499999999994   
   0.2687500000000033     1.5937499999999996   
   0.2687500000000034     1.6062499999999993   
   0.2687500000000034     1.6187499999999995   
   0.2687500000000034     1.6312499999999992   
   0.2687500000000035     1.6437499999999994   
   0.2687500000000035     1.6562499999999993   
   0.2687500000000035     1.6687499999999993   
   0.2687500000000035     1.6812499999999995   
   0.2687500000000035     1.6937499999999994   
   0.2687500000000035     1.7062499999999994   
   0.2687500000000036     1.7187499999999993   
   0.2687500000000036     1.7312499999999993   
   0.2687500000000037     1.7437499999999995   
   0.2687500000000037     1.7562499999999994   
   0.2687500000000037     1.7687499999999994   
   0.2687500000000037     1.7812499999999996   
   0.2687500000000037     1.7937499999999993   
   0.2687500000000037     1.8062499999999995   
   0.2687500000000038     1.8187499999999994   
   0.2687500000000038     1.8312499999999994   
   0.2687500000000038     1.8437499999999996   
   0.2687500000000039     1.8562499999999993   
   0.2687500000000039     1.8687499999999995   
   0.2687500000000039     1.8812499999999996   
   0.2687500000000039     1.8937499999999994   
   0.2687500000000039     1.9062499999999993   
   0.2687500000000039     1.9187499999999993   
   0.2687500000000040     1.9312499999999995   
   0.2687500000000040     1.9437499999999996   
   0.2687500000000041     1.9562499999999989   
   0.2687500000000042     1.9687499999999989   
   0.2687500000000042     1.9812499999999993   
   0.2687500000000042     1.9937499999999999   
   0.2812500000000030     1.4437499999999996   
   0.2812500000000030     1.4562499999999994   
   0.2812500000000030     1.4687499999999996   
   0.2812500000000031     1.4812499999999993   
   0.2812500000000031     1.4937499999999995   
   0.2812500000000031     1.5062499999999992   
   0.2812500000000031     1.5187499999999989   
   0.2812500000000032     1.5312499999999991   
   0.2812500000000032     1.5437499999999993   
   0.2812500000000032     1.5562499999999992   
   0.2812500000000032     1.5687499999999992   
   0.2812500000000033     1.5812499999999994   
   0.2812500000000033     1.5937499999999996   
   0.2812500000000033     1.6062499999999993   
   0.2812500000000033     1.6187499999999995   
   0.2812500000000034     1.6312499999999992   
   0.2812500000000034     1.6437499999999994   
   0.2812500000000034     1.6562499999999996   
   0.2812500000000034     1.6687499999999993   
   0.2812500000000034     1.6812499999999995   
   0.2812500000000034     1.6937499999999992   
   0.2812500000000035     1.7062499999999994   
   0.2812500000000036     1.7187499999999993   
   0.2812500000000036     1.7312499999999993   
   0.2812500000000036     1.7437499999999995   
   0.2812500000000037     1.7562499999999994   
   0.2812500000000037     1.7687499999999994   
   0.2812500000000037     1.7812499999999996   
   0.2812500000000037     1.7937499999999993   
   0.2812500000000037     1.8062499999999995   
   0.2812500000000037     1.8187499999999992   
   0.2812500000000038     1.8312499999999989   
   0.2812500000000038     1.8437499999999993   
   0.2812500000000038     1.8562499999999993   
   0.2812500000000039     1.8687499999999995   
   0.2812500000000039     1.8812499999999996   
   0.2812500000000039     1.8937499999999996   
   0.2812500000000039     1.9062499999999996   
   0.2812500000000039     1.9187499999999993   
   0.2812500000000039     1.9312499999999995   
   0.2812500000000040     1.9437499999999994   
   0.2812500000000041     1.9562499999999989   
   0.2812500000000041     1.9687499999999989   
   0.2812500000000041     1.9812499999999993   
   0.2812500000000041     1.9937499999999997   
   0.2937500000000030     1.4437499999999996   
   0.2937500000000030     1.4562499999999994   
   0.2937500000000030     1.4687499999999996   
   0.2937500000000030     1.4812499999999993   
   0.2937500000000031     1.4937499999999995   
   0.2937500000000031     1.5062499999999992   
   0.2937500000000031     1.5187499999999992   
   0.2937500000000032     1.5312499999999991   
   0.2937500000000032     1.5437499999999993   
   0.2937500000000032     1.5562499999999992   
   0.2937500000000032     1.5687499999999990   
   0.2937500000000032     1.5812499999999992   
   0.2937500000000033     1.5937499999999996   
   0.2937500000000033     1.6062499999999993   
   0.2937500000000033     1.6187499999999995   
   0.2937500000000033     1.6312499999999992   
   0.2937500000000033     1.6437499999999992   
   0.2937500000000034     1.6562499999999993   
   0.2937500000000034     1.6687499999999991   
   0.2937500000000034     1.6812499999999992   
   0.2937500000000034     1.6937499999999992   
   0.2937500000000034     1.7062499999999994   
   0.2937500000000035     1.7187499999999993   
   0.2937500000000035     1.7312499999999993   
   0.2937500000000036     1.7437499999999992   
   0.2937500000000036     1.7562499999999994   
   0.2937500000000036     1.7687499999999994   
   0.2937500000000036     1.7812499999999993   
   0.2937500000000036     1.7937499999999993   
   0.2937500000000036     1.8062499999999992   
   0.2937500000000037     1.8187499999999992   
   0.2937500000000037     1.8312499999999992   
   0.2937500000000038     1.8437499999999996   
   0.2937500000000038     1.8562499999999993   
   0.2937500000000038     1.8687499999999992   
   0.2937500000000038     1.8812499999999996   
   0.2937500000000038     1.8937499999999994   
   0.2937500000000038     1.9062499999999993   
   0.2937500000000038     1.9187499999999993   
   0.2937500000000039     1.9312499999999995   
   0.2937500000000040     1.9437499999999992   
   0.2937500000000040     1.9562499999999989   
   0.2937500000000041     1.9687499999999989   
   0.2937500000000041     1.9812499999999993   
   0.2937500000000041     1.9937499999999997   
   0.3062500000000032     1.6062499999999993   
   0.3062500000000032     1.6187499999999995   
   0.3062500000000033     1.6312499999999994   
   0.3062500000000034     1.6437499999999994   
   0.3062500000000034     1.6562499999999993   
   0.3062500000000034     1.6687499999999993   
   0.3062500000000034     1.6812499999999990   
   0.3062500000000034     1.6937499999999992   
   0.3062500000000034     1.7062499999999989   
   0.3062500000000035     1.7187499999999991   
   0.3062500000000035     1.7312499999999993   
   0.3062500000000035     1.7437499999999995   
   0.3062500000000036     1.7562499999999994   
   0.3062500000000036     1.7687499999999994   
   0.3062500000000036     1.7812499999999993   
   0.3062500000000036     1.7937499999999991   
   0.3062500000000036     1.8062499999999992   
   0.3062500000000036     1.8187499999999994   
   0.3062500000000037     1.8312499999999994   
   0.3062500000000037     1.8437499999999996   
   0.3062500000000038     1.8562499999999993   
   0.3062500000000038     1.8687499999999992   
   0.3062500000000038     1.8812499999999994   
   0.3062500000000038     1.8937499999999996   
   0.3062500000000038     1.9062499999999996   
   0.3062500000000039     1.9187499999999993   
   0.3062500000000039     1.9312499999999992   
   0.3062500000000040     1.9437499999999992   
   0.3062500000000040     1.9562499999999989   
   0.3062500000000040     1.9687499999999989   
   0.3062500000000040     1.9812499999999993   
   0.3062500000000040     1.9937499999999999   
   0.3187500000000032     1.6062499999999993   
   0.3187500000000032     1.6187499999999992   
   0.3187500000000033     1.6312499999999992   
   0.3187500000000033     1.6437499999999994   
   0.3187500000000033     1.6562499999999996   
   0.3187500000000033     1.6687499999999993   
   0.3187500000000034     1.6812499999999992   
   0.3187500000000034     1.6937499999999992   
   0.3187500000000034     1.7062499999999992   
   0.3187500000000034     1.7187499999999991   
   0.3187500000000034     1.7312499999999993   
   0.3187500000000034     1.7437499999999992   
   0.3187500000000034     1.7562499999999992   
   0.3187500000000035     1.7687499999999994   
   0.3187500000000035     1.7812499999999993   
   0.3187500000000036     1.7937499999999991   
   0.3187500000000036     1.8062499999999992   
   0.3187500000000036     1.8187499999999992   
   0.3187500000000036     1.8312499999999989   
   0.3187500000000036     1.8437499999999996   
   0.3187500000000036     1.8562499999999993   
   0.3187500000000036     1.8687499999999995   
   0.3187500000000037     1.8812499999999994   
   0.3187500000000038     1.8937499999999996   
   0.3187500000000038     1.9062499999999993   
   0.3187500000000039     1.9187499999999993   
   0.3187500000000039     1.9312499999999990   
   0.3187500000000039     1.9437499999999992   
   0.3187500000000039     1.9562499999999989   
   0.3187500000000039     1.9687499999999991   
   0.3187500000000039     1.9812499999999993   
   0.3187500000000040     1.9937499999999997   
   0.3312500000000032     1.6062499999999993   
   0.3312500000000032     1.6187499999999992   
   0.3312500000000033     1.6312499999999992   
   0.3312500000000033     1.6437499999999994   
   0.3312500000000033     1.6562499999999993   
   0.3312500000000033     1.6687499999999991   
   0.3312500000000033     1.6812499999999992   
   0.3312500000000034     1.6937499999999992   
   0.3312500000000034     1.7062499999999994   
   0.3312500000000034     1.7187499999999991   
   0.3312500000000034     1.7312499999999993   
   0.3312500000000034     1.7437499999999992   
   0.3312500000000034     1.7562499999999992   
   0.3312500000000034     1.7687499999999994   
   0.3312500000000035     1.7812499999999991   
   0.3312500000000035     1.7937499999999988   
   0.3312500000000036     1.8062499999999992   
   0.3312500000000036     1.8187499999999992   
   0.3312500000000036     1.8312499999999989   
   0.3312500000000036     1.8437499999999991   
   0.3312500000000036     1.8562499999999993   
   0.3312500000000036     1.8687499999999995   
   0.3312500000000037     1.8812499999999994   
   0.3312500000000038     1.8937499999999994   
   0.3312500000000038     1.9062499999999996   
   0.3312500000000038     1.9187499999999993   
   0.3312500000000038     1.9312499999999990   
   0.3312500000000038     1.9437499999999990   
   0.3312500000000038     1.9562499999999989   
   0.3312500000000038     1.9687499999999991   
   0.3312500000000038     1.9812499999999993   
   0.3312500000000039     1.9937499999999997   
   0.3437500000000031     1.6062499999999993   
   0.3437500000000031     1.6187499999999990   
   0.3437500000000032     1.6312499999999992   
   0.3437500000000032     1.6437499999999989   
   0.3437500000000033     1.6562499999999991   
   0.3437500000000033     1.6687499999999991   
   0.3437500000000033     1.6812499999999992   
   0.3437500000000033     1.6937499999999994   
   0.3437500000000033     1.7062499999999989   
   0.3437500000000033     1.7187499999999991   
   0.3437500000000033     1.7312499999999991   
   0.3437500000000033     1.7437499999999990   
   0.3437500000000034     1.7562499999999992   
   0.3437500000000035     1.7687499999999994   
   0.3437500000000035     1.7812499999999991   
   0.3437500000000036     1.7937499999999988   
   0.3437500000000036     1.8062499999999992   
   0.3437500000000036     1.8187499999999992   
   0.3437500000000036     1.8312499999999994   
   0.3437500000000036     1.8437499999999993   
   0.3437500000000036     1.8562499999999993   
   0.3437500000000036     1.8687499999999995   
   0.3437500000000037     1.8812499999999994   
   0.3437500000000037     1.8937499999999994   
   0.3437500000000038     1.9062499999999991   
   0.3437500000000038     1.9187499999999993   
   0.3437500000000038     1.9312499999999992   
   0.3437500000000038     1.9437499999999992   
   0.3437500000000038     1.9562499999999989   
   0.3437500000000038     1.9687499999999991   
   0.3437500000000038     1.9812499999999993   
   0.3437500000000039     1.9937499999999999   
   0.3562500000000032     1.6312499999999992   
   0.3562500000000032     1.6437499999999989   
   0.3562500000000032     1.6562499999999991   
   0.3562500000000033     1.6687499999999991   
   0.3562500000000033     1.6812499999999990   
   0.3562500000000033     1.6937499999999992   
   0.3562500000000033     1.7062499999999992   
   0.3562500000000033     1.7187499999999991   
   0.3562500000000033     1.7312499999999991   
   0.3562500000000033     1.7437499999999992   
   0.3562500000000035     1.7562499999999992   
   0.3562500000000035     1.7687499999999989   
   0.3562500000000035     1.7812499999999993   
   0.3562500000000035     1.7937499999999993   
   0.3562500000000035     1.8062499999999992   
   0.3562500000000035     1.8187499999999992   
   0.3562500000000035     1.8312499999999989   
   0.3562500000000035     1.8437499999999996   
   0.3562500000000035     1.8562499999999993   
   0.3562500000000036     1.8687499999999995   
   0.3562500000000037     1.8812499999999994   
   0.3562500000000037     1.8937499999999994   
   0.3562500000000037     1.9062499999999991   
   0.3562500000000037     1.9187499999999993   
   0.3562500000000037     1.9312499999999990   
   0.3562500000000037     1.9437499999999988   
   0.3562500000000037     1.9562499999999989   
   0.3562500000000037     1.9687499999999989   
   0.3562500000000037     1.9812499999999993   
   0.3562500000000038     1.9937499999999997   
   0.3687500000000032     1.6812499999999990   
   0.3687500000000032     1.6937499999999992   
   0.3687500000000034     1.7062499999999994   
   0.3687500000000034     1.7187499999999993   
   0.3687500000000034     1.7312499999999991   
   0.3687500000000034     1.7437499999999990   
   0.3687500000000034     1.7562499999999990   
   0.3687500000000034     1.7687499999999989   
   0.3687500000000034     1.7812499999999991   
   0.3687500000000034     1.7937499999999993   
   0.3687500000000034     1.8062499999999992   
   0.3687500000000035     1.8187499999999992   
   0.3687500000000035     1.8312499999999992   
   0.3687500000000035     1.8437499999999993   
   0.3687500000000036     1.8562499999999993   
   0.3687500000000036     1.8687499999999997   
   0.3687500000000036     1.8812499999999994   
   0.3687500000000036     1.8937499999999989   
   0.3687500000000036     1.9062499999999989   
   0.3687500000000036     1.9187499999999993   
   0.3687500000000036     1.9312499999999990   
   0.3687500000000037     1.9437499999999990   
   0.3687500000000038     1.9562499999999989   
   0.3687500000000038     1.9687499999999989   
   0.3687500000000038     1.9812499999999993   
   0.3687500000000038     1.9937499999999997   
   0.3812500000000032     1.6812499999999992   
   0.3812500000000032     1.6937499999999992   
   0.3812500000000033     1.7062499999999989   
   0.3812500000000033     1.7187499999999991   
   0.3812500000000033     1.7312499999999988   
   0.3812500000000033     1.7437499999999990   
   0.3812500000000033     1.7562499999999992   
   0.3812500000000033     1.7687499999999994   
   0.3812500000000033     1.7812499999999993   
   0.3812500000000034     1.7937499999999993   
   0.3812500000000034     1.8062499999999990   
   0.3812500000000035     1.8187499999999992   
   0.3812500000000035     1.8312499999999994   
   0.3812500000000035     1.8437499999999993   
   0.3812500000000035     1.8562499999999993   
   0.3812500000000035     1.8687499999999992   
   0.3812500000000035     1.8812499999999994   
   0.3812500000000035     1.8937499999999989   
   0.3812500000000035     1.9062499999999989   
   0.3812500000000036     1.9187499999999993   
   0.3812500000000036     1.9312499999999992   
   0.3812500000000036     1.9437499999999992   
   0.3812500000000037     1.9562499999999989   
   0.3812500000000038     1.9687499999999989   
   0.3812500000000038     1.9812499999999993   
   0.3812500000000038     1.9937499999999999   
