   0.0062500000000007     0.5437500000000032   
   0.0062500000000007     0.5562500000000030   
   0.0062500000000007     0.5687500000000031   
   0.0062500000000007     0.5812500000000030   
   0.0062500000000008     0.5937500000000030   
   0.0062500000000008     0.6062500000000030   
   0.0062500000000008     0.6187500000000029   
   0.0062500000000008     0.6312500000000028   
   0.0062500000000008     0.6437500000000028   
   0.0062500000000008     0.6562500000000027   
   0.0062500000000008     0.6687500000000026   
   0.0062500000000009     0.6812500000000027   
   0.0062500000000009     0.6937500000000026   
   0.0062500000000009     0.7062500000000026   
   0.0062500000000009     0.7187500000000026   
   0.0062500000000009     0.7312500000000025   
   0.0062500000000009     0.7437500000000025   
   0.0062500000000010     0.7562500000000024   
   0.0062500000000010     0.7687500000000024   
   0.0062500000000010     0.7812500000000022   
   0.0062500000000010     0.7937500000000023   
   0.0062500000000010     0.8062500000000021   
   0.0062500000000010     0.8187500000000023   
   0.0062500000000011     0.8312500000000022   
   0.0062500000000011     0.8437500000000021   
   0.0062500000000011     0.8562500000000020   
   0.0062500000000011     0.8687500000000021   
   0.0062500000000011     0.8812500000000019   
   0.0062500000000011     0.8937500000000019   
   0.0062500000000011     0.9062500000000018   
   0.0062500000000012     0.9187500000000018   
   0.0062500000000012     0.9312500000000018   
   0.0187500000000014     0.5437500000000031   
   0.0187500000000014     0.5562500000000030   
   0.0187500000000014     0.5687500000000030   
   0.0187500000000015     0.5812500000000029   
   0.0187500000000015     0.5937500000000030   
   0.0187500000000015     0.6062500000000028   
   0.0187500000000016     0.6187500000000028   
   0.0187500000000016     0.6312500000000028   
   0.0187500000000016     0.6437500000000027   
   0.0187500000000017     0.6562500000000027   
   0.0187500000000017     0.6687500000000026   
   0.0187500000000017     0.6812500000000027   
   0.0187500000000017     0.6937500000000026   
   0.0187500000000018     0.7062500000000025   
   0.0187500000000018     0.7187500000000024   
   0.0187500000000018     0.7312500000000024   
   0.0187500000000019     0.7437500000000024   
   0.0187500000000019     0.7562500000000023   
   0.0187500000000019     0.7687500000000023   
   0.0187500000000020     0.7812500000000021   
   0.0187500000000020     0.7937500000000022   
   0.0187500000000020     0.8062500000000021   
   0.0187500000000021     0.8187500000000022   
   0.0187500000000021     0.8312500000000020   
   0.0187500000000021     0.8437500000000020   
   0.0187500000000022     0.8562500000000020   
   0.0187500000000022     0.8687500000000019   
   0.0187500000000022     0.8812500000000019   
   0.0187500000000023     0.8937500000000018   
   0.0187500000000023     0.9062500000000018   
   0.0187500000000023     0.9187500000000017   
   0.0187500000000023     0.9312500000000017   
   0.0312500000000014     0.5437500000000031   
   0.0312500000000014     0.5562500000000031   
   0.0312500000000014     0.5687500000000030   
   0.0312500000000015     0.5812500000000029   
   0.0312500000000015     0.5937500000000029   
   0.0312500000000015     0.6062500000000028   
   0.0312500000000015     0.6187500000000028   
   0.0312500000000016     0.6312500000000026   
   0.0312500000000016     0.6437500000000027   
   0.0312500000000016     0.6562500000000027   
   0.0312500000000017     0.6687500000000026   
   0.0312500000000017     0.6812500000000026   
   0.0312500000000017     0.6937500000000025   
   0.0312500000000018     0.7062500000000025   
   0.0312500000000018     0.7187500000000023   
   0.0312500000000018     0.7312500000000024   
   0.0312500000000019     0.7437500000000024   
   0.0312500000000019     0.7562500000000024   
   0.0312500000000019     0.7687500000000023   
   0.0312500000000020     0.7812500000000022   
   0.0312500000000020     0.7937500000000022   
   0.0312500000000020     0.8062500000000022   
   0.0312500000000020     0.8187500000000023   
   0.0312500000000021     0.8312500000000020   
   0.0312500000000021     0.8437500000000020   
   0.0312500000000021     0.8562500000000020   
   0.0312500000000022     0.8687500000000018   
   0.0312500000000022     0.8812500000000019   
   0.0312500000000022     0.8937500000000018   
   0.0312500000000023     0.9062500000000018   
   0.0312500000000023     0.9187500000000017   
   0.0312500000000023     0.9312500000000016   
   0.0437500000000014     0.5437500000000031   
   0.0437500000000014     0.5562500000000030   
   0.0437500000000014     0.5687500000000030   
   0.0437500000000014     0.5812500000000029   
   0.0437500000000015     0.5937500000000029   
   0.0437500000000015     0.6062500000000027   
   0.0437500000000015     0.6187500000000027   
   0.0437500000000016     0.6312500000000028   
   0.0437500000000016     0.6437500000000026   
   0.0437500000000016     0.6562500000000027   
   0.0437500000000017     0.6687500000000026   
   0.0437500000000017     0.6812500000000026   
   0.0437500000000017     0.6937500000000024   
   0.0437500000000017     0.7062500000000025   
   0.0437500000000018     0.7187500000000023   
   0.0437500000000018     0.7312500000000023   
   0.0437500000000018     0.7437500000000024   
   0.0437500000000019     0.7562500000000023   
   0.0437500000000019     0.7687500000000023   
   0.0437500000000019     0.7812500000000022   
   0.0437500000000020     0.7937500000000023   
   0.0437500000000020     0.8062500000000021   
   0.0437500000000020     0.8187500000000021   
   0.0437500000000021     0.8312500000000020   
   0.0437500000000021     0.8437500000000019   
   0.0437500000000021     0.8562500000000020   
   0.0437500000000022     0.8687500000000018   
   0.0437500000000022     0.8812500000000018   
   0.0437500000000022     0.8937500000000018   
   0.0437500000000022     0.9062500000000018   
   0.0437500000000023     0.9187500000000017   
   0.0437500000000023     0.9312500000000016   
   0.0562500000000013     0.5437500000000030   
   0.0562500000000014     0.5562500000000029   
   0.0562500000000014     0.5687500000000030   
   0.0562500000000014     0.5812500000000029   
   0.0562500000000015     0.5937500000000029   
   0.0562500000000015     0.6062500000000028   
   0.0562500000000015     0.6187500000000027   
   0.0562500000000015     0.6312500000000028   
   0.0562500000000016     0.6437500000000027   
   0.0562500000000016     0.6562500000000026   
   0.0562500000000016     0.6687500000000026   
   0.0562500000000017     0.6812500000000025   
   0.0562500000000017     0.6937500000000024   
   0.0562500000000017     0.7062500000000025   
   0.0562500000000018     0.7187500000000024   
   0.0562500000000018     0.7312500000000023   
   0.0562500000000018     0.7437500000000024   
   0.0562500000000018     0.7562500000000023   
   0.0562500000000019     0.7687500000000022   
   0.0562500000000019     0.7812500000000021   
   0.0562500000000020     0.7937500000000022   
   0.0562500000000020     0.8062500000000021   
   0.0562500000000020     0.8187500000000020   
   0.0562500000000020     0.8312500000000020   
   0.0562500000000021     0.8437500000000020   
   0.0562500000000021     0.8562500000000020   
   0.0562500000000021     0.8687500000000019   
   0.0562500000000022     0.8812500000000018   
   0.0562500000000022     0.8937500000000017   
   0.0562500000000022     0.9062500000000018   
   0.0562500000000023     0.9187500000000016   
   0.0562500000000023     0.9312500000000016   
   0.0687500000000013     0.5437500000000030   
   0.0687500000000013     0.5562500000000029   
   0.0687500000000014     0.5687500000000030   
   0.0687500000000014     0.5812500000000029   
   0.0687500000000014     0.5937500000000028   
   0.0687500000000015     0.6062500000000028   
   0.0687500000000015     0.6187500000000028   
   0.0687500000000015     0.6312500000000026   
   0.0687500000000016     0.6437500000000026   
   0.0687500000000016     0.6562500000000026   
   0.0687500000000016     0.6687500000000025   
   0.0687500000000016     0.6812500000000025   
   0.0687500000000017     0.6937500000000024   
   0.0687500000000017     0.7062500000000025   
   0.0687500000000017     0.7187500000000023   
   0.0687500000000018     0.7312500000000023   
   0.0687500000000018     0.7437500000000022   
   0.0687500000000018     0.7562500000000023   
   0.0687500000000019     0.7687500000000022   
   0.0687500000000019     0.7812500000000021   
   0.0687500000000019     0.7937500000000021   
   0.0687500000000019     0.8062500000000021   
   0.0687500000000020     0.8187500000000020   
   0.0687500000000020     0.8312500000000019   
   0.0687500000000021     0.8437500000000018   
   0.0687500000000021     0.8562500000000018   
   0.0687500000000021     0.8687500000000018   
   0.0687500000000021     0.8812500000000018   
   0.0687500000000022     0.8937500000000017   
   0.0687500000000022     0.9062500000000018   
   0.0687500000000022     0.9187500000000017   
   0.0687500000000023     0.9312500000000016   
   0.0812500000000013     0.5437500000000030   
   0.0812500000000013     0.5562500000000029   
   0.0812500000000014     0.5687500000000029   
   0.0812500000000014     0.5812500000000028   
   0.0812500000000014     0.5937500000000028   
   0.0812500000000014     0.6062500000000027   
   0.0812500000000015     0.6187500000000027   
   0.0812500000000015     0.6312500000000026   
   0.0812500000000016     0.6437500000000026   
   0.0812500000000016     0.6562500000000026   
   0.0812500000000016     0.6687500000000025   
   0.0812500000000016     0.6812500000000025   
   0.0812500000000017     0.6937500000000025   
   0.0812500000000017     0.7062500000000025   
   0.0812500000000017     0.7187500000000023   
   0.0812500000000018     0.7312500000000023   
   0.0812500000000018     0.7437500000000022   
   0.0812500000000018     0.7562500000000023   
   0.0812500000000018     0.7687500000000022   
   0.0812500000000019     0.7812500000000021   
   0.0812500000000019     0.7937500000000020   
   0.0812500000000019     0.8062500000000020   
   0.0812500000000020     0.8187500000000020   
   0.0812500000000020     0.8312500000000019   
   0.0812500000000020     0.8437500000000019   
   0.0812500000000021     0.8562500000000017   
   0.0812500000000021     0.8687500000000017   
   0.0812500000000021     0.8812500000000018   
   0.0812500000000022     0.8937500000000017   
   0.0812500000000022     0.9062500000000018   
   0.0812500000000022     0.9187500000000016   
   0.0812500000000022     0.9312500000000016   
   0.0937500000000013     0.5437500000000030   
   0.0937500000000013     0.5562500000000029   
   0.0937500000000013     0.5687500000000029   
   0.0937500000000014     0.5812500000000028   
   0.0937500000000014     0.5937500000000028   
   0.0937500000000014     0.6062500000000027   
   0.0937500000000015     0.6187500000000027   
   0.0937500000000015     0.6312500000000026   
   0.0937500000000015     0.6437500000000026   
   0.0937500000000016     0.6562500000000026   
   0.0937500000000016     0.6687500000000025   
   0.0937500000000016     0.6812500000000025   
   0.0937500000000017     0.6937500000000023   
   0.0937500000000017     0.7062500000000024   
   0.0937500000000017     0.7187500000000023   
   0.0937500000000017     0.7312500000000023   
   0.0937500000000018     0.7437500000000021   
   0.0937500000000018     0.7562500000000022   
   0.0937500000000018     0.7687500000000022   
   0.0937500000000019     0.7812500000000021   
   0.0937500000000019     0.7937500000000021   
   0.0937500000000019     0.8062500000000021   
   0.0937500000000020     0.8187500000000020   
   0.0937500000000020     0.8312500000000019   
   0.0937500000000020     0.8437500000000019   
   0.0937500000000020     0.8562500000000017   
   0.0937500000000021     0.8687500000000017   
   0.0937500000000021     0.8812500000000018   
   0.0937500000000021     0.8937500000000017   
   0.0937500000000022     0.9062500000000017   
   0.0937500000000022     0.9187500000000016   
   0.0937500000000022     0.9312500000000015   
   0.0937500000000022     0.9437500000000015   
   0.1062500000000013     0.5437500000000030   
   0.1062500000000013     0.5562500000000029   
   0.1062500000000013     0.5687500000000029   
   0.1062500000000014     0.5812500000000027   
   0.1062500000000014     0.5937500000000027   
   0.1062500000000014     0.6062500000000027   
   0.1062500000000015     0.6187500000000027   
   0.1062500000000015     0.6312500000000026   
   0.1062500000000015     0.6437500000000026   
   0.1062500000000015     0.6562500000000026   
   0.1062500000000016     0.6687500000000025   
   0.1062500000000016     0.6812500000000025   
   0.1062500000000016     0.6937500000000023   
   0.1062500000000017     0.7062500000000025   
   0.1062500000000017     0.7187500000000023   
   0.1062500000000017     0.7312500000000023   
   0.1062500000000018     0.7437500000000022   
   0.1062500000000018     0.7562500000000023   
   0.1062500000000018     0.7687500000000022   
   0.1062500000000018     0.7812500000000021   
   0.1062500000000019     0.7937500000000020   
   0.1062500000000019     0.8062500000000021   
   0.1062500000000019     0.8187500000000020   
   0.1062500000000020     0.8312500000000019   
   0.1062500000000020     0.8437500000000019   
   0.1062500000000020     0.8562500000000017   
   0.1062500000000021     0.8687500000000017   
   0.1062500000000021     0.8812500000000018   
   0.1062500000000021     0.8937500000000016   
   0.1062500000000021     0.9062500000000018   
   0.1062500000000022     0.9187500000000016   
   0.1062500000000022     0.9312500000000016   
   0.1062500000000022     0.9437500000000015   
   0.1187500000000013     0.5437500000000030   
   0.1187500000000013     0.5562500000000029   
   0.1187500000000013     0.5687500000000029   
   0.1187500000000014     0.5812500000000028   
   0.1187500000000014     0.5937500000000028   
   0.1187500000000014     0.6062500000000027   
   0.1187500000000015     0.6187500000000027   
   0.1187500000000015     0.6312500000000026   
   0.1187500000000015     0.6437500000000026   
   0.1187500000000015     0.6562500000000026   
   0.1187500000000016     0.6687500000000025   
   0.1187500000000016     0.6812500000000024   
   0.1187500000000016     0.6937500000000024   
   0.1187500000000016     0.7062500000000025   
   0.1187500000000017     0.7187500000000023   
   0.1187500000000017     0.7312500000000023   
   0.1187500000000018     0.7437500000000022   
   0.1187500000000018     0.7562500000000023   
   0.1187500000000018     0.7687500000000022   
   0.1187500000000018     0.7812500000000020   
   0.1187500000000019     0.7937500000000021   
   0.1187500000000019     0.8062500000000021   
   0.1187500000000019     0.8187500000000020   
   0.1187500000000019     0.8312500000000019   
   0.1187500000000020     0.8437500000000019   
   0.1187500000000020     0.8562500000000020   
   0.1187500000000020     0.8687500000000018   
   0.1187500000000020     0.8812500000000016   
   0.1187500000000021     0.8937500000000017   
   0.1187500000000021     0.9062500000000018   
   0.1187500000000021     0.9187500000000016   
   0.1187500000000022     0.9312500000000016   
   0.1187500000000022     0.9437500000000015   
   0.1312500000000013     0.5437500000000030   
   0.1312500000000013     0.5562500000000029   
   0.1312500000000013     0.5687500000000029   
   0.1312500000000013     0.5812500000000028   
   0.1312500000000014     0.5937500000000028   
   0.1312500000000014     0.6062500000000027   
   0.1312500000000014     0.6187500000000027   
   0.1312500000000014     0.6312500000000026   
   0.1312500000000015     0.6437500000000026   
   0.1312500000000015     0.6562500000000026   
   0.1312500000000015     0.6687500000000025   
   0.1312500000000016     0.6812500000000025   
   0.1312500000000016     0.6937500000000024   
   0.1312500000000016     0.7062500000000025   
   0.1312500000000016     0.7187500000000023   
   0.1312500000000017     0.7312500000000023   
   0.1312500000000018     0.7437500000000022   
   0.1312500000000018     0.7562500000000023   
   0.1312500000000018     0.7687500000000022   
   0.1312500000000018     0.7812500000000021   
   0.1312500000000019     0.7937500000000021   
   0.1312500000000019     0.8062500000000021   
   0.1312500000000019     0.8187500000000020   
   0.1312500000000019     0.8312500000000019   
   0.1312500000000019     0.8437500000000019   
   0.1312500000000020     0.8562500000000020   
   0.1312500000000020     0.8687500000000018   
   0.1312500000000020     0.8812500000000018   
   0.1312500000000021     0.8937500000000017   
   0.1312500000000021     0.9062500000000018   
   0.1312500000000021     0.9187500000000016   
   0.1312500000000021     0.9312500000000016   
   0.1312500000000022     0.9437500000000014   
   0.1437500000000013     0.5437500000000031   
   0.1437500000000013     0.5562500000000030   
   0.1437500000000013     0.5687500000000029   
   0.1437500000000013     0.5812500000000028   
   0.1437500000000014     0.5937500000000028   
   0.1437500000000014     0.6062500000000027   
   0.1437500000000014     0.6187500000000028   
   0.1437500000000014     0.6312500000000028   
   0.1437500000000015     0.6437500000000027   
   0.1437500000000015     0.6562500000000026   
   0.1437500000000015     0.6687500000000025   
   0.1437500000000015     0.6812500000000025   
   0.1437500000000016     0.6937500000000024   
   0.1437500000000016     0.7062500000000025   
   0.1437500000000017     0.7187500000000024   
   0.1437500000000017     0.7312500000000023   
   0.1437500000000017     0.7437500000000022   
   0.1437500000000018     0.7562500000000023   
   0.1437500000000018     0.7687500000000022   
   0.1437500000000018     0.7812500000000021   
   0.1437500000000018     0.7937500000000022   
   0.1437500000000018     0.8062500000000021   
   0.1437500000000019     0.8187500000000021   
   0.1437500000000019     0.8312500000000019   
   0.1437500000000019     0.8437500000000019   
   0.1437500000000019     0.8562500000000020   
   0.1437500000000020     0.8687500000000019   
   0.1437500000000020     0.8812500000000018   
   0.1437500000000020     0.8937500000000018   
   0.1437500000000021     0.9062500000000018   
   0.1437500000000021     0.9187500000000016   
   0.1437500000000021     0.9312500000000016   
   0.1437500000000022     0.9437500000000015   
   0.1562500000000012     0.5437500000000030   
   0.1562500000000013     0.5562500000000029   
   0.1562500000000013     0.5687500000000029   
   0.1562500000000013     0.5812500000000028   
   0.1562500000000013     0.5937500000000028   
   0.1562500000000014     0.6062500000000027   
   0.1562500000000014     0.6187500000000028   
   0.1562500000000015     0.6312500000000028   
   0.1562500000000015     0.6437500000000026   
   0.1562500000000015     0.6562500000000026   
   0.1562500000000016     0.6687500000000025   
   0.1562500000000016     0.6812500000000025   
   0.1562500000000016     0.6937500000000024   
   0.1562500000000016     0.7062500000000025   
   0.1562500000000017     0.7187500000000023   
   0.1562500000000017     0.7312500000000023   
   0.1562500000000017     0.7437500000000024   
   0.1562500000000017     0.7562500000000023   
   0.1562500000000017     0.7687500000000022   
   0.1562500000000018     0.7812500000000021   
   0.1562500000000018     0.7937500000000021   
   0.1562500000000019     0.8062500000000021   
   0.1562500000000019     0.8187500000000020   
   0.1562500000000019     0.8312500000000019   
   0.1562500000000019     0.8437500000000020   
   0.1562500000000019     0.8562500000000020   
   0.1562500000000020     0.8687500000000018   
   0.1562500000000020     0.8812500000000018   
   0.1562500000000021     0.8937500000000017   
   0.1562500000000021     0.9062500000000018   
   0.1562500000000021     0.9187500000000017   
   0.1562500000000021     0.9312500000000016   
   0.1562500000000022     0.9437500000000015   
   0.1687500000000012     0.5437500000000030   
   0.1687500000000012     0.5562500000000029   
   0.1687500000000013     0.5687500000000029   
   0.1687500000000013     0.5812500000000028   
   0.1687500000000013     0.5937500000000028   
   0.1687500000000014     0.6062500000000027   
   0.1687500000000014     0.6187500000000027   
   0.1687500000000015     0.6312500000000026   
   0.1687500000000015     0.6437500000000026   
   0.1687500000000015     0.6562500000000026   
   0.1687500000000015     0.6687500000000025   
   0.1687500000000015     0.6812500000000025   
   0.1687500000000016     0.6937500000000025   
   0.1687500000000016     0.7062500000000025   
   0.1687500000000016     0.7187500000000023   
   0.1687500000000016     0.7312500000000023   
   0.1687500000000017     0.7437500000000024   
   0.1687500000000017     0.7562500000000023   
   0.1687500000000017     0.7687500000000022   
   0.1687500000000018     0.7812500000000021   
   0.1687500000000018     0.7937500000000021   
   0.1687500000000018     0.8062500000000021   
   0.1687500000000019     0.8187500000000020   
   0.1687500000000019     0.8312500000000019   
   0.1687500000000020     0.8437500000000020   
   0.1687500000000020     0.8562500000000020   
   0.1687500000000020     0.8687500000000018   
   0.1687500000000020     0.8812500000000018   
   0.1687500000000020     0.8937500000000018   
   0.1687500000000020     0.9062500000000018   
   0.1687500000000021     0.9187500000000015   
   0.1687500000000021     0.9312500000000015   
   0.1687500000000021     0.9437500000000015   
   0.1812500000000012     0.5437500000000030   
   0.1812500000000012     0.5562500000000029   
   0.1812500000000013     0.5687500000000029   
   0.1812500000000013     0.5812500000000028   
   0.1812500000000014     0.5937500000000028   
   0.1812500000000014     0.6062500000000027   
   0.1812500000000014     0.6187500000000027   
   0.1812500000000014     0.6312500000000026   
   0.1812500000000015     0.6437500000000026   
   0.1812500000000015     0.6562500000000026   
   0.1812500000000015     0.6687500000000025   
   0.1812500000000016     0.6812500000000025   
   0.1812500000000016     0.6937500000000024   
   0.1812500000000016     0.7062500000000025   
   0.1812500000000016     0.7187500000000023   
   0.1812500000000016     0.7312500000000023   
   0.1812500000000017     0.7437500000000022   
   0.1812500000000017     0.7562500000000023   
   0.1812500000000017     0.7687500000000022   
   0.1812500000000017     0.7812500000000021   
   0.1812500000000018     0.7937500000000021   
   0.1812500000000018     0.8062500000000021   
   0.1812500000000019     0.8187500000000020   
   0.1812500000000019     0.8312500000000019   
   0.1812500000000019     0.8437500000000019   
   0.1812500000000019     0.8562500000000020   
   0.1812500000000019     0.8687500000000018   
   0.1812500000000020     0.8812500000000018   
   0.1812500000000020     0.8937500000000017   
   0.1812500000000020     0.9062500000000018   
   0.1812500000000021     0.9187500000000016   
   0.1812500000000021     0.9312500000000015   
   0.1812500000000021     0.9437500000000016   
   0.1937500000000012     0.5437500000000031   
   0.1937500000000013     0.5562500000000030   
   0.1937500000000013     0.5687500000000029   
   0.1937500000000013     0.5812500000000028   
   0.1937500000000013     0.5937500000000028   
   0.1937500000000013     0.6062500000000027   
   0.1937500000000014     0.6187500000000027   
   0.1937500000000014     0.6312500000000026   
   0.1937500000000014     0.6437500000000026   
   0.1937500000000014     0.6562500000000026   
   0.1937500000000015     0.6687500000000025   
   0.1937500000000015     0.6812500000000025   
   0.1937500000000016     0.6937500000000024   
   0.1937500000000016     0.7062500000000025   
   0.1937500000000016     0.7187500000000023   
   0.1937500000000016     0.7312500000000023   
   0.1937500000000016     0.7437500000000022   
   0.1937500000000017     0.7562500000000023   
   0.1937500000000018     0.7687500000000022   
   0.1937500000000018     0.7812500000000021   
   0.1937500000000018     0.7937500000000021   
   0.1937500000000018     0.8062500000000021   
   0.1937500000000018     0.8187500000000020   
   0.1937500000000019     0.8312500000000019   
   0.1937500000000019     0.8437500000000019   
   0.1937500000000019     0.8562500000000018   
   0.1937500000000019     0.8687500000000018   
   0.1937500000000020     0.8812500000000018   
   0.1937500000000020     0.8937500000000016   
   0.1937500000000020     0.9062500000000018   
   0.1937500000000020     0.9187500000000016   
   0.1937500000000021     0.9312500000000016   
   0.1937500000000021     0.9437500000000016   
   0.2062500000000013     0.5562500000000029   
   0.2062500000000013     0.5687500000000029   
   0.2062500000000013     0.5812500000000028   
   0.2062500000000013     0.5937500000000028   
   0.2062500000000013     0.6062500000000027   
   0.2062500000000014     0.6187500000000027   
   0.2062500000000014     0.6312500000000026   
   0.2062500000000015     0.6437500000000026   
   0.2062500000000015     0.6562500000000026   
   0.2062500000000015     0.6687500000000025   
   0.2062500000000015     0.6812500000000025   
   0.2062500000000015     0.6937500000000024   
   0.2062500000000015     0.7062500000000025   
   0.2062500000000016     0.7187500000000023   
   0.2062500000000016     0.7312500000000023   
   0.2062500000000017     0.7437500000000022   
   0.2062500000000017     0.7562500000000023   
   0.2062500000000017     0.7687500000000022   
   0.2062500000000017     0.7812500000000021   
   0.2062500000000018     0.7937500000000021   
   0.2062500000000018     0.8062500000000021   
   0.2062500000000018     0.8187500000000020   
   0.2062500000000018     0.8312500000000018   
   0.2062500000000018     0.8437500000000019   
   0.2062500000000019     0.8562500000000017   
   0.2062500000000019     0.8687500000000017   
   0.2062500000000019     0.8812500000000018   
   0.2062500000000020     0.8937500000000016   
   0.2062500000000020     0.9062500000000016   
   0.2062500000000020     0.9187500000000017   
   0.2062500000000021     0.9312500000000016   
   0.2062500000000021     0.9437500000000015   
   0.2187500000000012     0.5562500000000028   
   0.2187500000000013     0.5687500000000028   
   0.2187500000000013     0.5812500000000027   
   0.2187500000000013     0.5937500000000027   
   0.2187500000000014     0.6062500000000027   
   0.2187500000000014     0.6187500000000026   
   0.2187500000000014     0.6312500000000026   
   0.2187500000000014     0.6437500000000025   
   0.2187500000000015     0.6562500000000024   
   0.2187500000000015     0.6687500000000024   
   0.2187500000000015     0.6812500000000025   
   0.2187500000000016     0.6937500000000023   
   0.2187500000000016     0.7062500000000023   
   0.2187500000000016     0.7187500000000022   
   0.2187500000000016     0.7312500000000023   
   0.2187500000000017     0.7437500000000021   
   0.2187500000000017     0.7562500000000022   
   0.2187500000000017     0.7687500000000020   
   0.2187500000000017     0.7812500000000021   
   0.2187500000000018     0.7937500000000020   
   0.2187500000000018     0.8062500000000019   
   0.2187500000000018     0.8187500000000019   
   0.2187500000000018     0.8312500000000019   
   0.2187500000000018     0.8437500000000018   
   0.2187500000000019     0.8562500000000017   
   0.2187500000000019     0.8687500000000016   
   0.2187568427544114     0.8812547598674333   
   0.2187801617618556     0.8937608612299910   
   0.2188072904009538     0.9062634489236610   
   0.2188183438618362     0.9187539961434701   
   0.2188203248797270     0.9312510292633226   
   0.2188166030148899     0.9437486861567502   
   0.2312500000000012     0.5562500000000028   
   0.2312500000000012     0.5687500000000028   
   0.2312500000000013     0.5812500000000027   
   0.2312500000000013     0.5937500000000027   
   0.2312500000000014     0.6062500000000026   
   0.2312500000000014     0.6187500000000026   
   0.2312500000000014     0.6312500000000025   
   0.2312500000000014     0.6437500000000025   
   0.2312500000000015     0.6562500000000024   
   0.2312500000000015     0.6687500000000024   
   0.2312500000000015     0.6812500000000024   
   0.2312500000000015     0.6937500000000023   
   0.2312500000000016     0.7062500000000023   
   0.2312500000000016     0.7187500000000023   
   0.2312500000000016     0.7312500000000022   
   0.2312500000000016     0.7437500000000021   
   0.2312500000000016     0.7562500000000021   
   0.2312500000000017     0.7687500000000022   
   0.2312500000000017     0.7812500000000020   
   0.2312500000000017     0.7937500000000020   
   0.2312500000000018     0.8062500000000018   
   0.2312500000000018     0.8187500000000020   
   0.2312500000000018     0.8312500000000018   
   0.2312500000000018     0.8437500000000018   
   0.2312500000000018     0.8562500000000017   
   0.2312517459770399     0.8687541100005044   
   0.2312989420544805     0.8813199546730938   
   0.2314819284309304     0.8939025318497857   
   0.2317225182030506     0.9063340574857370   
   0.2317408342029504     0.9187616369785389   
   0.2317380018177306     0.9312470884662671   
   0.2317531335172429     0.9437473781329609   
   0.2437500000000012     0.5562500000000028   
   0.2437500000000012     0.5687500000000028   
   0.2437500000000012     0.5812500000000027   
   0.2437500000000013     0.5937500000000027   
   0.2437500000000013     0.6062500000000026   
   0.2437500000000014     0.6187500000000026   
   0.2437500000000014     0.6312500000000025   
   0.2437500000000014     0.6437500000000025   
   0.2437500000000014     0.6562500000000024   
   0.2437500000000015     0.6687500000000024   
   0.2437500000000015     0.6812500000000024   
   0.2437500000000015     0.6937500000000023   
   0.2437500000000015     0.7062500000000023   
   0.2437500000000016     0.7187500000000022   
   0.2437500000000016     0.7312500000000022   
   0.2437500000000016     0.7437500000000021   
   0.2437500000000016     0.7562500000000021   
   0.2437500000000016     0.7687500000000020   
   0.2437500000000017     0.7812500000000020   
   0.2437500000000017     0.7937500000000020   
   0.2437500000000018     0.8062500000000019   
   0.2437500000000018     0.8187500000000019   
   0.2437500000000018     0.8312500000000019   
   0.2437500000000018     0.8437500000000018   
   0.2437500000000018     0.8562500000000017   
   0.2437504414289118     0.8687574221268659   
   0.2438042192588454     0.8813867927002362   
   0.2446780926864237     0.8938819760405158   
   0.2457170213905544     0.9062572552654461   
   0.2456827534321547     0.9187332268499812   
   0.2456362406765668     0.9312468228938777   
   0.2456284033589057     0.9437464914495302   
   0.2562500000000012     0.5687500000000028   
   0.2562500000000013     0.5812500000000026   
   0.2562500000000013     0.5937500000000026   
   0.2562500000000013     0.6062500000000025   
   0.2562500000000013     0.6187500000000025   
   0.2562500000000013     0.6312500000000025   
   0.2562500000000014     0.6437500000000025   
   0.2562500000000014     0.6562500000000024   
   0.2562500000000014     0.6687500000000023   
   0.2562500000000015     0.6812500000000022   
   0.2562500000000015     0.6937500000000023   
   0.2562500000000015     0.7062500000000022   
   0.2562500000000015     0.7187500000000021   
   0.2562500000000015     0.7312500000000022   
   0.2562500000000015     0.7437500000000021   
   0.2562500000000016     0.7562500000000021   
   0.2562500000000016     0.7687500000000019   
   0.2562500000000016     0.7812500000000019   
   0.2562500000000016     0.7937500000000020   
   0.2562500000000017     0.8062500000000018   
   0.2562500000000018     0.8187500000000018   
   0.2562500000000018     0.8312500000000018   
   0.2562500000000018     0.8437500000000018   
   0.2562500000000018     0.8562500000000017   
   0.2562500000000019     0.8687500000000016   
   0.2562683682351156     0.8812565161973546   
   0.2578358146530192     0.8935969832092926   
   0.2594192862806781     0.9060845645476171   
   0.2593683136087390     0.9186742468632954   
   0.2592991893956942     0.9312325707751734   
   0.2592864637957655     0.9437471728001717   
   0.2687500000000013     0.5687500000000026   
   0.2687500000000013     0.5812500000000026   
   0.2687500000000013     0.5937500000000026   
   0.2687500000000014     0.6062500000000025   
   0.2687500000000014     0.6187500000000025   
   0.2687500000000014     0.6312500000000024   
   0.2687500000000014     0.6437500000000024   
   0.2687500000000014     0.6562500000000023   
   0.2687500000000015     0.6687500000000023   
   0.2687500000000015     0.6812500000000022   
   0.2687500000000015     0.6937500000000023   
   0.2687500000000015     0.7062500000000022   
   0.2687500000000016     0.7187500000000021   
   0.2687500000000016     0.7312500000000021   
   0.2687500000000016     0.7437500000000021   
   0.2687500000000016     0.7562500000000020   
   0.2687500000000016     0.7687500000000019   
   0.2687500000000017     0.7812500000000019   
   0.2687500000000017     0.7937500000000020   
   0.2687500000000017     0.8062500000000018   
   0.2687500000000017     0.8187500000000018   
   0.2687500000000018     0.8312500000000017   
   0.2687500000000018     0.8437500000000018   
   0.2687500000000018     0.8562500000000016   
   0.2687538334196939     0.8687394190233449   
   0.2688477028247045     0.8811111995258170   
   0.2705376660911837     0.8934598237050283   
   0.2721031957095342     0.9059675427425977   
   0.2721133595955314     0.9186321462888031   
   0.2720807013731750     0.9312208446497338   
   0.2720701494379380     0.9437455011519873   
   0.2812500000000013     0.5687500000000026   
   0.2812500000000012     0.5812500000000026   
   0.2812500000000012     0.5937500000000026   
   0.2812500000000013     0.6062500000000026   
   0.2812500000000013     0.6187500000000026   
   0.2812500000000013     0.6312500000000024   
   0.2812500000000013     0.6437500000000024   
   0.2812500000000014     0.6562500000000023   
   0.2812500000000014     0.6687500000000023   
   0.2812500000000015     0.6812500000000022   
   0.2812500000000015     0.6937500000000023   
   0.2812500000000015     0.7062500000000023   
   0.2812500000000016     0.7187500000000021   
   0.2812500000000016     0.7312500000000021   
   0.2812500000000016     0.7437500000000021   
   0.2812500000000016     0.7562500000000020   
   0.2812500000000016     0.7687500000000019   
   0.2812500000000016     0.7812500000000020   
   0.2812500000000017     0.7937500000000020   
   0.2812500000000017     0.8062500000000018   
   0.2812500000000017     0.8187500000000018   
   0.2812500000000017     0.8312500000000017   
   0.2812500000000018     0.8437500000000018   
   0.2812500000000018     0.8562500000000016   
   0.2812630556940982     0.8687307619551937   
   0.2814031144369271     0.8811326578848467   
   0.2831082523836443     0.8934400751020066   
   0.2846710490781958     0.9059056059365423   
   0.2847062954748431     0.9185940308201065   
   0.2846935750468971     0.9312084968111213   
   0.2846869416260971     0.9437427079126762   
   0.2937500000000012     0.5937500000000026   
   0.2937500000000013     0.6062500000000025   
   0.2937500000000013     0.6187500000000025   
   0.2937500000000013     0.6312500000000024   
   0.2937500000000013     0.6437500000000024   
   0.2937500000000014     0.6562500000000023   
   0.2937500000000014     0.6687500000000023   
   0.2937500000000015     0.6812500000000022   
   0.2937500000000015     0.6937500000000023   
   0.2937500000000015     0.7062500000000020   
   0.2937500000000015     0.7187500000000021   
   0.2937500000000015     0.7312500000000021   
   0.2937500000000015     0.7437500000000021   
   0.2937500000000016     0.7562500000000020   
   0.2937500000000016     0.7687500000000019   
   0.2937500000000016     0.7812500000000018   
   0.2937500000000016     0.7937500000000020   
   0.2937500000000017     0.8062500000000018   
   0.2937500000000017     0.8187500000000018   
   0.2937500000000017     0.8312500000000017   
   0.2937500000000017     0.8437500000000018   
   0.2937500000000017     0.8562500000000015   
   0.2937638055970630     0.8687334961544642   
   0.2939005604040688     0.8811531122626574   
   0.2956004227485801     0.8934274209890647   
   0.2971867972758777     0.9058911869515369   
   0.2972333339271273     0.9185842894329556   
   0.2972297505217860     0.9312035720906086   
   0.2972274343176418     0.9437408053962283   
   0.3062500000000012     0.5937500000000026   
   0.3062500000000013     0.6062500000000024   
   0.3062500000000013     0.6187500000000024   
   0.3062500000000013     0.6312500000000024   
   0.3062500000000014     0.6437500000000024   
   0.3062500000000015     0.6562500000000023   
   0.3062500000000015     0.6687500000000023   
   0.3062500000000015     0.6812500000000022   
   0.3062500000000015     0.6937500000000023   
   0.3062500000000015     0.7062500000000022   
   0.3062500000000015     0.7187500000000020   
   0.3062500000000015     0.7312500000000021   
   0.3062500000000016     0.7437500000000021   
   0.3062500000000016     0.7562500000000020   
   0.3062500000000016     0.7687500000000018   
   0.3062500000000016     0.7812500000000018   
   0.3062500000000016     0.7937500000000020   
   0.3062500000000017     0.8062500000000018   
   0.3062500000000017     0.8187500000000018   
   0.3062500000000017     0.8312500000000016   
   0.3062500000000017     0.8437500000000016   
   0.3062500000000018     0.8562500000000015   
   0.3062638022153410     0.8687335279519877   
   0.3064011775684862     0.8811534640425325   
   0.3081044838138148     0.8934253773265635   
   0.3096900872258999     0.9058893639932321   
   0.3097376620148937     0.9185821956885434   
   0.3097375040963122     0.9312012064037886   
   0.3097369568187301     0.9437403368450926   
   0.3187500000000013     0.5937500000000024   
   0.3187500000000013     0.6062500000000024   
   0.3187500000000013     0.6187500000000024   
   0.3187500000000013     0.6312500000000024   
   0.3187500000000014     0.6437500000000024   
   0.3187500000000014     0.6562500000000023   
   0.3187500000000014     0.6687500000000023   
   0.3187500000000014     0.6812500000000022   
   0.3187500000000015     0.6937500000000023   
   0.3187500000000015     0.7062500000000020   
   0.3187500000000015     0.7187500000000021   
   0.3187500000000015     0.7312500000000021   
   0.3187500000000015     0.7437500000000019   
   0.3187500000000016     0.7562500000000019   
   0.3187500000000016     0.7687500000000019   
   0.3187500000000016     0.7812500000000018   
   0.3187500000000016     0.7937500000000018   
   0.3187500000000017     0.8062500000000018   
   0.3187500000000018     0.8187500000000018   
   0.3187500000000018     0.8312500000000016   
   0.3187500000000018     0.8437500000000016   
   0.3187500000000018     0.8562500000000015   
   0.3187638410802800     0.8687335041970478   
   0.3189013124750929     0.8811537521155689   
   0.3206047925196350     0.8934251888261380   
   0.3221908910024277     0.9058894481500336   
   0.3222373280988968     0.9185814480265528   
   0.3222381614226437     0.9312002013535631   
   0.3222381055844459     0.9437397730114536   
   0.3312500000000013     0.5937500000000024   
   0.3312500000000013     0.6062500000000025   
   0.3312500000000013     0.6187500000000024   
   0.3312500000000013     0.6312500000000023   
   0.3312500000000014     0.6437500000000023   
   0.3312500000000014     0.6562500000000022   
   0.3312500000000014     0.6687500000000022   
   0.3312500000000014     0.6812500000000021   
   0.3312500000000015     0.6937500000000022   
   0.3312500000000015     0.7062500000000019   
   0.3312500000000015     0.7187500000000020   
   0.3312500000000015     0.7312500000000020   
   0.3312500000000015     0.7437500000000019   
   0.3312500000000015     0.7562500000000019   
   0.3312500000000016     0.7687500000000019   
   0.3312500000000016     0.7812500000000018   
   0.3312500000000016     0.7937500000000017   
   0.3312500000000017     0.8062500000000017   
   0.3312500000000017     0.8187500000000016   
   0.3312500000000018     0.8312500000000016   
   0.3312500000000018     0.8437500000000017   
   0.3312500000000018     0.8562500000000015   
   0.3312638415978104     0.8687335035155348   
   0.3314012248457496     0.8811537701022069   
   0.3331046594587176     0.8934253259621528   
   0.3346901352271962     0.9058900352478916   
   0.3347377287471824     0.9185824016096228   
   0.3347384743422631     0.9312003618316966   
   0.3347382499663969     0.9437402712366411   
   0.3437500000000013     0.5937500000000024   
   0.3437500000000013     0.6062500000000023   
   0.3437500000000013     0.6187500000000022   
   0.3437500000000013     0.6312500000000022   
   0.3437500000000013     0.6437500000000022   
   0.3437500000000013     0.6562500000000021   
   0.3437500000000014     0.6687500000000021   
   0.3437500000000014     0.6812500000000021   
   0.3437500000000014     0.6937500000000021   
   0.3437500000000015     0.7062500000000020   
   0.3437500000000015     0.7187500000000020   
   0.3437500000000016     0.7312500000000021   
   0.3437500000000015     0.7437500000000019   
   0.3437500000000015     0.7562500000000020   
   0.3437500000000016     0.7687500000000018   
   0.3437500000000017     0.7812500000000018   
   0.3437500000000017     0.7937500000000017   
   0.3437500000000017     0.8062500000000018   
   0.3437500000000017     0.8187500000000016   
   0.3437500000000017     0.8312500000000016   
   0.3437500000000018     0.8437500000000016   
   0.3437500000000018     0.8562500000000015   
   0.3437638400261824     0.8687335049600561   
   0.3439012640189241     0.8811537753355649   
   0.3456048166954791     0.8934252082391024   
   0.3471905021589220     0.9058898554993791   
   0.3472381826909602     0.9185824175030072   
   0.3472383349534120     0.9312003924399720   
   0.3472383081638110     0.9437403704889139   
   0.3562500000000012     0.5937500000000023   
   0.3562500000000013     0.6062500000000022   
   0.3562500000000013     0.6187500000000022   
   0.3562500000000014     0.6312500000000022   
   0.3562500000000014     0.6437500000000022   
   0.3562500000000014     0.6562500000000021   
   0.3562500000000014     0.6687500000000021   
   0.3562500000000014     0.6812500000000021   
   0.3562500000000014     0.6937500000000020   
   0.3562500000000015     0.7062500000000020   
   0.3562500000000015     0.7187500000000020   
   0.3562500000000015     0.7312500000000020   
   0.3562500000000015     0.7437500000000019   
   0.3562500000000015     0.7562500000000019   
   0.3562500000000016     0.7687500000000019   
   0.3562500000000016     0.7812500000000018   
   0.3562500000000017     0.7937500000000017   
   0.3562500000000017     0.8062500000000017   
   0.3562500000000017     0.8187500000000018   
   0.3562500000000017     0.8312500000000016   
   0.3562500000000017     0.8437500000000016   
   0.3562500000000017     0.8562500000000015   
   0.3562638406053339     0.8687335046610130   
   0.3564012611840373     0.8811537738955555   
   0.3581049225336574     0.8934252164273845   
   0.3596905023832612     0.9058898471426624   
   0.3597381708500210     0.9185824916052445   
   0.3597383157134226     0.9312004149928382   
   0.3597383168579946     0.9437403756359966   
   0.3687500000000012     0.5937500000000023   
   0.3687500000000012     0.6062500000000023   
   0.3687500000000012     0.6187500000000022   
   0.3687500000000014     0.6312500000000023   
   0.3687500000000014     0.6437500000000023   
   0.3687500000000014     0.6562500000000021   
   0.3687500000000014     0.6687500000000021   
   0.3687500000000014     0.6812500000000021   
   0.3687500000000014     0.6937500000000021   
   0.3687500000000014     0.7062500000000019   
   0.3687500000000015     0.7187500000000019   
   0.3687500000000015     0.7312500000000020   
   0.3687500000000016     0.7437500000000018   
   0.3687500000000016     0.7562500000000018   
   0.3687500000000016     0.7687500000000018   
   0.3687500000000016     0.7812500000000018   
   0.3687500000000016     0.7937500000000016   
   0.3687500000000016     0.8062500000000016   
   0.3687500000000017     0.8187500000000016   
   0.3687500000000017     0.8312500000000016   
   0.3687500000000017     0.8437500000000016   
   0.3687500000000017     0.8562500000000014   
   0.3687638404454981     0.8687335047837019   
   0.3689012535391917     0.8811537753863783   
   0.3706049270965348     0.8934252173053100   
   0.3721905107002092     0.9058898436174353   
   0.3722381867970903     0.9185825044715074   
   0.3722383171354109     0.9312004204600631   
   0.3722383195929251     0.9437403763570004   
   0.3812500000000012     0.5937500000000024   
   0.3812500000000013     0.6062500000000023   
   0.3812500000000013     0.6187500000000022   
   0.3812500000000014     0.6312500000000022   
   0.3812500000000014     0.6437500000000022   
   0.3812500000000014     0.6562500000000021   
   0.3812500000000014     0.6687500000000021   
   0.3812500000000014     0.6812500000000021   
   0.3812500000000014     0.6937500000000020   
   0.3812500000000014     0.7062500000000019   
   0.3812500000000015     0.7187500000000019   
   0.3812500000000015     0.7312500000000020   
   0.3812500000000015     0.7437500000000018   
   0.3812500000000015     0.7562500000000018   
   0.3812500000000015     0.7687500000000017   
   0.3812500000000015     0.7812500000000018   
   0.3812500000000015     0.7937500000000016   
   0.3812500000000015     0.8062500000000016   
   0.3812500000000016     0.8187500000000015   
   0.3812500000000017     0.8312500000000016   
   0.3812500000000017     0.8437500000000014   
   0.3812500000000016     0.8562500000000014   
   0.3812638403648432     0.8687335048710494   
   0.3814012520393482     0.8811537761161875   
   0.3831049266804450     0.8934252177606902   
   0.3846905111968374     0.9058898440513787   
   0.3847381864442210     0.9185825048975396   
   0.3847383191005216     0.9312004214861621   
   0.3847383221658033     0.9437403797882150   
   0.3847383232558240     0.9562487663668188   
   0.3937500000000012     0.5937500000000023   
   0.3937500000000012     0.6062500000000023   
   0.3937500000000013     0.6187500000000022   
   0.3937500000000013     0.6312500000000022   
   0.3937500000000014     0.6437500000000022   
   0.3937500000000014     0.6562500000000021   
   0.3937500000000014     0.6687500000000021   
   0.3937500000000014     0.6812500000000021   
   0.3937500000000014     0.6937500000000020   
   0.3937500000000014     0.7062500000000019   
   0.3937500000000015     0.7187500000000019   
   0.3937500000000015     0.7312500000000020   
   0.3937500000000015     0.7437500000000018   
   0.3937500000000015     0.7562500000000018   
   0.3937500000000015     0.7687500000000017   
   0.3937500000000015     0.7812500000000018   
   0.3937500000000015     0.7937500000000016   
   0.3937500000000016     0.8062500000000016   
   0.3937500000000016     0.8187500000000015   
   0.3937500000000017     0.8312500000000016   
   0.3937500000000016     0.8437500000000014   
   0.3937500000000017     0.8562500000000014   
   0.3937638403401038     0.8687335049101719   
   0.3939012515365973     0.8811537765533208   
   0.3956049261493717     0.8934252180294074   
   0.3971905095490933     0.9058898413643457   
   0.3972381850914757     0.9185825056438810   
   0.3972383193965218     0.9312004242526002   
   0.3972383198085011     0.9437403800190017   
   0.3972383196551862     0.9562487657367947   
   0.4062500000000012     0.5937500000000023   
   0.4062500000000013     0.6062500000000023   
   0.4062500000000013     0.6187500000000022   
   0.4062500000000013     0.6312500000000022   
   0.4062500000000013     0.6437500000000022   
   0.4062500000000013     0.6562500000000021   
   0.4062500000000013     0.6687500000000021   
   0.4062500000000014     0.6812500000000021   
   0.4062500000000014     0.6937500000000020   
   0.4062500000000014     0.7062500000000019   
   0.4062500000000014     0.7187500000000019   
   0.4062500000000015     0.7312500000000020   
   0.4062500000000015     0.7437500000000018   
   0.4062500000000015     0.7562500000000018   
   0.4062500000000016     0.7687500000000016   
   0.4062500000000016     0.7812500000000017   
   0.4062500000000016     0.7937500000000016   
   0.4062500000000017     0.8062500000000016   
   0.4062500000000017     0.8187500000000015   
   0.4062500000000017     0.8312500000000015   
   0.4062500000000017     0.8437500000000014   
   0.4062500000000017     0.8562500000000013   
   0.4062638403244005     0.8687335049375146   
   0.4064012511997617     0.8811537768877598   
   0.4081049259162525     0.8934252178242763   
   0.4096905112612557     0.9058898393842053   
   0.4097381875548724     0.9185825078331010   
   0.4097383178074968     0.9312004261151983   
   0.4097383181782426     0.9437403793089901   
   0.4097383183046996     0.9562487670843738   
   0.4187500000000012     0.5937500000000023   
   0.4187500000000012     0.6062500000000023   
   0.4187500000000013     0.6187500000000022   
   0.4187500000000013     0.6312500000000022   
   0.4187500000000013     0.6437500000000022   
   0.4187500000000013     0.6562500000000021   
   0.4187500000000013     0.6687500000000021   
   0.4187500000000014     0.6812500000000021   
   0.4187500000000014     0.6937500000000020   
   0.4187500000000014     0.7062500000000019   
   0.4187500000000015     0.7187500000000019   
   0.4187500000000015     0.7312500000000020   
   0.4187500000000015     0.7437500000000018   
   0.4187500000000015     0.7562500000000018   
   0.4187500000000016     0.7687500000000017   
   0.4187500000000016     0.7812500000000018   
   0.4187500000000016     0.7937500000000016   
   0.4187500000000016     0.8062500000000016   
   0.4187500000000016     0.8187500000000015   
   0.4187500000000017     0.8312500000000016   
   0.4187500000000017     0.8437500000000014   
   0.4187500000000017     0.8562500000000014   
   0.4187638403126732     0.8687335049583894   
   0.4189012509146845     0.8811537771465688   
   0.4206049256839355     0.8934252180329549   
   0.4221905113319711     0.9058898395860410   
   0.4222381875606943     0.9185825078533161   
   0.4222383176496596     0.9312004260072625   
   0.4222383179006752     0.9437403792232399   
   0.4222383180155454     0.9562487672727901   
   0.4312500000000012     0.5937500000000023   
   0.4312500000000012     0.6062500000000023   
   0.4312500000000013     0.6187500000000022   
   0.4312500000000014     0.6312500000000022   
   0.4312500000000012     0.6437500000000022   
   0.4312500000000012     0.6562500000000021   
   0.4312500000000012     0.6687500000000022   
   0.4312500000000013     0.6812500000000021   
   0.4312500000000014     0.6937500000000020   
   0.4312500000000014     0.7062500000000019   
   0.4312500000000015     0.7187500000000020   
   0.4312500000000015     0.7312500000000018   
   0.4312500000000015     0.7437500000000018   
   0.4312500000000015     0.7562500000000018   
   0.4312500000000015     0.7687500000000017   
   0.4312500000000016     0.7812500000000018   
   0.4312500000000016     0.7937500000000017   
   0.4312500000000016     0.8062500000000016   
   0.4312500000000016     0.8187500000000014   
   0.4312500000000016     0.8312500000000016   
   0.4312500000000017     0.8437500000000014   
   0.4312500000000016     0.8562500000000014   
   0.4312638403032409     0.8687335049748014   
   0.4314012506951735     0.8811537773488679   
   0.4331049254461740     0.8934252181801018   
   0.4346905113337711     0.9058898396083479   
   0.4347381875414510     0.9185825078542234   
   0.4347383176214823     0.9312004259729492   
   0.4347383178650341     0.9437403792075407   
   0.4347383179738459     0.9562487672955996   
   0.4437500000000011     0.5937500000000023   
   0.4437500000000012     0.6062500000000023   
   0.4437500000000013     0.6187500000000022   
   0.4437500000000013     0.6312500000000022   
   0.4437500000000013     0.6437500000000022   
   0.4437500000000014     0.6562500000000021   
   0.4437500000000013     0.6687500000000021   
   0.4437500000000014     0.6812500000000021   
   0.4437500000000014     0.6937500000000020   
   0.4437500000000014     0.7062500000000019   
   0.4437500000000014     0.7187500000000019   
   0.4437500000000014     0.7312500000000020   
   0.4437500000000014     0.7437500000000018   
   0.4437500000000014     0.7562500000000018   
   0.4437500000000015     0.7687500000000017   
   0.4437500000000015     0.7812500000000018   
   0.4437500000000016     0.7937500000000016   
   0.4437500000000016     0.8062500000000015   
   0.4437500000000016     0.8187500000000014   
   0.4437500000000016     0.8312500000000014   
   0.4437500000000016     0.8437500000000016   
   0.4437500000000016     0.8562500000000014   
   0.4437638402959968     0.8687335049873688   
   0.4439012505273806     0.8811537775025448   
   0.4456049252645899     0.8934252182879119   
   0.4471905113344406     0.9058898396205536   
   0.4472381875288716     0.9185825078525064   
   0.4472383176138964     0.9312004259546860   
   0.4472383178606312     0.9437403792010153   
   0.4472383179691132     0.9562487672974243   
   0.4562500000000012     0.5937500000000023   
   0.4562500000000012     0.6062500000000023   
   0.4562500000000012     0.6187500000000022   
   0.4562500000000013     0.6312500000000023   
   0.4562500000000013     0.6437500000000023   
   0.4562500000000013     0.6562500000000021   
   0.4562500000000013     0.6687500000000021   
   0.4562500000000013     0.6812500000000021   
   0.4562500000000014     0.6937500000000021   
   0.4562500000000014     0.7062500000000019   
   0.4562500000000014     0.7187500000000020   
   0.4562500000000014     0.7312500000000020   
   0.4562500000000014     0.7437500000000019   
   0.4562500000000015     0.7562500000000018   
   0.4562500000000015     0.7687500000000017   
   0.4562500000000015     0.7812500000000018   
   0.4562500000000015     0.7937500000000016   
   0.4562500000000015     0.8062500000000016   
   0.4562500000000016     0.8187500000000015   
   0.4562500000000016     0.8312500000000016   
   0.4562500000000016     0.8437500000000016   
   0.4562500000000016     0.8562500000000015   
   0.4562638402904505     0.8687335049967502   
   0.4564012504002606     0.8811537776147023   
   0.4581049251294400     0.8934252183622408   
   0.4596905113336972     0.9058898396273142   
   0.4597381875213783     0.9185825078518060   
   0.4597383176102947     0.9312004259439441   
   0.4597383178594223     0.9437403791971493   
   0.4597383179683942     0.9562487672969711   
   0.4687500000000012     0.5937500000000023   
   0.4687500000000012     0.6062500000000023   
   0.4687500000000012     0.6187500000000022   
   0.4687500000000013     0.6312500000000022   
   0.4687500000000013     0.6437500000000022   
   0.4687500000000013     0.6562500000000021   
   0.4687500000000013     0.6687500000000021   
   0.4687500000000012     0.6812500000000021   
   0.4687500000000013     0.6937500000000020   
   0.4687500000000014     0.7062500000000019   
   0.4687500000000014     0.7187500000000019   
   0.4687500000000013     0.7312500000000020   
   0.4687500000000013     0.7437500000000018   
   0.4687500000000015     0.7562500000000018   
   0.4687500000000015     0.7687500000000017   
   0.4687500000000015     0.7812500000000018   
   0.4687500000000015     0.7937500000000016   
   0.4687500000000015     0.8062500000000017   
   0.4687500000000016     0.8187500000000016   
   0.4687500000000017     0.8312500000000015   
   0.4687500000000017     0.8437500000000016   
   0.4687500000000016     0.8562500000000014   
   0.4687638402863432     0.8687335050033730   
   0.4689012503084510     0.8811537776902184   
   0.4706049250349688     0.8934252184064554   
   0.4721905113311352     0.9058898396313303   
   0.4722381875167235     0.9185825078520876   
   0.4722383176070905     0.9312004259363512   
   0.4722383178566036     0.9437403791940580   
   0.4722383179644687     0.9562487672946475   
   0.4812500000000011     0.5937500000000023   
   0.4812500000000012     0.6062500000000023   
   0.4812500000000012     0.6187500000000022   
   0.4812500000000012     0.6312500000000022   
   0.4812500000000013     0.6437500000000022   
   0.4812500000000013     0.6562500000000021   
   0.4812500000000013     0.6687500000000021   
   0.4812500000000013     0.6812500000000021   
   0.4812500000000013     0.6937500000000020   
   0.4812500000000014     0.7062500000000019   
   0.4812500000000015     0.7187500000000019   
   0.4812500000000014     0.7312500000000020   
   0.4812500000000015     0.7437500000000018   
   0.4812500000000015     0.7562500000000018   
   0.4812500000000015     0.7687500000000017   
   0.4812500000000015     0.7812500000000018   
   0.4812500000000015     0.7937500000000016   
   0.4812500000000015     0.8062500000000016   
   0.4812500000000015     0.8187500000000015   
   0.4812500000000016     0.8312500000000014   
   0.4812500000000016     0.8437500000000013   
   0.4812500000000016     0.8562500000000014   
   0.4812638402834984     0.8687335050075310   
   0.4814012502481089     0.8811537777325219   
   0.4831049249771124     0.8934252184228332   
   0.4846905113264424     0.9058898396342451   
   0.4847381875095512     0.9185825078521243   
   0.4847383175882977     0.9312004259271912   
   0.4847383178306323     0.9437403791875062   
   0.4847383179242361     0.9562487672738326   
   0.4937500000000014     0.6812500000000020   
   0.4937500000000014     0.6937500000000019   
   0.4937500000000014     0.7062500000000019   
   0.4937500000000014     0.7187500000000019   
   0.4937500000000014     0.7312500000000020   
   0.4937500000000014     0.7437500000000017   
   0.4937500000000014     0.7562500000000018   
   0.4937500000000014     0.7687500000000017   
   0.4937500000000015     0.7812500000000018   
   0.4937500000000015     0.7937500000000016   
   0.4937500000000015     0.8062500000000016   
   0.4937500000000015     0.8187500000000014   
   0.4937500000000015     0.8312500000000015   
   0.4937500000000015     0.8437500000000013   
   0.4937500000000016     0.8562500000000013   
   0.4937638402817925     0.8687335050094264   
   0.4939012502165505     0.8811537777439027   
   0.4956049249530802     0.8934252184127692   
   0.4971905113187335     0.9058898396363013   
   0.4972381874565852     0.9185825078354508   
   0.4972383174137710     0.9312004258915210   
   0.4972383176080896     0.9437403791616450   
   0.4972383176092302     0.9562487671063407   
   0.5062500000000013     0.6812500000000019   
   0.5062500000000013     0.6937500000000019   
   0.5062500000000013     0.7062500000000019   
   0.5062500000000013     0.7187500000000019   
   0.5062500000000013     0.7312500000000018   
   0.5062500000000013     0.7437500000000017   
   0.5062500000000013     0.7562500000000016   
   0.5062500000000013     0.7687500000000017   
   0.5062500000000013     0.7812500000000017   
   0.5062500000000013     0.7937500000000015   
   0.5062500000000014     0.8062500000000015   
   0.5062500000000014     0.8187500000000014   
   0.5062500000000014     0.8312500000000014   
   0.5062500000000014     0.8437500000000012   
   0.5062500000000014     0.8562500000000013   
   0.5062638402811399     0.8687335050091878   
   0.5064012502119968     0.8811537777257125   
   0.5081049249605052     0.8934252183762122   
   0.5096905112619851     0.9058898396069446   
   0.5097381869702663     0.9185825076130038   
   0.5097383160787748     0.9312004256729468   
   0.5097383161031336     0.9437403791748279   
   0.5097383159597296     0.9562487661796385   
   0.5187500000000012     0.6812500000000019   
   0.5187500000000012     0.6937500000000019   
   0.5187500000000012     0.7062500000000018   
   0.5187500000000012     0.7187500000000018   
   0.5187500000000012     0.7312500000000017   
   0.5187500000000012     0.7437500000000018   
   0.5187500000000012     0.7562500000000018   
   0.5187500000000012     0.7687500000000017   
   0.5187500000000012     0.7812500000000016   
   0.5187500000000014     0.7937500000000015   
   0.5187500000000014     0.8062500000000016   
   0.5187500000000015     0.8187500000000014   
   0.5187500000000015     0.8312500000000016   
   0.5187500000000015     0.8437500000000014   
   0.5187500000000015     0.8562500000000013   
   0.5187638402814818     0.8687335050068744   
   0.5189012502322978     0.8811537776776217   
   0.5206049249389549     0.8934252182188600   
   0.5221905088114250     0.9058898380924161   
   0.5222381826347664     0.9185825065997234   
   0.5222383102179757     0.9312004247531543   
   0.5222383095022183     0.9437403792172399   
   0.5222383128419322     0.9562487684149210   
