   0.4937500000000010     0.4937500000000026   
   0.4937500000000010     0.5062500000000028   
   0.4937500000000011     0.5187500000000027   
   0.4937500000000011     0.5312500000000027   
   0.4937500000000011     0.5437500000000026   
   0.4937500000000011     0.5562500000000025   
   0.4937500000000011     0.5687500000000024   
   0.4937500000000011     0.5812500000000024   
   0.4937500000000012     0.5937500000000023   
   0.4937500000000012     0.6062500000000023   
   0.4937500000000011     0.6187500000000022   
   0.4937500000000012     0.6312500000000022   
   0.4937500000000012     0.6437500000000022   
   0.4937500000000012     0.6562500000000021   
   0.4937500000000014     0.6687500000000021   
   0.5062500000000009     0.4937500000000026   
   0.5062500000000010     0.5062500000000026   
   0.5062500000000010     0.5187500000000026   
   0.5062500000000010     0.5312500000000026   
   0.5062500000000010     0.5437500000000025   
   0.5062500000000010     0.5562500000000025   
   0.5062500000000010     0.5687500000000024   
   0.5062500000000010     0.5812500000000024   
   0.5062500000000011     0.5937500000000023   
   0.5062500000000012     0.6062500000000023   
   0.5062500000000010     0.6187500000000022   
   0.5062500000000011     0.6312500000000022   
   0.5062500000000013     0.6437500000000020   
   0.5062500000000013     0.6562500000000021   
   0.5062500000000013     0.6687500000000020   
   0.5187500000000007     0.4937500000000026   
   0.5187500000000009     0.5062500000000025   
   0.5187500000000009     0.5187500000000026   
   0.5187500000000010     0.5312500000000026   
   0.5187500000000010     0.5437500000000024   
   0.5187500000000010     0.5562500000000024   
   0.5187500000000010     0.5687500000000024   
   0.5187500000000010     0.5812500000000024   
   0.5187500000000010     0.5937500000000022   
   0.5187500000000012     0.6062500000000022   
   0.5187500000000012     0.6187500000000022   
   0.5187500000000012     0.6312500000000021   
   0.5187500000000012     0.6437500000000020   
   0.5187500000000012     0.6562500000000020   
   0.5187500000000012     0.6687500000000021   
   0.5312500000000008     0.4937500000000026   
   0.5312500000000009     0.5062500000000025   
   0.5312500000000009     0.5187500000000025   
   0.5312500000000009     0.5312500000000024   
   0.5312500000000009     0.5437500000000024   
   0.5312500000000009     0.5562500000000024   
   0.5312500000000009     0.5687500000000023   
   0.5312500000000009     0.5812500000000023   
   0.5312500000000011     0.5937500000000022   
   0.5312500000000011     0.6062500000000022   
   0.5312500000000011     0.6187500000000021   
   0.5312500000000010     0.6312500000000021   
   0.5312500000000012     0.6437500000000019   
   0.5312500000000012     0.6562500000000020   
   0.5312500000000012     0.6687500000000020   
   0.5312500000000012     0.6812500000000019   
   0.5312500000000012     0.6937500000000018   
   0.5312500000000012     0.7062500000000017   
   0.5312500000000012     0.7187500000000018   
   0.5312500000000012     0.7312500000000017   
   0.5312500000000012     0.7437500000000017   
   0.5312500000000012     0.7562500000000018   
   0.5312500000000013     0.7687500000000016   
   0.5312500000000013     0.7812500000000016   
   0.5312500000000012     0.7937500000000014   
   0.5312500000000013     0.8062500000000015   
   0.5312500000000013     0.8187500000000014   
   0.5312500000000013     0.8312500000000014   
   0.5312500000000013     0.8437500000000013   
   0.5312500000000013     0.8562500000000014   
   0.5312638402823638     0.8687335050016013   
   0.5314012502511711     0.8811537775193455   
   0.5331049254089341     0.8934252148809498   
   0.5346905082477891     0.9058898345531187   
   0.5347381847994684     0.9185825048910512   
   0.5347383167402320     0.9312004245152795   
   0.5347383172207113     0.9437403794381333   
   0.5347383202023493     0.9562487745376687   
   0.5347383254362991     0.9687498977186190   
   0.5347383244656699     0.9812499916920500   
   0.5437500000000006     0.4937500000000025   
   0.5437500000000008     0.5062500000000024   
   0.5437500000000010     0.5187500000000024   
   0.5437500000000008     0.5312500000000023   
   0.5437500000000010     0.5437500000000024   
   0.5437500000000010     0.5562500000000022   
   0.5437500000000010     0.5687500000000022   
   0.5437500000000010     0.5812500000000023   
   0.5437500000000010     0.5937500000000022   
   0.5437500000000010     0.6062500000000021   
   0.5437500000000010     0.6187500000000020   
   0.5437500000000010     0.6312500000000021   
   0.5437500000000010     0.6437500000000020   
   0.5437500000000011     0.6562500000000019   
   0.5437500000000011     0.6687500000000020   
   0.5437500000000011     0.6812500000000018   
   0.5437500000000011     0.6937500000000019   
   0.5437500000000011     0.7062500000000017   
   0.5437500000000011     0.7187500000000018   
   0.5437500000000011     0.7312500000000017   
   0.5437500000000011     0.7437500000000016   
   0.5437500000000011     0.7562500000000016   
   0.5437500000000012     0.7687500000000016   
   0.5437500000000013     0.7812500000000016   
   0.5437500000000013     0.7937500000000015   
   0.5437500000000014     0.8062500000000015   
   0.5437500000000014     0.8187500000000014   
   0.5437500000000014     0.8312500000000013   
   0.5437500000000014     0.8437500000000011   
   0.5437500000000014     0.8562500000000013   
   0.5437638402891479     0.8687335049953686   
   0.5439012535775233     0.8811537772402297   
   0.5456049294326729     0.8934252153841217   
   0.5471905159362818     0.9058898378723658   
   0.5472381942506847     0.9185825062494795   
   0.5472383251405366     0.9312004254670477   
   0.5472383265871072     0.9437403797878845   
   0.5472383258683375     0.9562487769496094   
   0.5472383230125160     0.9687498979028323   
   0.5472383199815862     0.9812499867259248   
   0.5562500000000008     0.4937500000000025   
   0.5562500000000008     0.5062500000000024   
   0.5562500000000008     0.5187500000000024   
   0.5562500000000008     0.5312500000000023   
   0.5562500000000008     0.5437500000000023   
   0.5562500000000008     0.5562500000000022   
   0.5562500000000008     0.5687500000000022   
   0.5562500000000008     0.5812500000000022   
   0.5562500000000008     0.5937500000000021   
   0.5562500000000010     0.6062500000000021   
   0.5562500000000010     0.6187500000000020   
   0.5562500000000010     0.6312500000000020   
   0.5562500000000010     0.6437500000000019   
   0.5562500000000008     0.6562500000000019   
   0.5562500000000010     0.6687500000000020   
   0.5562500000000011     0.6812500000000018   
   0.5562500000000011     0.6937500000000019   
   0.5562500000000011     0.7062500000000018   
   0.5562500000000011     0.7187500000000018   
   0.5562500000000011     0.7312500000000016   
   0.5562500000000011     0.7437500000000016   
   0.5562500000000011     0.7562500000000015   
   0.5562500000000011     0.7687500000000016   
   0.5562500000000012     0.7812500000000016   
   0.5562500000000012     0.7937500000000014   
   0.5562500000000012     0.8062500000000014   
   0.5562500000000012     0.8187500000000014   
   0.5562500000000012     0.8312500000000013   
   0.5562500000000012     0.8437500000000012   
   0.5562500000000012     0.8562500000000012   
   0.5562638403292123     0.8687335049586609   
   0.5564012511346831     0.8811537771362219   
   0.5581049258114160     0.8934252179874046   
   0.5596905114358101     0.9058898397709999   
   0.5597381882947359     0.9185825075449867   
   0.5597383191690939     0.9312004259983638   
   0.5597383197341117     0.9437403799459119   
   0.5597383196470517     0.9562487760738098   
   0.5597383189795591     0.9687498958411799   
   0.5597383183467660     0.9812499852936973   
   0.5687500000000006     0.4937500000000025   
   0.5687500000000008     0.5062500000000024   
   0.5687500000000009     0.5187500000000024   
   0.5687500000000009     0.5312500000000023   
   0.5687500000000008     0.5437500000000023   
   0.5687500000000009     0.5562500000000022   
   0.5687500000000009     0.5687500000000021   
   0.5687500000000009     0.5812500000000022   
   0.5687500000000010     0.5937500000000021   
   0.5687500000000010     0.6062500000000021   
   0.5687500000000009     0.6187500000000020   
   0.5687500000000010     0.6312500000000020   
   0.5687500000000010     0.6437500000000020   
   0.5687500000000010     0.6562500000000020   
   0.5687500000000010     0.6687500000000020   
   0.5687500000000010     0.6812500000000018   
   0.5687500000000010     0.6937500000000018   
   0.5687500000000010     0.7062500000000017   
   0.5687500000000010     0.7187500000000018   
   0.5687500000000010     0.7312500000000016   
   0.5687500000000010     0.7437500000000016   
   0.5687500000000010     0.7562500000000015   
   0.5687500000000010     0.7687500000000016   
   0.5687500000000012     0.7812500000000014   
   0.5687500000000012     0.7937500000000014   
   0.5687500000000012     0.8062500000000012   
   0.5687500000000013     0.8187500000000013   
   0.5687500000000013     0.8312500000000013   
   0.5687500000000013     0.8437500000000011   
   0.5687500000000013     0.8562500000000012   
   0.5687638402936349     0.8687335049750115   
   0.5689012505523097     0.8811537771919499   
   0.5706049254872302     0.8934252177860685   
   0.5721905112173288     0.9058898396472364   
   0.5722381875622979     0.9185825076798004   
   0.5722383177815498     0.9312004261438507   
   0.5722383180993598     0.9437403799758403   
   0.5722383181863434     0.9562487758631614   
   0.5722383181510965     0.9687498954975091   
   0.5722383180684124     0.9812499850858867   
   0.5812500000000006     0.4937500000000025   
   0.5812500000000006     0.5062500000000024   
   0.5812500000000006     0.5187500000000024   
   0.5812500000000007     0.5312500000000023   
   0.5812500000000007     0.5437500000000023   
   0.5812500000000007     0.5562500000000022   
   0.5812500000000007     0.5687500000000022   
   0.5812500000000007     0.5812500000000022   
   0.5812500000000008     0.5937500000000021   
   0.5812500000000009     0.6062500000000021   
   0.5812500000000007     0.6187500000000020   
   0.5812500000000009     0.6312500000000020   
   0.5812500000000010     0.6437500000000019   
   0.5812500000000009     0.6562500000000019   
   0.5812500000000010     0.6687500000000020   
   0.5812500000000010     0.6812500000000019   
   0.5812500000000010     0.6937500000000018   
   0.5812500000000010     0.7062500000000017   
   0.5812500000000010     0.7187500000000018   
   0.5812500000000010     0.7312500000000016   
   0.5812500000000010     0.7437500000000016   
   0.5812500000000010     0.7562500000000015   
   0.5812500000000010     0.7687500000000016   
   0.5812500000000012     0.7812500000000014   
   0.5812500000000012     0.7937500000000013   
   0.5812500000000012     0.8062500000000012   
   0.5812500000000012     0.8187500000000014   
   0.5812500000000012     0.8312500000000012   
   0.5812500000000012     0.8437500000000012   
   0.5812500000000012     0.8562500000000013   
   0.5812638402980879     0.8687335049630447   
   0.5814012507415066     0.8811537769728438   
   0.5831049256902339     0.8934252175716230   
   0.5846905111749201     0.9058898396268723   
   0.5847381874280401     0.9185825076927165   
   0.5847383175764979     0.9312004262050519   
   0.5847383178427035     0.9437403799967851   
   0.5847383179346559     0.9562487758465673   
   0.5847383179983816     0.9687498954572671   
   0.5847383179934459     0.9812499850600920   
   0.5937500000000007     0.4937500000000025   
   0.5937500000000004     0.5062500000000024   
   0.5937500000000007     0.5187500000000025   
   0.5937500000000007     0.5312500000000024   
   0.5937500000000007     0.5437500000000024   
   0.5937500000000008     0.5562500000000022   
   0.5937500000000007     0.5687500000000022   
   0.5937500000000008     0.5812500000000020   
   0.5937500000000008     0.5937500000000020   
   0.5937500000000009     0.6062500000000021   
   0.5937500000000009     0.6187500000000020   
   0.5937500000000009     0.6312500000000020   
   0.5937500000000009     0.6437500000000019   
   0.5937500000000009     0.6562500000000019   
   0.5937500000000009     0.6687500000000020   
   0.5937500000000009     0.6812500000000018   
   0.5937500000000009     0.6937500000000018   
   0.5937500000000009     0.7062500000000017   
   0.5937500000000009     0.7187500000000018   
   0.5937500000000009     0.7312500000000016   
   0.5937500000000009     0.7437500000000016   
   0.5937500000000009     0.7562500000000014   
   0.5937500000000011     0.7687500000000016   
   0.5937500000000011     0.7812500000000013   
   0.5937500000000011     0.7937500000000014   
   0.5937500000000012     0.8062500000000014   
   0.5937500000000012     0.8187500000000013   
   0.5937500000000011     0.8312500000000010   
   0.5937500000000012     0.8437500000000010   
   0.5937500000000012     0.8562500000000013   
   0.5937638403049658     0.8687335049465427   
   0.5939012509340329     0.8811537767212545   
   0.5956049259446040     0.8934252173247385   
   0.5971905111659286     0.9058898395857263   
   0.5972381874966811     0.9185825077371019   
   0.5972383176291111     0.9312004263320631   
   0.5972383175364797     0.9437403801126437   
   0.5972383174887236     0.9562487759946477   
   0.5972383176622618     0.9687498954817152   
   0.5972383176806174     0.9812499850610823   
   0.6062500000000006     0.4937500000000025   
   0.6062500000000006     0.5062500000000024   
   0.6062500000000006     0.5187500000000024   
   0.6062500000000006     0.5312500000000022   
   0.6062500000000006     0.5437500000000023   
   0.6062500000000008     0.5562500000000021   
   0.6062500000000007     0.5687500000000021   
   0.6062500000000006     0.5812500000000020   
   0.6062500000000008     0.5937500000000020   
   0.6062500000000008     0.6062500000000021   
   0.6062500000000010     0.6187500000000020   
   0.6062500000000008     0.6312500000000019   
   0.6062500000000008     0.6437500000000019   
   0.6062500000000008     0.6562500000000018   
   0.6062500000000010     0.6687500000000017   
   0.6062500000000010     0.6812500000000017   
   0.6062500000000010     0.6937500000000018   
   0.6062500000000010     0.7062500000000017   
   0.6062500000000010     0.7187500000000018   
   0.6062500000000010     0.7312500000000015   
   0.6062500000000010     0.7437500000000015   
   0.6062500000000011     0.7562500000000014   
   0.6062500000000011     0.7687500000000015   
   0.6062500000000011     0.7812500000000012   
   0.6062500000000011     0.7937500000000013   
   0.6062500000000011     0.8062500000000012   
   0.6062500000000011     0.8187500000000014   
   0.6062500000000011     0.8312500000000013   
   0.6062500000000011     0.8437500000000011   
   0.6062500000000011     0.8562500000000011   
   0.6062638403130698     0.8687335049271946   
   0.6064012511602370     0.8811537764297221   
   0.6081049262780927     0.8934252171257032   
   0.6096905115155998     0.9058898397420365   
   0.6097381900460860     0.9185825087216979   
   0.6097383172490410     0.9312004329569871   
   0.6097383147049725     0.9437403851589851   
   0.6097383145497878     0.9562487770405751   
   0.6097383153261281     0.9687498956310300   
   0.6097383154096880     0.9812499850605499   
   0.6187500000000007     0.4937500000000023   
   0.6187500000000007     0.5062500000000023   
   0.6187500000000006     0.5187500000000023   
   0.6187500000000007     0.5312500000000022   
   0.6187500000000007     0.5437500000000022   
   0.6187500000000007     0.5562500000000021   
   0.6187500000000007     0.5687500000000021   
   0.6187500000000007     0.5812500000000020   
   0.6187500000000007     0.5937500000000020   
   0.6187500000000007     0.6062500000000020   
   0.6187500000000008     0.6187500000000019   
   0.6187500000000008     0.6312500000000019   
   0.6187500000000008     0.6437500000000018   
   0.6187500000000008     0.6562500000000018   
   0.6187500000000008     0.6687500000000020   
   0.6187500000000008     0.6812500000000018   
   0.6187500000000008     0.6937500000000016   
   0.6187500000000008     0.7062500000000016   
   0.6187500000000008     0.7187500000000016   
   0.6187500000000008     0.7312500000000015   
   0.6187500000000008     0.7437500000000015   
   0.6187500000000009     0.7562500000000015   
   0.6187500000000010     0.7687500000000014   
   0.6187500000000009     0.7812500000000013   
   0.6187500000000010     0.7937500000000013   
   0.6187500000000010     0.8062500000000014   
   0.6187500000000011     0.8187500000000014   
   0.6187500000000011     0.8312500000000014   
   0.6187500000000010     0.8437500000000011   
   0.6187500000000011     0.8562500000000011   
   0.6187638403231931     0.8687335049062290   
   0.6189012514577242     0.8811537761909198   
   0.6206049304641662     0.8934252200893009   
   0.6221905117812582     0.9058898386041965   
   0.6222381739317332     0.9185825148465672   
   0.6222382772893222     0.9312004198987407   
   0.6222382907744061     0.9437404133968242   
   0.6222382972350904     0.9562487854991066   
   0.6222383008479238     0.9687498960380633   
   0.6222383007801701     0.9812499849582252   
   0.6312500000000005     0.4937500000000023   
   0.6312500000000005     0.5062500000000022   
   0.6312500000000005     0.5187500000000022   
   0.6312500000000005     0.5312500000000022   
   0.6312500000000005     0.5437500000000023   
   0.6312500000000005     0.5562500000000021   
   0.6312500000000005     0.5687500000000021   
   0.6312500000000005     0.5812500000000019   
   0.6312500000000005     0.5937500000000019   
   0.6312500000000008     0.6062500000000018   
   0.6312500000000009     0.6187500000000018   
   0.6312500000000008     0.6312500000000018   
   0.6312500000000009     0.6437500000000017   
   0.6312500000000009     0.6562500000000018   
   0.6312500000000008     0.6687500000000017   
   0.6312500000000009     0.6812500000000016   
   0.6312500000000009     0.6937500000000016   
   0.6312500000000009     0.7062500000000016   
   0.6312500000000010     0.7187500000000014   
   0.6312500000000010     0.7312500000000015   
   0.6312500000000009     0.7437500000000015   
   0.6312500000000010     0.7562500000000014   
   0.6312500000000010     0.7687500000000014   
   0.6312500000000009     0.7812500000000012   
   0.6312500000000009     0.7937500000000013   
   0.6312500000000010     0.8062500000000012   
   0.6312500000000010     0.8187500000000013   
   0.6312500000000010     0.8312500000000014   
   0.6312500000000010     0.8437500000000012   
   0.6312500000000010     0.8562500000000011   
   0.6312638403665959     0.8687335049529250   
   0.6314012564047357     0.8811537816808052   
   0.6331051208868481     0.8934252206125395   
   0.6346905286137281     0.9058898785165377   
   0.6347380677641716     0.9185834058349451   
   0.6347383889795276     0.9312015900520809   
   0.6347381866854821     0.9437407148931497   
   0.6347382155529172     0.9562488091230642   
   0.6347382222069697     0.9687498945394478   
   0.6347382182479462     0.9812499839992633   
   0.6437500000000005     0.4937500000000023   
   0.6437500000000004     0.5062500000000022   
   0.6437500000000006     0.5187500000000022   
   0.6437500000000005     0.5312500000000022   
   0.6437500000000006     0.5437500000000022   
   0.6437500000000006     0.5562500000000020   
   0.6437500000000006     0.5687500000000020   
   0.6437500000000006     0.5812500000000019   
   0.6437500000000006     0.5937500000000019   
   0.6437500000000006     0.6062500000000018   
   0.6437500000000007     0.6187500000000018   
   0.6437500000000007     0.6312500000000018   
   0.6437500000000007     0.6437500000000017   
   0.6437500000000007     0.6562500000000017   
   0.6437500000000007     0.6687500000000016   
   0.6437500000000007     0.6812500000000016   
   0.6437500000000007     0.6937500000000014   
   0.6437500000000007     0.7062500000000015   
   0.6437500000000008     0.7187500000000014   
   0.6437500000000009     0.7312500000000014   
   0.6437500000000007     0.7437500000000014   
   0.6437500000000008     0.7562500000000014   
   0.6437500000000009     0.7687500000000014   
   0.6437500000000009     0.7812500000000011   
   0.6437500000000009     0.7937500000000011   
   0.6437500000000010     0.8062500000000012   
   0.6437500000000009     0.8187500000000012   
   0.6437500000000010     0.8312500000000012   
   0.6437500000000010     0.8437500000000009   
   0.6437500000000010     0.8562500000000010   
   0.6437638405177794     0.8687335057249548   
   0.6439015159992744     0.8811537615964958   
   0.6456050123945886     0.8934251864772365   
   0.6471903405845070     0.9058901296168910   
   0.6472377482598339     0.9185826625421339   
   0.6472376536675811     0.9312014874121154   
   0.6472375288189940     0.9437409936647421   
   0.6472379243092506     0.9562488366702253   
   0.6472378326426237     0.9687498752582577   
   0.6472378073718762     0.9812499794460779   
   0.6562500000000003     0.4937500000000023   
   0.6562500000000004     0.5062500000000022   
   0.6562500000000004     0.5187500000000022   
   0.6562500000000004     0.5312500000000021   
   0.6562500000000004     0.5437500000000021   
   0.6562500000000004     0.5562500000000021   
   0.6562500000000004     0.5687500000000021   
   0.6562500000000004     0.5812500000000019   
   0.6562500000000004     0.5937500000000019   
   0.6562500000000004     0.6062500000000018   
   0.6562500000000007     0.6187500000000018   
   0.6562500000000008     0.6312500000000018   
   0.6562500000000007     0.6437500000000017   
   0.6562500000000008     0.6562500000000017   
   0.6562500000000008     0.6687500000000016   
   0.6562500000000008     0.6812500000000016   
   0.6562500000000008     0.6937500000000014   
   0.6562500000000008     0.7062500000000016   
   0.6562500000000008     0.7187500000000014   
   0.6562500000000009     0.7312500000000014   
   0.6562500000000009     0.7437500000000014   
   0.6562500000000009     0.7562500000000014   
   0.6562500000000008     0.7687500000000014   
   0.6562500000000008     0.7812500000000011   
   0.6562500000000008     0.7937500000000011   
   0.6562500000000009     0.8062500000000010   
   0.6562500000000008     0.8187500000000012   
   0.6562500000000008     0.8312500000000010   
   0.6562500000000009     0.8437500000000009   
   0.6562500000000009     0.8562500000000008   
   0.6562638455324682     0.8687335020970048   
   0.6564016222557154     0.8811537322774862   
   0.6581050332945018     0.8934251773004999   
   0.6596904853185244     0.9058888294224374   
   0.6597382994958095     0.9185829737844071   
   0.6597371965751835     0.9312016558134101   
   0.6597368581809112     0.9437403254252471   
   0.6597365891369273     0.9562486489686032   
   0.6597361153487785     0.9687498098009779   
   0.6597360135965529     0.9812499608476098   
   0.6687500000000004     0.4937500000000023   
   0.6687500000000004     0.5062500000000022   
   0.6687500000000004     0.5187500000000022   
   0.6687500000000004     0.5312500000000021   
   0.6687500000000005     0.5437500000000021   
   0.6687500000000005     0.5562500000000020   
   0.6687500000000005     0.5687500000000020   
   0.6687500000000005     0.5812500000000019   
   0.6687500000000005     0.5937500000000019   
   0.6687500000000006     0.6062500000000018   
   0.6687500000000006     0.6187500000000019   
   0.6687500000000006     0.6312500000000019   
   0.6687500000000006     0.6437500000000017   
   0.6687500000000006     0.6562500000000017   
   0.6687500000000006     0.6687500000000016   
   0.6687500000000006     0.6812500000000015   
   0.6687500000000006     0.6937500000000015   
   0.6687500000000006     0.7062500000000015   
   0.6687500000000006     0.7187500000000014   
   0.6687500000000007     0.7312500000000014   
   0.6687500000000010     0.7437500000000014   
   0.6687500000000008     0.7562500000000014   
   0.6687500000000006     0.7687500000000013   
   0.6687500000000006     0.7812500000000011   
   0.6687500000000008     0.7937500000000011   
   0.6687500000000008     0.8062500000000012   
   0.6687500000000008     0.8187500000000011   
   0.6687500000000008     0.8312500000000009   
   0.6687500000000010     0.8437500000000010   
   0.6687500000000010     0.8562500000000011   
   0.6687638473429727     0.8687334989431618   
   0.6689015046909482     0.8811537074200363   
   0.6706046990125567     0.8934247562704188   
   0.6721885489765547     0.9058874737338679   
   0.6722339597853036     0.9185815477571071   
   0.6722317530141049     0.9312013632171670   
   0.6722307805277181     0.9437403713827398   
   0.6722303470055057     0.9562483880532997   
   0.6722297271529241     0.9687496938699416   
   0.6722293243590367     0.9812499389505805   
   0.6812500000000004     0.4937500000000023   
   0.6812500000000004     0.5062500000000022   
   0.6812500000000002     0.5187500000000022   
   0.6812500000000004     0.5312500000000021   
   0.6812500000000004     0.5437500000000021   
   0.6812500000000004     0.5562500000000020   
   0.6812500000000004     0.5687500000000021   
   0.6812500000000004     0.5812500000000020   
   0.6812500000000004     0.5937500000000019   
   0.6812500000000006     0.6062500000000018   
   0.6812500000000007     0.6187500000000019   
   0.6812500000000006     0.6312500000000019   
   0.6812500000000004     0.6437500000000017   
   0.6812500000000006     0.6562500000000017   
   0.6812500000000007     0.6687500000000017   
   0.6812500000000007     0.6812500000000016   
   0.6812500000000007     0.6937500000000015   
   0.6812500000000007     0.7062500000000016   
   0.6812500000000008     0.7187500000000014   
   0.6812500000000008     0.7312500000000014   
   0.6812500000000007     0.7437500000000014   
   0.6812500000000007     0.7562500000000014   
   0.6812500000000007     0.7687500000000012   
   0.6812500000000008     0.7812500000000011   
   0.6812500000000008     0.7937500000000012   
   0.6812500000000008     0.8062500000000012   
   0.6812500000000008     0.8187500000000012   
   0.6812500000000008     0.8312500000000010   
   0.6812500000000008     0.8437500000000010   
   0.6812500000000008     0.8562500000000011   
   0.6812638549871940     0.8687334805844603   
   0.6814018004518340     0.8811534574826001   
   0.6831046753055825     0.8934224348753201   
   0.6846827831747664     0.9058827263455494   
   0.6847224733047105     0.9185771560437893   
   0.6847161018704881     0.9311992258763144   
   0.6847142378306170     0.9437397447587960   
   0.6847139149239780     0.9562483840899259   
   0.6847137980600529     0.9687497358435954   
   0.6847133276288350     0.9812499660134267   
   0.6937500000000004     0.4937500000000022   
   0.6937500000000003     0.5062500000000022   
   0.6937500000000002     0.5187500000000022   
   0.6937500000000003     0.5312500000000021   
   0.6937500000000003     0.5437500000000021   
   0.6937500000000004     0.5562500000000020   
   0.6937500000000004     0.5687500000000020   
   0.6937500000000004     0.5812500000000019   
   0.6937500000000004     0.5937500000000019   
   0.6937500000000004     0.6062500000000018   
   0.6937500000000005     0.6187500000000019   
   0.6937500000000005     0.6312500000000019   
   0.6937500000000005     0.6437500000000017   
   0.6937500000000005     0.6562500000000016   
   0.6937500000000005     0.6687500000000016   
   0.6937500000000005     0.6812500000000016   
   0.6937500000000005     0.6937500000000015   
   0.6937500000000005     0.7062500000000016   
   0.6937500000000008     0.7187500000000014   
   0.6937500000000008     0.7312500000000014   
   0.6937500000000005     0.7437500000000012   
   0.6937500000000008     0.7562500000000013   
   0.6937500000000008     0.7687500000000013   
   0.6937500000000009     0.7812500000000011   
   0.6937500000000008     0.7937500000000013   
   0.6937500000000009     0.8062500000000012   
   0.6937500000000008     0.8187500000000011   
   0.6937500000000008     0.8312500000000009   
   0.6937500000000008     0.8437500000000010   
   0.6937500000000009     0.8562500000000011   
   0.6937639189444917     0.8687333688051384   
   0.6939031332634941     0.8811523154713926   
   0.6956046726134935     0.8934151725539122   
   0.6971673646034428     0.9058698019462298   
   0.6971973681551531     0.9185673780699239   
   0.6971895319475959     0.9311942169277783   
   0.6971871997485044     0.9437401749585413   
   0.6971880588474533     0.9562485378497141   
   0.6971892148927016     0.9687500926328108   
   0.6971894620241548     0.9812500112747867   
   0.7062500000000003     0.4937500000000022   
   0.7062500000000003     0.5062500000000023   
   0.7062500000000003     0.5187500000000023   
   0.7062500000000003     0.5312500000000021   
   0.7062500000000002     0.5437500000000021   
   0.7062500000000002     0.5562500000000020   
   0.7062500000000003     0.5687500000000020   
   0.7062500000000003     0.5812500000000019   
   0.7062500000000003     0.5937500000000019   
   0.7062500000000005     0.6062500000000018   
   0.7062500000000006     0.6187500000000018   
   0.7062500000000006     0.6312500000000018   
   0.7062500000000006     0.6437500000000017   
   0.7062500000000006     0.6562500000000017   
   0.7062500000000006     0.6687500000000016   
   0.7062500000000006     0.6812500000000016   
   0.7062500000000005     0.6937500000000015   
   0.7062500000000006     0.7062500000000016   
   0.7062500000000006     0.7187500000000014   
   0.7062500000000006     0.7312500000000014   
   0.7062500000000006     0.7437500000000014   
   0.7062500000000006     0.7562500000000014   
   0.7062500000000007     0.7687500000000013   
   0.7062500000000007     0.7812500000000012   
   0.7062500000000007     0.7937500000000012   
   0.7062500000000007     0.8062500000000012   
   0.7062500000000006     0.8187500000000010   
   0.7062500000000006     0.8312500000000009   
   0.7062500000000007     0.8437500000000010   
   0.7062500000000007     0.8562500000000011   
   0.7062640223143601     0.8687329821410148   
   0.7064070899806791     0.8811491344435520   
   0.7081076328626827     0.8933988549536034   
   0.7096409056004170     0.9058492042432474   
   0.7096609977464831     0.9185583261049678   
   0.7096614330542000     0.9311912320381935   
   0.7096657673630866     0.9437393034856187   
   0.7096687634678652     0.9562497541568222   
   0.7096708921842007     0.9687511628914354   
   0.7096732805530753     0.9812509102651042   
   0.7187500000000002     0.4937500000000022   
   0.7187500000000002     0.5062500000000022   
   0.7187500000000003     0.5187500000000022   
   0.7187500000000002     0.5312500000000021   
   0.7187500000000002     0.5437500000000021   
   0.7187500000000002     0.5562500000000020   
   0.7187500000000003     0.5687500000000020   
   0.7187500000000004     0.5812500000000019   
   0.7187500000000003     0.5937500000000019   
   0.7187500000000003     0.6062500000000018   
   0.7187500000000004     0.6187500000000018   
   0.7187500000000004     0.6312500000000018   
   0.7187500000000004     0.6437500000000017   
   0.7187500000000004     0.6562500000000017   
   0.7187500000000004     0.6687500000000016   
   0.7187500000000004     0.6812500000000015   
   0.7187500000000004     0.6937500000000015   
   0.7187500000000004     0.7062500000000016   
   0.7187500000000004     0.7187500000000014   
   0.7187500000000007     0.7312500000000014   
   0.7187500000000007     0.7437500000000015   
   0.7187500000000004     0.7562500000000014   
   0.7187500000000006     0.7687500000000013   
   0.7187500000000008     0.7812500000000012   
   0.7187500000000008     0.7937500000000012   
   0.7187500000000007     0.8062500000000012   
   0.7187500000000007     0.8187500000000011   
   0.7187500000000008     0.8312500000000012   
   0.7187500000000008     0.8437500000000010   
   0.7187500000000008     0.8562500000000011   
   0.7187629885561886     0.8687319754421768   
   0.7189123959117201     0.8811549304885722   
   0.7206060656474197     0.8933846119752118   
   0.7221299938446701     0.9058406643023159   
   0.7221784388594616     0.9185753526649166   
   0.7222192357506846     0.9312121857105993   
   0.7222399477240857     0.9437450278968301   
   0.7222448164915412     0.9562514526347347   
   0.7222433414201288     0.9687488484635354   
   0.7222379579470528     0.9812506253689296   
   0.7312500000000002     0.4937500000000022   
   0.7312500000000002     0.5062500000000022   
   0.7312500000000002     0.5187500000000022   
   0.7312500000000002     0.5312500000000021   
   0.7312500000000002     0.5437500000000021   
   0.7312500000000002     0.5562500000000020   
   0.7312500000000004     0.5687500000000020   
   0.7312500000000004     0.5812500000000019   
   0.7312500000000002     0.5937500000000019   
   0.7312500000000002     0.6062500000000018   
   0.7312500000000004     0.6187500000000018   
   0.7312500000000004     0.6312500000000018   
   0.7312500000000005     0.6437500000000017   
   0.7312500000000004     0.6562500000000017   
   0.7312500000000004     0.6687500000000016   
   0.7312500000000005     0.6812500000000016   
   0.7312500000000005     0.6937500000000015   
   0.7312500000000005     0.7062500000000016   
   0.7312500000000005     0.7187500000000014   
   0.7312500000000005     0.7312500000000014   
   0.7312500000000005     0.7437500000000014   
   0.7312500000000005     0.7562500000000014   
   0.7312500000000005     0.7687500000000013   
   0.7312500000000006     0.7812500000000012   
   0.7312500000000006     0.7937500000000012   
   0.7312500000000006     0.8062500000000012   
   0.7312500000000006     0.8187500000000011   
   0.7312500000000006     0.8312500000000010   
   0.7312500000000006     0.8437500000000009   
   0.7312500000000008     0.8562500000000010   
   0.7312554008734402     0.8687310251154408   
   0.7313660898882562     0.8811479040948800   
   0.7330695636652549     0.8934855666357229   
   0.7347836417896315     0.9060677099513433   
   0.7349122107072350     0.9186931691839789   
   0.7350026578258317     0.9312448713501510   
   0.7350175016661570     0.9437495797694823   
   0.7349919157452071     0.9562491511866383   
   0.7350069402763371     0.9687466161152238   
   0.7350080580870398     0.9812462328183996   
   0.7437500000000001     0.4937500000000022   
   0.7437500000000002     0.5062500000000022   
   0.7437500000000002     0.5187500000000022   
   0.7437500000000002     0.5312500000000021   
   0.7437500000000001     0.5437500000000021   
   0.7437500000000001     0.5562500000000020   
   0.7437500000000002     0.5687500000000020   
   0.7437500000000002     0.5812500000000019   
   0.7437500000000002     0.5937500000000019   
   0.7437500000000002     0.6062500000000018   
   0.7437500000000004     0.6187500000000018   
   0.7437500000000004     0.6312500000000018   
   0.7437500000000004     0.6437500000000017   
   0.7437500000000004     0.6562500000000017   
   0.7437500000000002     0.6687500000000016   
   0.7437500000000004     0.6812500000000016   
   0.7437500000000004     0.6937500000000015   
   0.7437500000000004     0.7062500000000016   
   0.7437500000000004     0.7187500000000014   
   0.7437500000000004     0.7312500000000014   
   0.7437500000000006     0.7437500000000014   
   0.7437500000000006     0.7562500000000014   
   0.7437500000000006     0.7687500000000014   
   0.7437500000000006     0.7812500000000012   
   0.7437500000000006     0.7937500000000012   
   0.7437500000000006     0.8062500000000012   
   0.7437500000000007     0.8187500000000011   
   0.7437500000000006     0.8312500000000009   
   0.7437500000000007     0.8437500000000009   
   0.7437500000000007     0.8562500000000011   
   0.7437503204674519     0.8687160062354878   
   0.7437499910367722     0.8811027631435507   
   0.7454900635054137     0.8936762009713842   
   0.7473399108482720     0.9063413096980805   
   0.7475106292951840     0.9188029705723886   
   0.7475121362136582     0.9312517999229899   
   0.7474940843515263     0.9437288177432934   
   0.7475217536106593     0.9562453373382687   
   0.7475252484150982     0.9687657859691751   
   0.7475134857191441     0.9812460518248927   
   0.7562500000000001     0.4937500000000022   
   0.7562500000000001     0.5062500000000022   
   0.7562500000000001     0.5187500000000022   
   0.7562500000000001     0.5312500000000021   
   0.7562500000000001     0.5437500000000021   
   0.7562500000000001     0.5562500000000020   
   0.7562500000000003     0.5687500000000020   
   0.7562500000000003     0.5812500000000019   
   0.7562500000000001     0.5937500000000019   
   0.7562500000000002     0.6062500000000018   
   0.7562500000000004     0.6187500000000018   
   0.7562500000000003     0.6312500000000019   
   0.7562500000000003     0.6437500000000018   
   0.7562500000000004     0.6562500000000017   
   0.7562500000000004     0.6687500000000016   
   0.7562500000000004     0.6812500000000016   
   0.7562500000000004     0.6937500000000015   
   0.7562500000000004     0.7062500000000016   
   0.7562500000000004     0.7187500000000014   
   0.7562500000000004     0.7312500000000014   
   0.7562500000000005     0.7437500000000014   
   0.7562500000000005     0.7562500000000013   
   0.7562500000000005     0.7687500000000013   
   0.7562500000000005     0.7812500000000013   
   0.7562500000000004     0.7937500000000013   
   0.7562500000000005     0.8062500000000011   
   0.7562500000000005     0.8187500000000011   
   0.7562500000000005     0.8312500000000010   
   0.7562500000000005     0.8437500000000010   
   0.7562500000000008     0.8562500000000011   
   0.7562516472582864     0.8687203854687295   
   0.7562812267585508     0.8810819084170581   
   0.7575202682247966     0.8935828937456740   
   0.7590101834627677     0.9062135901362808   
   0.7592401893368735     0.9187878348652665   
   0.7592034993266805     0.9312389575117976   
   0.7591817595542640     0.9437711253991323   
   0.7592034605062010     0.9562548444197473   
   0.7591952861327445     0.9687577624906756   
   0.7591677188275029     0.9812438872612509   
   0.7687500000000000     0.4937500000000021   
   0.7687500000000000     0.5062500000000022   
   0.7687500000000002     0.5187500000000022   
   0.7687500000000002     0.5312500000000021   
   0.7687500000000002     0.5437500000000022   
   0.7687500000000000     0.5562500000000021   
   0.7687500000000000     0.5687500000000020   
   0.7687500000000002     0.5812500000000019   
   0.7687500000000002     0.5937500000000019   
   0.7687500000000003     0.6062500000000018   
   0.7687500000000003     0.6187500000000018   
   0.7687500000000003     0.6312500000000018   
   0.7687500000000003     0.6437500000000017   
   0.7687500000000003     0.6562500000000017   
   0.7687500000000003     0.6687500000000016   
   0.7687500000000003     0.6812500000000016   
   0.7687500000000003     0.6937500000000015   
   0.7687500000000003     0.7062500000000016   
   0.7687500000000003     0.7187500000000014   
   0.7687500000000003     0.7312500000000014   
   0.7687500000000004     0.7437500000000012   
   0.7687500000000005     0.7562500000000014   
   0.7687500000000004     0.7687500000000013   
   0.7687500000000005     0.7812500000000012   
   0.7687500000000004     0.7937500000000011   
   0.7687500000000006     0.8062500000000010   
   0.7687500000000006     0.8187500000000011   
   0.7687500000000006     0.8312500000000010   
   0.7687500000000006     0.8437500000000009   
   0.7687500000000006     0.8562500000000008   
   0.7687582889561984     0.8687239534489511   
   0.7688159930365291     0.8811214271225786   
   0.7694034450655024     0.8935072333711964   
   0.7701410132084892     0.9061122693726583   
   0.7703473027328630     0.9187140355272995   
   0.7703823496336079     0.9312283469291778   
   0.7703463830176865     0.9437698880729104   
   0.7703189366324521     0.9562584808853001   
   0.7703128340757635     0.9687478629277062   
   0.7703271793710265     0.9812439911112198   
   0.7812499999999999     0.4937500000000022   
   0.7812499999999999     0.5062500000000022   
   0.7812500000000000     0.5187500000000022   
   0.7812500000000000     0.5312500000000021   
   0.7812500000000000     0.5437500000000021   
   0.7812500000000000     0.5562500000000020   
   0.7812500000000000     0.5687500000000020   
   0.7812500000000000     0.5812500000000019   
   0.7812500000000000     0.5937500000000019   
   0.7812500000000002     0.6062500000000018   
   0.7812500000000003     0.6187500000000018   
   0.7812500000000003     0.6312500000000018   
   0.7812500000000002     0.6437500000000016   
   0.7812500000000002     0.6562500000000016   
   0.7812500000000003     0.6687500000000016   
   0.7812500000000003     0.6812500000000016   
   0.7812500000000003     0.6937500000000015   
   0.7812500000000004     0.7062500000000016   
   0.7812500000000004     0.7187500000000014   
   0.7812500000000004     0.7312500000000013   
   0.7812500000000003     0.7437500000000012   
   0.7812500000000003     0.7562500000000014   
   0.7812500000000003     0.7687500000000013   
   0.7812500000000003     0.7812500000000012   
   0.7812500000000004     0.7937500000000012   
   0.7812500000000004     0.8062500000000012   
   0.7812500000000004     0.8187500000000010   
   0.7812500000000004     0.8312500000000010   
   0.7812500000000004     0.8437500000000010   
   0.7812500000000007     0.8562500000000011   
   0.7812550994957291     0.8687418038994896   
   0.7812919015314811     0.8812022369701203   
   0.7814699707624105     0.8936629000775378   
   0.7817158393545680     0.9061874319637537   
   0.7818118494165357     0.9187378919218584   
   0.7818242479271965     0.9312481048141119   
   0.7818297071149800     0.9437497056182405   
   0.7818342311294798     0.9562500675098902   
   0.7818348878879199     0.9687508278367782   
   0.7818392300610272     0.9812498454726823   
   0.7937500000000000     0.4937500000000021   
   0.7937500000000000     0.5062500000000022   
   0.7937500000000000     0.5187500000000022   
   0.7937500000000001     0.5312500000000021   
   0.7937500000000001     0.5437500000000021   
   0.7937500000000001     0.5562500000000020   
   0.7937500000000001     0.5687500000000020   
   0.7937500000000002     0.5812500000000019   
   0.7937500000000001     0.5937500000000019   
   0.7937500000000001     0.6062500000000018   
   0.7937500000000002     0.6187500000000017   
   0.7937500000000002     0.6312500000000016   
   0.7937500000000002     0.6437500000000017   
   0.7937500000000002     0.6562500000000016   
   0.7937500000000002     0.6687500000000015   
   0.7937500000000002     0.6812500000000016   
   0.7937500000000002     0.6937500000000014   
   0.7937500000000004     0.7062500000000014   
   0.7937500000000004     0.7187500000000013   
   0.7937500000000004     0.7312500000000014   
   0.7937500000000002     0.7437500000000012   
   0.7937500000000004     0.7562500000000012   
   0.7937500000000004     0.7687500000000014   
   0.7937500000000002     0.7812500000000012   
   0.7937500000000004     0.7937500000000011   
   0.7937500000000004     0.8062500000000012   
   0.7937500000000005     0.8187500000000010   
   0.7937500000000006     0.8312500000000007   
   0.7937500000000006     0.8437500000000009   
   0.7937500000000006     0.8562500000000010   
   0.7937500000000006     0.8687500000000010   
   0.7937617683107900     0.8812402405621056   
   0.7938029912945422     0.8937303008742968   
   0.7938638112988000     0.9062355331636991   
   0.7938819740859139     0.9187430204337862   
   0.7938849054970397     0.9312517807878270   
   0.7938890433374327     0.9437501283295551   
   0.7938976748748672     0.9562497831336284   
   0.7938985395323822     0.9687498793679524   
   0.7938992029095788     0.9812504117377162   
   0.8062499999999999     0.4937500000000022   
   0.8062499999999999     0.5062500000000022   
   0.8062499999999999     0.5187500000000022   
   0.8062499999999999     0.5312500000000021   
   0.8062499999999999     0.5437500000000021   
   0.8062500000000001     0.5562500000000020   
   0.8062500000000001     0.5687500000000020   
   0.8062500000000000     0.5812500000000019   
   0.8062499999999999     0.5937500000000018   
   0.8062499999999999     0.6062500000000017   
   0.8062500000000001     0.6187500000000017   
   0.8062500000000002     0.6312500000000016   
   0.8062500000000001     0.6437500000000016   
   0.8062500000000002     0.6562500000000016   
   0.8062500000000002     0.6687500000000014   
   0.8062500000000002     0.6812500000000015   
   0.8062500000000002     0.6937500000000014   
   0.8062500000000002     0.7062500000000013   
   0.8062500000000002     0.7187500000000013   
   0.8062500000000002     0.7312500000000014   
   0.8062500000000002     0.7437500000000012   
   0.8062500000000002     0.7562500000000012   
   0.8062500000000004     0.7687500000000013   
   0.8062500000000004     0.7812500000000011   
   0.8062500000000004     0.7937500000000011   
   0.8062500000000002     0.8062500000000010   
   0.8062500000000004     0.8187500000000009   
   0.8062500000000006     0.8312500000000008   
   0.8062500000000006     0.8437500000000009   
   0.8062500000000006     0.8562500000000008   
   0.8062500000000006     0.8687500000000008   
   0.8062500000000004     0.8812500000000009   
   0.8062554378459419     0.8937481523752056   
   0.8062693860349111     0.9062475074944764   
   0.8062751525812381     0.9187491592089021   
   0.8062746615241847     0.9312496378083391   
   0.8062752627374482     0.9437496816830929   
   0.8062781021005019     0.9562500205966959   
   0.8062796109733800     0.9687500687593101   
   0.8062795134679225     0.9812500322780501   
   0.8187500000000000     0.5687500000000019   
   0.8187500000000000     0.5812500000000018   
   0.8187500000000000     0.5937500000000018   
   0.8187500000000001     0.6062500000000017   
   0.8187500000000001     0.6187500000000017   
   0.8187500000000001     0.6312500000000015   
   0.8187500000000001     0.6437500000000015   
   0.8187500000000001     0.6562500000000014   
   0.8187500000000001     0.6687500000000014   
   0.8187500000000001     0.6812500000000014   
   0.8187500000000001     0.6937500000000014   
   0.8187500000000001     0.7062500000000013   
   0.8187500000000001     0.7187500000000013   
   0.8187500000000001     0.7312500000000013   
   0.8187500000000001     0.7437500000000012   
   0.8187500000000001     0.7562500000000012   
   0.8187500000000003     0.7687500000000012   
   0.8187500000000004     0.7812500000000011   
   0.8187500000000004     0.7937500000000011   
   0.8187500000000004     0.8062500000000009   
   0.8187500000000004     0.8187500000000008   
   0.8187500000000004     0.8312500000000008   
   0.8187500000000004     0.8437500000000009   
   0.8187500000000004     0.8562500000000008   
   0.8187500000000004     0.8687500000000007   
   0.8187500000000004     0.8812500000000008   
   0.8187500000000004     0.8937500000000007   
   0.8187500000000005     0.9062500000000007   
   0.8187500000000005     0.9187500000000006   
   0.8187500000000005     0.9312500000000006   
   0.8187500000000005     0.9437500000000005   
   0.8187500000000005     0.9562500000000007   
   0.8187500000000005     0.9687500000000004   
   0.8187500000000005     0.9812500000000004   
   0.8312499999999998     0.5687500000000018   
   0.8312499999999998     0.5812500000000017   
   0.8312499999999998     0.5937500000000017   
   0.8312500000000000     0.6062500000000016   
   0.8312500000000002     0.6187500000000016   
   0.8312500000000000     0.6312500000000015   
   0.8312500000000000     0.6437500000000015   
   0.8312500000000002     0.6562500000000014   
   0.8312500000000000     0.6687500000000014   
   0.8312500000000002     0.6812500000000014   
   0.8312500000000002     0.6937500000000014   
   0.8312500000000002     0.7062500000000013   
   0.8312500000000002     0.7187500000000012   
   0.8312500000000002     0.7312500000000012   
   0.8312500000000002     0.7437500000000012   
   0.8312500000000002     0.7562500000000011   
   0.8312500000000002     0.7687500000000010   
   0.8312500000000002     0.7812500000000010   
   0.8312500000000003     0.7937500000000011   
   0.8312500000000003     0.8062500000000009   
   0.8312500000000003     0.8187500000000009   
   0.8312500000000003     0.8312500000000008   
   0.8312500000000003     0.8437500000000009   
   0.8312500000000003     0.8562500000000008   
   0.8312500000000003     0.8687500000000007   
   0.8312500000000003     0.8812500000000008   
   0.8312500000000005     0.8937500000000006   
   0.8312500000000005     0.9062500000000007   
   0.8312500000000005     0.9187500000000006   
   0.8312500000000006     0.9312500000000005   
   0.8312500000000006     0.9437500000000005   
   0.8312500000000006     0.9562500000000005   
   0.8312500000000006     0.9687500000000003   
   0.8312500000000006     0.9812500000000003   
   0.8437499999999999     0.5687500000000018   
   0.8437499999999999     0.5812500000000017   
   0.8437499999999999     0.5937500000000017   
   0.8437499999999999     0.6062500000000016   
   0.8437500000000000     0.6187500000000016   
   0.8437500000000000     0.6312500000000015   
   0.8437499999999999     0.6437500000000015   
   0.8437500000000000     0.6562500000000014   
   0.8437500000000000     0.6687500000000014   
   0.8437500000000000     0.6812500000000014   
   0.8437500000000000     0.6937500000000014   
   0.8437500000000000     0.7062500000000013   
   0.8437500000000000     0.7187500000000012   
   0.8437500000000000     0.7312500000000011   
   0.8437500000000002     0.7437500000000011   
   0.8437500000000002     0.7562500000000011   
   0.8437500000000000     0.7687500000000009   
   0.8437500000000000     0.7812500000000009   
   0.8437500000000002     0.7937500000000011   
   0.8437500000000002     0.8062500000000010   
   0.8437500000000002     0.8187500000000009   
   0.8437500000000002     0.8312500000000008   
   0.8437500000000003     0.8437500000000009   
   0.8437500000000002     0.8562500000000008   
   0.8437500000000002     0.8687500000000007   
   0.8437500000000003     0.8812500000000006   
   0.8437500000000004     0.8937500000000007   
   0.8437500000000004     0.9062500000000006   
   0.8437500000000003     0.9187500000000006   
   0.8437500000000004     0.9312500000000006   
   0.8437500000000004     0.9437500000000005   
   0.8437500000000004     0.9562500000000004   
   0.8437500000000004     0.9687500000000002   
   0.8437500000000004     0.9812500000000003   
   0.8562499999999997     0.5687500000000018   
   0.8562499999999997     0.5812500000000017   
   0.8562499999999997     0.5937500000000017   
   0.8562500000000000     0.6062500000000016   
   0.8562500000000001     0.6187500000000016   
   0.8562500000000001     0.6312500000000015   
   0.8562500000000000     0.6437500000000015   
   0.8562500000000001     0.6562500000000014   
   0.8562500000000001     0.6687500000000014   
   0.8562500000000001     0.6812500000000014   
   0.8562500000000001     0.6937500000000014   
   0.8562500000000001     0.7062500000000013   
   0.8562500000000001     0.7187500000000012   
   0.8562500000000001     0.7312500000000012   
   0.8562500000000001     0.7437500000000012   
   0.8562500000000001     0.7562500000000011   
   0.8562500000000001     0.7687500000000009   
   0.8562500000000001     0.7812500000000010   
   0.8562500000000001     0.7937500000000010   
   0.8562500000000001     0.8062500000000009   
   0.8562500000000001     0.8187500000000009   
   0.8562500000000002     0.8312500000000008   
   0.8562500000000002     0.8437500000000009   
   0.8562500000000001     0.8562500000000008   
   0.8562500000000003     0.8687500000000007   
   0.8562500000000004     0.8812500000000006   
   0.8562500000000005     0.8937500000000007   
   0.8562500000000004     0.9062500000000007   
   0.8562500000000004     0.9187500000000005   
   0.8562500000000005     0.9312500000000006   
   0.8562500000000005     0.9437500000000005   
   0.8562500000000005     0.9562500000000004   
   0.8562500000000005     0.9687500000000003   
   0.8562500000000005     0.9812500000000004   
   0.8687499999999999     0.5687500000000018   
   0.8687499999999998     0.5812500000000017   
   0.8687499999999998     0.5937500000000017   
   0.8687499999999998     0.6062500000000016   
   0.8687499999999999     0.6187500000000016   
   0.8687499999999999     0.6312500000000015   
   0.8687499999999999     0.6437500000000015   
   0.8687499999999999     0.6562500000000014   
   0.8687499999999999     0.6687500000000014   
   0.8687499999999999     0.6812500000000014   
   0.8687499999999999     0.6937500000000014   
   0.8687499999999999     0.7062500000000013   
   0.8687499999999999     0.7187500000000012   
   0.8687500000000001     0.7312500000000012   
   0.8687500000000001     0.7437500000000012   
   0.8687499999999999     0.7562500000000011   
   0.8687499999999999     0.7687500000000010   
   0.8687499999999999     0.7812500000000010   
   0.8687499999999999     0.7937500000000011   
   0.8687500000000001     0.8062500000000009   
   0.8687500000000001     0.8187500000000009   
   0.8687500000000001     0.8312500000000008   
   0.8687500000000001     0.8437500000000009   
   0.8687500000000001     0.8562500000000007   
   0.8687500000000002     0.8687500000000007   
   0.8687500000000004     0.8812500000000006   
   0.8687500000000004     0.8937500000000007   
   0.8687500000000004     0.9062500000000006   
   0.8687500000000004     0.9187500000000005   
   0.8687500000000004     0.9312500000000005   
   0.8687500000000004     0.9437500000000004   
   0.8687500000000004     0.9562500000000003   
   0.8687500000000004     0.9687500000000003   
   0.8687500000000004     0.9812500000000003   
   0.8687500000000004     0.9937500000000001   
   0.8812499999999999     0.5687500000000019   
   0.8812499999999996     0.5812500000000017   
   0.8812499999999996     0.5937500000000017   
   0.8812499999999996     0.6062500000000016   
   0.8812499999999999     0.6187500000000016   
   0.8812500000000000     0.6312500000000015   
   0.8812500000000000     0.6437500000000015   
   0.8812500000000000     0.6562500000000014   
   0.8812500000000000     0.6687500000000014   
   0.8812499999999999     0.6812500000000014   
   0.8812500000000000     0.6937500000000014   
   0.8812500000000000     0.7062500000000014   
   0.8812500000000000     0.7187500000000012   
   0.8812500000000000     0.7312500000000012   
   0.8812500000000000     0.7437500000000012   
   0.8812500000000001     0.7562500000000012   
   0.8812500000000001     0.7687500000000010   
   0.8812500000000001     0.7812500000000011   
   0.8812500000000001     0.7937500000000011   
   0.8812500000000001     0.8062500000000009   
   0.8812500000000001     0.8187500000000009   
   0.8812500000000001     0.8312500000000007   
   0.8812500000000001     0.8437500000000009   
   0.8812500000000001     0.8562500000000008   
   0.8812500000000001     0.8687500000000007   
   0.8812500000000003     0.8812500000000006   
   0.8812500000000004     0.8937500000000007   
   0.8812500000000004     0.9062500000000006   
   0.8812500000000004     0.9187500000000004   
   0.8812500000000004     0.9312500000000004   
   0.8812500000000004     0.9437500000000005   
   0.8812500000000004     0.9562500000000003   
   0.8812500000000004     0.9687500000000003   
   0.8812500000000004     0.9812500000000002   
   0.8812500000000004     0.9937500000000000   
   0.8937499999999997     0.5687500000000018   
   0.8937499999999997     0.5812500000000017   
   0.8937499999999997     0.5937500000000017   
   0.8937499999999998     0.6062500000000015   
   0.8937499999999998     0.6187500000000015   
   0.8937499999999998     0.6312500000000015   
   0.8937499999999998     0.6437500000000015   
   0.8937499999999998     0.6562500000000014   
   0.8937499999999998     0.6687500000000014   
   0.8937499999999998     0.6812500000000012   
   0.8937499999999998     0.6937500000000012   
   0.8937499999999998     0.7062500000000013   
   0.8937499999999998     0.7187500000000012   
   0.8937499999999998     0.7312500000000012   
   0.8937499999999998     0.7437500000000012   
   0.8937500000000000     0.7562500000000010   
   0.8937500000000000     0.7687500000000010   
   0.8937500000000000     0.7812500000000011   
   0.8937500000000000     0.7937500000000011   
   0.8937500000000000     0.8062500000000009   
   0.8937500000000002     0.8187500000000008   
   0.8937500000000000     0.8312500000000007   
   0.8937500000000002     0.8437500000000007   
   0.8937500000000002     0.8562500000000006   
   0.8937500000000002     0.8687500000000007   
   0.8937500000000002     0.8812500000000006   
   0.8937500000000003     0.8937500000000007   
   0.8937500000000003     0.9062500000000006   
   0.8937500000000003     0.9187500000000004   
   0.8937500000000003     0.9312500000000004   
   0.8937500000000003     0.9437500000000003   
   0.8937500000000003     0.9562500000000002   
   0.8937500000000003     0.9687500000000002   
   0.8937500000000003     0.9812500000000002   
   0.8937500000000003     0.9937500000000001   
   0.9062499999999996     0.5687500000000016   
   0.9062499999999997     0.5812500000000016   
   0.9062499999999998     0.5937500000000017   
   0.9062499999999998     0.6062500000000016   
   0.9062499999999998     0.6187500000000015   
   0.9062499999999999     0.6312500000000014   
   0.9062499999999999     0.6437500000000014   
   0.9062499999999999     0.6562500000000013   
   0.9062499999999999     0.6687500000000013   
   0.9062499999999999     0.6812500000000012   
   0.9062499999999999     0.6937500000000012   
   0.9062499999999999     0.7062500000000013   
   0.9062499999999999     0.7187500000000012   
   0.9062499999999999     0.7312500000000011   
   0.9062499999999999     0.7437500000000011   
   0.9062499999999999     0.7562500000000009   
   0.9062499999999999     0.7687500000000007   
   0.9062499999999999     0.7812500000000008   
   0.9062499999999999     0.7937500000000008   
   0.9062499999999999     0.8062500000000008   
   0.9062500000000000     0.8187500000000009   
   0.9062500000000000     0.8312500000000007   
   0.9062500000000002     0.8437500000000006   
   0.9062500000000000     0.8562500000000006   
   0.9062500000000002     0.8687500000000007   
   0.9062500000000002     0.8812500000000005   
   0.9062500000000002     0.8937500000000005   
   0.9062500000000003     0.9062500000000004   
   0.9062500000000002     0.9187500000000005   
   0.9062500000000003     0.9312500000000004   
   0.9062500000000003     0.9437500000000002   
   0.9062500000000003     0.9562500000000003   
   0.9062500000000003     0.9687500000000002   
   0.9062500000000003     0.9812500000000002   
   0.9062500000000003     0.9937500000000001   
   0.9187499999999996     0.5687500000000015   
   0.9187499999999996     0.5812500000000016   
   0.9187499999999996     0.5937500000000017   
   0.9187499999999997     0.6062500000000015   
   0.9187499999999997     0.6187500000000015   
   0.9187499999999996     0.6312500000000014   
   0.9187499999999997     0.6437500000000013   
   0.9187499999999997     0.6562500000000012   
   0.9187499999999997     0.6687500000000012   
   0.9187499999999997     0.6812500000000012   
   0.9187499999999997     0.6937500000000012   
   0.9187499999999997     0.7062500000000012   
   0.9187499999999997     0.7187500000000011   
   0.9187499999999997     0.7312500000000010   
   0.9187499999999997     0.7437500000000010   
   0.9187499999999997     0.7562500000000009   
   0.9187500000000000     0.7687500000000008   
   0.9187500000000000     0.7812500000000009   
   0.9187500000000000     0.7937500000000007   
   0.9187500000000000     0.8062500000000008   
   0.9187500000000000     0.8187500000000008   
   0.9187500000000000     0.8312500000000007   
   0.9187500000000001     0.8437500000000007   
   0.9187500000000000     0.8562500000000005   
   0.9187500000000001     0.8687500000000004   
   0.9187500000000002     0.8812500000000005   
   0.9187500000000002     0.8937500000000004   
   0.9187500000000002     0.9062500000000003   
   0.9187500000000002     0.9187500000000004   
   0.9187500000000002     0.9312500000000004   
   0.9187500000000002     0.9437500000000003   
   0.9187500000000002     0.9562500000000002   
   0.9187500000000002     0.9687500000000001   
   0.9187500000000002     0.9812500000000002   
   0.9187500000000002     0.9937500000000000   
