   0.0062500000000012     0.9437500000000018   
   0.0062500000000012     0.9562500000000016   
   0.0062500000000012     0.9687500000000017   
   0.0062500000000012     0.9812500000000015   
   0.0062500000000013     0.9937500000000017   
   0.0062500000000013     1.0062500000000014   
   0.0062500000000013     1.0187500000000016   
   0.0062500000000013     1.0312500000000013   
   0.0062500000000013     1.0437500000000015   
   0.0062500000000013     1.0562500000000012   
   0.0062500000000014     1.0687500000000014   
   0.0062500000000014     1.0812500000000012   
   0.0062500000000014     1.0937500000000013   
   0.0062500000000014     1.1062500000000011   
   0.0062500000000014     1.1187500000000012   
   0.0062500000000014     1.1312500000000010   
   0.0062500000000014     1.1437500000000012   
   0.0062500000000015     1.1562500000000009   
   0.0062500000000015     1.1687500000000011   
   0.0062500000000015     1.1812500000000008   
   0.0062500000000015     1.1937500000000008   
   0.0062500000000015     1.2062500000000007   
   0.0062500000000015     1.2187500000000007   
   0.0062500000000016     1.2312500000000006   
   0.0062500000000016     1.2437500000000008   
   0.0062500000000016     1.2562500000000005   
   0.0062500000000016     1.2687500000000007   
   0.0062500000000016     1.2812500000000004   
   0.0062500000000016     1.2937500000000006   
   0.0062500000000017     1.3062500000000004   
   0.0062500000000017     1.3187500000000003   
   0.0062500000000017     1.3312500000000003   
   0.0062500000000017     1.3437500000000000   
   0.0062500000000017     1.3562500000000002   
   0.0062500000000017     1.3687500000000004   
   0.0062500000000017     1.3812500000000001   
   0.0062500000000018     1.3937500000000003   
   0.0062500000000018     1.4062500000000000   
   0.0062500000000018     1.4187500000000002   
   0.0062500000000018     1.4312499999999999   
   0.0187500000000024     0.9437500000000016   
   0.0187500000000024     0.9562500000000016   
   0.0187500000000024     0.9687500000000016   
   0.0187500000000025     0.9812500000000015   
   0.0187500000000025     0.9937500000000017   
   0.0187500000000025     1.0062500000000014   
   0.0187500000000026     1.0187500000000014   
   0.0187500000000026     1.0312500000000016   
   0.0187500000000026     1.0437500000000015   
   0.0187500000000027     1.0562500000000012   
   0.0187500000000027     1.0687500000000014   
   0.0187500000000027     1.0812500000000012   
   0.0187500000000028     1.0937500000000011   
   0.0187500000000028     1.1062500000000011   
   0.0187500000000028     1.1187500000000012   
   0.0187500000000028     1.1312500000000010   
   0.0187500000000029     1.1437500000000012   
   0.0187500000000029     1.1562500000000011   
   0.0187500000000029     1.1687500000000011   
   0.0187500000000030     1.1812500000000008   
   0.0187500000000030     1.1937500000000008   
   0.0187500000000030     1.2062500000000007   
   0.0187500000000031     1.2187500000000007   
   0.0187500000000031     1.2312500000000006   
   0.0187500000000031     1.2437500000000008   
   0.0187500000000032     1.2562500000000008   
   0.0187500000000032     1.2687500000000007   
   0.0187500000000032     1.2812500000000007   
   0.0187500000000033     1.2937500000000006   
   0.0187500000000033     1.3062500000000004   
   0.0187500000000033     1.3187500000000003   
   0.0187500000000034     1.3312500000000003   
   0.0187500000000034     1.3437500000000002   
   0.0187500000000034     1.3562500000000004   
   0.0187500000000034     1.3687500000000004   
   0.0187500000000035     1.3812500000000003   
   0.0187500000000035     1.3937500000000003   
   0.0187500000000035     1.4062500000000000   
   0.0187500000000036     1.4187500000000000   
   0.0187500000000036     1.4312499999999999   
   0.0312500000000024     0.9437500000000016   
   0.0312500000000024     0.9562500000000016   
   0.0312500000000024     0.9687500000000016   
   0.0312500000000025     0.9812500000000015   
   0.0312500000000025     0.9937500000000017   
   0.0312500000000025     1.0062500000000014   
   0.0312500000000025     1.0187500000000012   
   0.0312500000000026     1.0312500000000013   
   0.0312500000000026     1.0437500000000015   
   0.0312500000000026     1.0562500000000015   
   0.0312500000000027     1.0687500000000012   
   0.0312500000000027     1.0812500000000012   
   0.0312500000000027     1.0937500000000009   
   0.0312500000000028     1.1062500000000011   
   0.0312500000000028     1.1187500000000012   
   0.0312500000000028     1.1312500000000010   
   0.0312500000000029     1.1437500000000009   
   0.0312500000000029     1.1562500000000009   
   0.0312500000000029     1.1687500000000011   
   0.0312500000000030     1.1812500000000010   
   0.0312500000000030     1.1937500000000010   
   0.0312500000000030     1.2062500000000007   
   0.0312500000000030     1.2187500000000009   
   0.0312500000000031     1.2312500000000006   
   0.0312500000000031     1.2437500000000008   
   0.0312500000000031     1.2562500000000005   
   0.0312500000000032     1.2687500000000005   
   0.0312500000000032     1.2812500000000004   
   0.0312500000000032     1.2937500000000006   
   0.0312500000000033     1.3062500000000004   
   0.0312500000000033     1.3187500000000001   
   0.0312500000000033     1.3312500000000003   
   0.0312500000000034     1.3437500000000004   
   0.0312500000000034     1.3562500000000004   
   0.0312500000000034     1.3687500000000004   
   0.0312500000000034     1.3812500000000001   
   0.0312500000000035     1.3937500000000000   
   0.0312500000000035     1.4062500000000000   
   0.0312500000000035     1.4187500000000000   
   0.0312500000000036     1.4312499999999999   
   0.0437500000000023     0.9437500000000015   
   0.0437500000000024     0.9562500000000016   
   0.0437500000000024     0.9687500000000014   
   0.0437500000000024     0.9812500000000015   
   0.0437500000000025     0.9937500000000017   
   0.0437500000000025     1.0062500000000014   
   0.0437500000000025     1.0187500000000014   
   0.0437500000000026     1.0312500000000013   
   0.0437500000000026     1.0437500000000013   
   0.0437500000000026     1.0562500000000012   
   0.0437500000000026     1.0687500000000010   
   0.0437500000000027     1.0812500000000012   
   0.0437500000000027     1.0937500000000011   
   0.0437500000000027     1.1062500000000011   
   0.0437500000000028     1.1187500000000010   
   0.0437500000000028     1.1312500000000010   
   0.0437500000000028     1.1437500000000012   
   0.0437500000000029     1.1562500000000009   
   0.0437500000000029     1.1687500000000011   
   0.0437500000000029     1.1812500000000008   
   0.0437500000000030     1.1937500000000010   
   0.0437500000000030     1.2062500000000007   
   0.0437500000000030     1.2187500000000009   
   0.0437500000000031     1.2312500000000006   
   0.0437500000000031     1.2437500000000008   
   0.0437500000000031     1.2562500000000005   
   0.0437500000000031     1.2687500000000005   
   0.0437500000000032     1.2812500000000004   
   0.0437500000000032     1.2937500000000006   
   0.0437500000000032     1.3062500000000004   
   0.0437500000000033     1.3187500000000005   
   0.0437500000000033     1.3312500000000003   
   0.0437500000000033     1.3437500000000004   
   0.0437500000000034     1.3562500000000002   
   0.0437500000000034     1.3687500000000001   
   0.0437500000000034     1.3812500000000001   
   0.0437500000000035     1.3937500000000000   
   0.0437500000000035     1.4062500000000000   
   0.0437500000000035     1.4187499999999997   
   0.0437500000000035     1.4312499999999999   
   0.0562500000000023     0.9437500000000016   
   0.0562500000000023     0.9562500000000016   
   0.0562500000000024     0.9687500000000016   
   0.0562500000000024     0.9812500000000014   
   0.0562500000000024     0.9937500000000016   
   0.0562500000000025     1.0062500000000014   
   0.0562500000000025     1.0187500000000012   
   0.0562500000000025     1.0312500000000011   
   0.0562500000000026     1.0437500000000013   
   0.0562500000000026     1.0562500000000012   
   0.0562500000000026     1.0687500000000012   
   0.0562500000000026     1.0812500000000012   
   0.0562500000000027     1.0937500000000013   
   0.0562500000000027     1.1062500000000011   
   0.0562500000000027     1.1187500000000008   
   0.0562500000000028     1.1312500000000010   
   0.0562500000000028     1.1437500000000012   
   0.0562500000000028     1.1562500000000009   
   0.0562500000000029     1.1687500000000011   
   0.0562500000000029     1.1812500000000008   
   0.0562500000000029     1.1937500000000008   
   0.0562500000000030     1.2062500000000007   
   0.0562500000000030     1.2187500000000007   
   0.0562500000000030     1.2312500000000008   
   0.0562500000000031     1.2437500000000008   
   0.0562500000000031     1.2562500000000005   
   0.0562500000000031     1.2687500000000003   
   0.0562500000000031     1.2812500000000004   
   0.0562500000000032     1.2937500000000006   
   0.0562500000000032     1.3062500000000004   
   0.0562500000000032     1.3187500000000003   
   0.0562500000000033     1.3312500000000003   
   0.0562500000000033     1.3437500000000002   
   0.0562500000000033     1.3562500000000002   
   0.0562500000000034     1.3687499999999999   
   0.0562500000000034     1.3812500000000001   
   0.0562500000000034     1.3937500000000003   
   0.0562500000000034     1.4062500000000000   
   0.0562500000000035     1.4187499999999997   
   0.0562500000000035     1.4312499999999999   
   0.0687500000000023     0.9437500000000015   
   0.0687500000000023     0.9562500000000016   
   0.0687500000000024     0.9687500000000016   
   0.0687500000000024     0.9812500000000014   
   0.0687500000000024     0.9937500000000016   
   0.0687500000000024     1.0062500000000014   
   0.0687500000000025     1.0187500000000016   
   0.0687500000000025     1.0312500000000013   
   0.0687500000000025     1.0437500000000013   
   0.0687500000000026     1.0562500000000012   
   0.0687500000000026     1.0687500000000010   
   0.0687500000000026     1.0812500000000012   
   0.0687500000000027     1.0937500000000013   
   0.0687500000000027     1.1062500000000011   
   0.0687500000000027     1.1187500000000012   
   0.0687500000000028     1.1312500000000010   
   0.0687500000000028     1.1437500000000009   
   0.0687500000000028     1.1562500000000009   
   0.0687500000000028     1.1687500000000011   
   0.0687500000000029     1.1812500000000008   
   0.0687500000000029     1.1937500000000010   
   0.0687500000000029     1.2062500000000007   
   0.0687500000000029     1.2187500000000004   
   0.0687500000000030     1.2312500000000006   
   0.0687500000000030     1.2437500000000008   
   0.0687500000000031     1.2562500000000005   
   0.0687500000000031     1.2687500000000005   
   0.0687500000000031     1.2812500000000004   
   0.0687500000000031     1.2937500000000002   
   0.0687500000000032     1.3062500000000001   
   0.0687500000000032     1.3187500000000001   
   0.0687500000000032     1.3312500000000000   
   0.0687500000000033     1.3437500000000000   
   0.0687500000000033     1.3562500000000000   
   0.0687500000000033     1.3687499999999999   
   0.0687500000000034     1.3812500000000001   
   0.0687500000000034     1.3937500000000000   
   0.0687500000000034     1.4062500000000000   
   0.0687500000000034     1.4187500000000000   
   0.0687500000000035     1.4312499999999999   
   0.0812500000000023     0.9437500000000015   
   0.0812500000000023     0.9562500000000015   
   0.0812500000000023     0.9687500000000014   
   0.0812500000000024     0.9812500000000014   
   0.0812500000000024     0.9937500000000012   
   0.0812500000000024     1.0062500000000012   
   0.0812500000000024     1.0187500000000014   
   0.0812500000000025     1.0312500000000013   
   0.0812500000000025     1.0437500000000011   
   0.0812500000000026     1.0562500000000012   
   0.0812500000000026     1.0687500000000012   
   0.0812500000000026     1.0812500000000012   
   0.0812500000000026     1.0937500000000013   
   0.0812500000000027     1.1062500000000011   
   0.0812500000000027     1.1187500000000010   
   0.0812500000000027     1.1312500000000010   
   0.0812500000000028     1.1437500000000012   
   0.0812500000000028     1.1562500000000009   
   0.0812500000000028     1.1687500000000008   
   0.0812500000000028     1.1812500000000008   
   0.0812500000000029     1.1937500000000005   
   0.0812500000000029     1.2062500000000007   
   0.0812500000000029     1.2187500000000004   
   0.0812500000000030     1.2312500000000006   
   0.0812500000000030     1.2437500000000004   
   0.0812500000000030     1.2562500000000003   
   0.0812500000000030     1.2687500000000003   
   0.0812500000000031     1.2812500000000004   
   0.0812500000000031     1.2937500000000002   
   0.0812500000000032     1.3062500000000001   
   0.0812500000000032     1.3187500000000001   
   0.0812500000000032     1.3312500000000000   
   0.0812500000000032     1.3437500000000000   
   0.0812500000000033     1.3562499999999997   
   0.0812500000000033     1.3687499999999999   
   0.0812500000000033     1.3812500000000001   
   0.0812500000000034     1.3937500000000000   
   0.0812500000000034     1.4062500000000000   
   0.0812500000000034     1.4187499999999997   
   0.0812500000000034     1.4312499999999999   
   0.0937500000000023     0.9562500000000014   
   0.0937500000000023     0.9687500000000013   
   0.0937500000000023     0.9812500000000013   
   0.0937500000000024     0.9937500000000012   
   0.0937500000000024     1.0062500000000014   
   0.0937500000000024     1.0187500000000012   
   0.0937500000000025     1.0312500000000011   
   0.0937500000000025     1.0437500000000011   
   0.0937500000000025     1.0562500000000010   
   0.0937500000000026     1.0687500000000010   
   0.0937500000000026     1.0812500000000012   
   0.0937500000000026     1.0937500000000013   
   0.0937500000000026     1.1062500000000011   
   0.0937500000000027     1.1187500000000008   
   0.0937500000000027     1.1312500000000008   
   0.0937500000000027     1.1437500000000009   
   0.0937500000000028     1.1562500000000007   
   0.0937500000000028     1.1687500000000006   
   0.0937500000000028     1.1812500000000008   
   0.0937500000000028     1.1937500000000008   
   0.0937500000000029     1.2062500000000007   
   0.0937500000000029     1.2187500000000009   
   0.0937500000000030     1.2312500000000006   
   0.0937500000000030     1.2437500000000004   
   0.0937500000000030     1.2562500000000005   
   0.0937500000000030     1.2687500000000005   
   0.0937500000000031     1.2812500000000004   
   0.0937500000000031     1.2937500000000004   
   0.0937500000000031     1.3062500000000004   
   0.0937500000000031     1.3187500000000001   
   0.0937500000000032     1.3312500000000003   
   0.0937500000000032     1.3437500000000004   
   0.0937500000000032     1.3562500000000002   
   0.0937500000000033     1.3687499999999999   
   0.0937500000000033     1.3812499999999999   
   0.0937500000000033     1.3937500000000003   
   0.0937500000000034     1.4062500000000000   
   0.0937500000000034     1.4187499999999997   
   0.0937500000000034     1.4312499999999999   
   0.1062500000000023     0.9562500000000016   
   0.1062500000000023     0.9687500000000014   
   0.1062500000000023     0.9812500000000013   
   0.1062500000000023     0.9937500000000014   
   0.1062500000000024     1.0062500000000014   
   0.1062500000000024     1.0187500000000012   
   0.1062500000000024     1.0312500000000013   
   0.1062500000000025     1.0437500000000013   
   0.1062500000000025     1.0562500000000012   
   0.1062500000000025     1.0687500000000010   
   0.1062500000000026     1.0812500000000012   
   0.1062500000000026     1.0937500000000013   
   0.1062500000000026     1.1062500000000011   
   0.1062500000000026     1.1187500000000008   
   0.1062500000000027     1.1312500000000010   
   0.1062500000000027     1.1437500000000007   
   0.1062500000000027     1.1562500000000009   
   0.1062500000000028     1.1687500000000006   
   0.1062500000000028     1.1812500000000006   
   0.1062500000000028     1.1937500000000005   
   0.1062500000000028     1.2062500000000005   
   0.1062500000000029     1.2187500000000007   
   0.1062500000000029     1.2312500000000006   
   0.1062500000000029     1.2437500000000004   
   0.1062500000000030     1.2562500000000005   
   0.1062500000000030     1.2687500000000003   
   0.1062500000000030     1.2812500000000004   
   0.1062500000000031     1.2937500000000006   
   0.1062500000000031     1.3062500000000004   
   0.1062500000000031     1.3187500000000003   
   0.1062500000000031     1.3312500000000003   
   0.1062500000000032     1.3437500000000000   
   0.1062500000000032     1.3562500000000002   
   0.1062500000000032     1.3687499999999999   
   0.1062500000000033     1.3812499999999996   
   0.1062500000000033     1.3937499999999998   
   0.1062500000000033     1.4062499999999998   
   0.1062500000000034     1.4187500000000000   
   0.1062500000000034     1.4312499999999999   
   0.1187500000000022     0.9562500000000015   
   0.1187500000000022     0.9687500000000013   
   0.1187500000000023     0.9812500000000014   
   0.1187500000000023     0.9937500000000014   
   0.1187500000000024     1.0062500000000012   
   0.1187500000000024     1.0187500000000012   
   0.1187500000000024     1.0312500000000013   
   0.1187500000000024     1.0437500000000015   
   0.1187500000000025     1.0562500000000012   
   0.1187500000000025     1.0687500000000010   
   0.1187500000000025     1.0812500000000012   
   0.1187500000000025     1.0937500000000013   
   0.1187500000000026     1.1062500000000011   
   0.1187500000000026     1.1187500000000008   
   0.1187500000000026     1.1312500000000010   
   0.1187500000000027     1.1437500000000009   
   0.1187500000000027     1.1562500000000009   
   0.1187500000000027     1.1687500000000006   
   0.1187500000000028     1.1812500000000006   
   0.1187500000000028     1.1937500000000005   
   0.1187500000000028     1.2062500000000005   
   0.1187500000000029     1.2187500000000004   
   0.1187500000000029     1.2312500000000006   
   0.1187500000000029     1.2437500000000006   
   0.1187500000000029     1.2562500000000005   
   0.1187500000000030     1.2687500000000003   
   0.1187500000000030     1.2812500000000004   
   0.1187500000000030     1.2937500000000006   
   0.1187500000000030     1.3062500000000004   
   0.1187500000000031     1.3187500000000001   
   0.1187500000000031     1.3312500000000003   
   0.1187500000000031     1.3437500000000002   
   0.1187500000000032     1.3562500000000002   
   0.1187500000000032     1.3687499999999999   
   0.1187500000000032     1.3812499999999996   
   0.1187500000000033     1.3937500000000000   
   0.1187500000000033     1.4062500000000000   
   0.1187500000000033     1.4187499999999997   
   0.1187500000000034     1.4312499999999999   
   0.1312500000000022     0.9562500000000016   
   0.1312500000000022     0.9687500000000014   
   0.1312500000000023     0.9812500000000013   
   0.1312500000000023     0.9937500000000014   
   0.1312500000000023     1.0062500000000014   
   0.1312500000000023     1.0187500000000012   
   0.1312500000000024     1.0312500000000013   
   0.1312500000000024     1.0437500000000011   
   0.1312500000000024     1.0562500000000010   
   0.1312500000000025     1.0687500000000010   
   0.1312500000000025     1.0812500000000009   
   0.1312500000000025     1.0937500000000013   
   0.1312500000000025     1.1062500000000011   
   0.1312500000000026     1.1187500000000008   
   0.1312500000000026     1.1312500000000008   
   0.1312500000000026     1.1437500000000012   
   0.1312500000000026     1.1562500000000009   
   0.1312500000000027     1.1687500000000006   
   0.1312500000000028     1.1812500000000006   
   0.1312500000000028     1.1937500000000008   
   0.1312500000000028     1.2062500000000005   
   0.1312500000000028     1.2187500000000004   
   0.1312500000000029     1.2312500000000004   
   0.1312500000000029     1.2437500000000008   
   0.1312500000000029     1.2562500000000005   
   0.1312500000000030     1.2687500000000003   
   0.1312500000000030     1.2812500000000002   
   0.1312500000000030     1.2937500000000006   
   0.1312500000000030     1.3062500000000004   
   0.1312500000000031     1.3187500000000001   
   0.1312500000000031     1.3312500000000000   
   0.1312500000000031     1.3437500000000000   
   0.1312500000000031     1.3562500000000000   
   0.1312500000000032     1.3687499999999999   
   0.1312500000000032     1.3812499999999999   
   0.1312500000000032     1.3937500000000003   
   0.1312500000000033     1.4062500000000000   
   0.1312500000000033     1.4187499999999997   
   0.1312500000000033     1.4312499999999997   
   0.1437500000000022     0.9562500000000016   
   0.1437500000000022     0.9687500000000016   
   0.1437500000000022     0.9812500000000014   
   0.1437500000000023     0.9937500000000014   
   0.1437500000000023     1.0062500000000014   
   0.1437500000000023     1.0187500000000014   
   0.1437500000000024     1.0312500000000013   
   0.1437500000000024     1.0437500000000013   
   0.1437500000000024     1.0562500000000012   
   0.1437500000000024     1.0687500000000010   
   0.1437500000000025     1.0812500000000012   
   0.1437500000000025     1.0937500000000011   
   0.1437500000000025     1.1062500000000011   
   0.1437500000000026     1.1187500000000010   
   0.1437500000000026     1.1312500000000010   
   0.1437500000000026     1.1437500000000007   
   0.1437500000000027     1.1562500000000009   
   0.1437500000000027     1.1687500000000006   
   0.1437500000000027     1.1812500000000006   
   0.1437500000000027     1.1937500000000005   
   0.1437500000000028     1.2062500000000005   
   0.1437500000000028     1.2187500000000007   
   0.1437500000000028     1.2312500000000006   
   0.1437500000000029     1.2437500000000004   
   0.1437500000000029     1.2562500000000005   
   0.1437500000000029     1.2687500000000005   
   0.1437500000000029     1.2812500000000004   
   0.1437500000000030     1.2937500000000004   
   0.1437500000000030     1.3062500000000004   
   0.1437500000000030     1.3187500000000001   
   0.1437500000000030     1.3312500000000003   
   0.1437500000000031     1.3437500000000000   
   0.1437500000000031     1.3562500000000000   
   0.1437500000000032     1.3687499999999999   
   0.1437500000000032     1.3812499999999999   
   0.1437500000000032     1.3937499999999998   
   0.1437500000000032     1.4062499999999998   
   0.1437500000000033     1.4187500000000000   
   0.1437500000000033     1.4312499999999999   
   0.1562500000000022     0.9562500000000016   
   0.1562500000000022     0.9687500000000014   
   0.1562500000000022     0.9812500000000015   
   0.1562500000000023     0.9937500000000015   
   0.1562500000000023     1.0062500000000014   
   0.1562500000000023     1.0187500000000014   
   0.1562500000000024     1.0312500000000013   
   0.1562500000000024     1.0437500000000011   
   0.1562500000000024     1.0562500000000012   
   0.1562500000000024     1.0687500000000010   
   0.1562500000000025     1.0812500000000012   
   0.1562500000000025     1.0937500000000009   
   0.1562500000000026     1.1062500000000011   
   0.1562500000000026     1.1187500000000010   
   0.1562500000000026     1.1312500000000010   
   0.1562500000000026     1.1437500000000007   
   0.1562500000000026     1.1562500000000009   
   0.1562500000000027     1.1687500000000006   
   0.1562500000000027     1.1812500000000006   
   0.1562500000000027     1.1937500000000005   
   0.1562500000000027     1.2062500000000007   
   0.1562500000000028     1.2187500000000007   
   0.1562500000000028     1.2312500000000006   
   0.1562500000000028     1.2437500000000004   
   0.1562500000000029     1.2562500000000003   
   0.1562500000000029     1.2687500000000003   
   0.1562500000000029     1.2812500000000002   
   0.1562500000000029     1.2937500000000002   
   0.1562500000000029     1.3062500000000001   
   0.1562500000000030     1.3187500000000001   
   0.1562500000000030     1.3312500000000003   
   0.1562500000000031     1.3437500000000000   
   0.1562500000000031     1.3562500000000002   
   0.1562500000000031     1.3687499999999999   
   0.1562500000000032     1.3812500000000001   
   0.1562500000000032     1.3937499999999998   
   0.1562500000000032     1.4062499999999996   
   0.1562500000000032     1.4187499999999997   
   0.1562500000000033     1.4312499999999999   
   0.1687500000000022     0.9562500000000016   
   0.1687500000000022     0.9687500000000016   
   0.1687500000000022     0.9812500000000014   
   0.1687500000000023     0.9937500000000015   
   0.1687500000000023     1.0062500000000014   
   0.1687500000000023     1.0187500000000012   
   0.1687500000000023     1.0312500000000013   
   0.1687500000000023     1.0437500000000013   
   0.1687500000000024     1.0562500000000012   
   0.1687500000000024     1.0687500000000012   
   0.1687500000000025     1.0812500000000012   
   0.1687500000000025     1.0937500000000009   
   0.1687500000000025     1.1062500000000011   
   0.1687500000000025     1.1187500000000008   
   0.1687500000000025     1.1312500000000008   
   0.1687500000000026     1.1437500000000009   
   0.1687500000000026     1.1562500000000009   
   0.1687500000000026     1.1687500000000006   
   0.1687500000000026     1.1812500000000008   
   0.1687500000000027     1.1937500000000005   
   0.1687500000000027     1.2062500000000007   
   0.1687500000000027     1.2187500000000007   
   0.1687500000000028     1.2312500000000004   
   0.1687500000000028     1.2437500000000001   
   0.1687500000000028     1.2562500000000001   
   0.1687500000000028     1.2687500000000005   
   0.1687500000000029     1.2812500000000004   
   0.1687500000000029     1.2937500000000002   
   0.1687500000000030     1.3062499999999999   
   0.1687500000000030     1.3187500000000001   
   0.1687500000000030     1.3312500000000003   
   0.1687500000000031     1.3437500000000000   
   0.1687500000000031     1.3562500000000002   
   0.1687500000000031     1.3687499999999999   
   0.1687500000000031     1.3812500000000001   
   0.1687500000000032     1.3937500000000000   
   0.1687500000000032     1.4062500000000000   
   0.1687500000000032     1.4187499999999997   
   0.1687500000000032     1.4312499999999997   
   0.1812500000000021     0.9562500000000016   
   0.1812500000000022     0.9687500000000014   
   0.1812500000000022     0.9812500000000013   
   0.1812500000000022     0.9937500000000014   
   0.1812500000000022     1.0062500000000014   
   0.1812500000000022     1.0187500000000012   
   0.1812500000000023     1.0312500000000011   
   0.1812500000000024     1.0437500000000011   
   0.1812500000000024     1.0562500000000012   
   0.1812500000000024     1.0687500000000010   
   0.1812500000000024     1.0812500000000009   
   0.1812500000000025     1.0937500000000009   
   0.1812500000000025     1.1062500000000011   
   0.1812500000000025     1.1187500000000008   
   0.1812500000000025     1.1312500000000010   
   0.1812500000000026     1.1437500000000007   
   0.1812500000000026     1.1562500000000007   
   0.1812500000000026     1.1687500000000006   
   0.1812500000000026     1.1812500000000008   
   0.1812500000000027     1.1937500000000005   
   0.1812500000000027     1.2062500000000003   
   0.1812500000000027     1.2187500000000004   
   0.1812500000000027     1.2312500000000002   
   0.1812500000000028     1.2437500000000001   
   0.1812500000000028     1.2562500000000001   
   0.1812500000000028     1.2687500000000003   
   0.1812500000000029     1.2812500000000002   
   0.1812500000000029     1.2937500000000002   
   0.1812500000000029     1.3062500000000004   
   0.1812500000000029     1.3187500000000001   
   0.1812500000000030     1.3312500000000003   
   0.1812500000000030     1.3437500000000000   
   0.1812500000000030     1.3562500000000000   
   0.1812500000000030     1.3687499999999999   
   0.1812500000000031     1.3812500000000001   
   0.1812500000000031     1.3937499999999998   
   0.1812500000000031     1.4062499999999998   
   0.1812500000000031     1.4187499999999997   
   0.1812500000000032     1.4312499999999999   
   0.1937500000000021     0.9562500000000016   
   0.1937500000000021     0.9687500000000016   
   0.1937500000000022     0.9812500000000014   
   0.1937500000000022     0.9937500000000012   
   0.1937500000000022     1.0062500000000012   
   0.1937500000000023     1.0187500000000012   
   0.1937500000000023     1.0312500000000011   
   0.1937500000000023     1.0437500000000011   
   0.1937500000000023     1.0562500000000012   
   0.1937500000000024     1.0687500000000010   
   0.1937500000000024     1.0812500000000012   
   0.1937500000000024     1.0937500000000009   
   0.1937500000000024     1.1062500000000011   
   0.1937500000000025     1.1187500000000008   
   0.1937500000000025     1.1312500000000010   
   0.1937500000000025     1.1437500000000007   
   0.1937500000000026     1.1562500000000004   
   0.1937500000000026     1.1687500000000006   
   0.1937500000000026     1.1812500000000008   
   0.1937500000000026     1.1937500000000005   
   0.1937500000000026     1.2062500000000007   
   0.1937500000000027     1.2187500000000004   
   0.1937500000000027     1.2312500000000006   
   0.1937500000000028     1.2437500000000004   
   0.1937500000000028     1.2562500000000001   
   0.1937500000000028     1.2687500000000003   
   0.1937500000000028     1.2812500000000004   
   0.1937500000000029     1.2937500000000002   
   0.1937500000000029     1.3062500000000004   
   0.1937500000000029     1.3187500000000001   
   0.1937500000000029     1.3312500000000000   
   0.1937500000000030     1.3437500000000000   
   0.1937500000000030     1.3562500000000000   
   0.1937500000000030     1.3687499999999999   
   0.1937500000000031     1.3812499999999996   
   0.1937500000000031     1.3937499999999998   
   0.1937500000000031     1.4062499999999996   
   0.1937500000000031     1.4187499999999997   
   0.1937500000000032     1.4312499999999999   
   0.2062500000000021     0.9562500000000015   
   0.2062500000000022     0.9687500000000014   
   0.2062500000000022     0.9812500000000013   
   0.2062500000000022     0.9937500000000014   
   0.2062500000000022     1.0062500000000010   
   0.2062500000000022     1.0187500000000012   
   0.2062500000000023     1.0312500000000013   
   0.2062500000000023     1.0437500000000011   
   0.2062500000000024     1.0562500000000010   
   0.2062500000000024     1.0687500000000012   
   0.2062500000000024     1.0812500000000012   
   0.2062500000000024     1.0937500000000009   
   0.2062500000000024     1.1062500000000011   
   0.2062500000000025     1.1187500000000008   
   0.2062500000000025     1.1312500000000010   
   0.2062500000000025     1.1437500000000007   
   0.2062500000000025     1.1562500000000009   
   0.2062500000000025     1.1687500000000006   
   0.2062500000000026     1.1812500000000008   
   0.2062500000000026     1.1937500000000005   
   0.2062500000000027     1.2062500000000007   
   0.2062500000000027     1.2187500000000004   
   0.2062500000000027     1.2312500000000004   
   0.2062500000000027     1.2437500000000004   
   0.2062500000000028     1.2562500000000005   
   0.2062500000000028     1.2687500000000003   
   0.2062500000000028     1.2812500000000004   
   0.2062500000000028     1.2937500000000002   
   0.2062500000000029     1.3062500000000001   
   0.2062500000000029     1.3187500000000001   
   0.2062500000000029     1.3312500000000003   
   0.2062500000000030     1.3437500000000000   
   0.2062500000000030     1.3562500000000000   
   0.2062500000000030     1.3687499999999999   
   0.2062500000000030     1.3812499999999999   
   0.2062500000000030     1.3937499999999998   
   0.2062500000000031     1.4062500000000000   
   0.2062500000000031     1.4187499999999997   
   0.2062500000000031     1.4312499999999999   
   0.2188139921824998     0.9562526040649048   
   0.2188196602242374     0.9687508727413383   
   0.2188214160952881     0.9812502788646017   
   0.2188218364604681     0.9937500779478755   
   0.2188218364682585     1.0062499220593595   
   0.2188214161596687     1.0187497212030010   
   0.2188196603877025     1.0312491272565456   
   0.2188139922601495     1.0437473958739469   
   0.2188166029638745     1.0562513138077907   
   0.2188203235775334     1.0687489706385473   
   0.2188183435777817     1.0812460040344747   
   0.2188072903965181     1.0937365510823172   
   0.2187801617619042     1.1062391387733410   
   0.2187568427553996     1.1187452401330471   
   0.2187500000000025     1.1312500000000008   
   0.2187500000000025     1.1437500000000009   
   0.2187500000000025     1.1562500000000009   
   0.2187500000000026     1.1687500000000006   
   0.2187500000000026     1.1812500000000008   
   0.2187500000000026     1.1937500000000005   
   0.2187500000000026     1.2062500000000007   
   0.2187500000000027     1.2187500000000004   
   0.2187500000000027     1.2312500000000006   
   0.2187500000000027     1.2437500000000004   
   0.2187500000000027     1.2562500000000005   
   0.2187500000000028     1.2687500000000005   
   0.2187500000000028     1.2812500000000004   
   0.2187500000000028     1.2937500000000002   
   0.2187500000000029     1.3062500000000001   
   0.2187500000000029     1.3187500000000001   
   0.2187500000000029     1.3312500000000000   
   0.2187500000000029     1.3437500000000000   
   0.2187500000000030     1.3562500000000000   
   0.2187500000000030     1.3687499999999999   
   0.2187500000000030     1.3812500000000001   
   0.2187500000000030     1.3937500000000000   
   0.2187500000000031     1.4062500000000000   
   0.2187500000000031     1.4187499999999997   
   0.2187500000000031     1.4312499999999999   
   0.2317501004540175     0.9562550297869867   
   0.2317743656047907     0.9687576670499344   
   0.2317906741581302     0.9812504553170570   
   0.2317923165582821     0.9937500516818210   
   0.2317923166323808     1.0062499483336986   
   0.2317906746514033     1.0187495454191757   
   0.2317743668228174     1.0312423330401628   
   0.2317501011782583     1.0437449695357093   
   0.2317531278569095     1.0562526178095508   
   0.2317379204016372     1.0687528722789830   
   0.2317408002245337     1.0812383924591822   
   0.2317225174183228     1.0936659433511979   
   0.2314819284205802     1.1060974681513971   
   0.2312989420454176     1.1186800453371522   
   0.2312517459768172     1.1312458899983648   
   0.2312500000000025     1.1437500000000009   
   0.2312500000000025     1.1562500000000007   
   0.2312500000000025     1.1687500000000006   
   0.2312500000000026     1.1812500000000006   
   0.2312500000000026     1.1937500000000005   
   0.2312500000000026     1.2062500000000005   
   0.2312500000000026     1.2187500000000004   
   0.2312500000000027     1.2312500000000002   
   0.2312500000000027     1.2437500000000004   
   0.2312500000000027     1.2562500000000003   
   0.2312500000000027     1.2687500000000005   
   0.2312500000000027     1.2812500000000004   
   0.2312500000000028     1.2937500000000002   
   0.2312500000000028     1.3062499999999999   
   0.2312500000000028     1.3187500000000001   
   0.2312500000000028     1.3312500000000000   
   0.2312500000000029     1.3437500000000000   
   0.2312500000000030     1.3562499999999997   
   0.2312500000000030     1.3687499999999999   
   0.2312500000000030     1.3812499999999999   
   0.2312500000000030     1.3937500000000003   
   0.2312500000000031     1.4062500000000000   
   0.2312500000000031     1.4187499999999997   
   0.2312500000000031     1.4312499999999995   
   0.2456169488146492     0.9562533768955392   
   0.2456292476273801     0.9687606860271664   
   0.2456399009204981     0.9812547890325677   
   0.2456445903144832     0.9937505124635803   
   0.2456445902938503     1.0062494873728092   
   0.2456399003463730     1.0187452101265912   
   0.2456292421978352     1.0312393136979079   
   0.2456169480756947     1.0437466225983385   
   0.2456283381022351     1.0562534384277567   
   0.2456361327956189     1.0687531804630337   
   0.2456827630436220     1.0812668351626606   
   0.2457170239906023     1.0937427444007788   
   0.2446780927608493     1.1061180239182480   
   0.2438042192434406     1.1186132073209507   
   0.2437504414271819     1.1312425778758275   
   0.2437500000000025     1.1437500000000007   
   0.2437500000000025     1.1562500000000004   
   0.2437500000000025     1.1687500000000006   
   0.2437500000000026     1.1812500000000008   
   0.2437500000000026     1.1937500000000005   
   0.2437500000000026     1.2062500000000003   
   0.2437500000000026     1.2187500000000004   
   0.2437500000000027     1.2312500000000004   
   0.2437500000000027     1.2437500000000004   
   0.2437500000000027     1.2562500000000001   
   0.2437500000000027     1.2687500000000003   
   0.2437500000000027     1.2812500000000004   
   0.2437500000000028     1.2937500000000002   
   0.2437500000000028     1.3062499999999999   
   0.2437500000000028     1.3187500000000001   
   0.2437500000000028     1.3312500000000003   
   0.2437500000000029     1.3437500000000000   
   0.2437500000000029     1.3562500000000000   
   0.2437500000000029     1.3687499999999999   
   0.2437500000000029     1.3812499999999999   
   0.2437500000000030     1.3937499999999998   
   0.2437500000000030     1.4062499999999998   
   0.2437500000000030     1.4187499999999997   
   0.2437500000000030     1.4312499999999995   
   0.2592827460953251     0.9562461768358144   
   0.2592746078796312     0.9687507305246150   
   0.2592833427142299     0.9812559515147231   
   0.2592848830697789     0.9937509418738184   
   0.2592848830133840     1.0062490579898182   
   0.2592833426903659     1.0187440470966052   
   0.2592746095463266     1.0312492723841344   
   0.2592827467152884     1.0437538169691873   
   0.2592864623003698     1.0562528167062182   
   0.2592992152094405     1.0687674545169097   
   0.2593683246248888     1.0813257527724949   
   0.2594192844250077     1.0939154265819520   
   0.2578358146674471     1.1064030154443085   
   0.2562683682381326     1.1187434837597379   
   0.2562500000000024     1.1312500000000008   
   0.2562500000000024     1.1437500000000007   
   0.2562500000000024     1.1562500000000007   
   0.2562500000000025     1.1687500000000006   
   0.2562500000000025     1.1812500000000006   
   0.2562500000000025     1.1937500000000005   
   0.2562500000000025     1.2062500000000007   
   0.2562500000000026     1.2187500000000004   
   0.2562500000000026     1.2312500000000002   
   0.2562500000000026     1.2437500000000004   
   0.2562500000000026     1.2562500000000003   
   0.2562500000000026     1.2687500000000003   
   0.2562500000000027     1.2812500000000000   
   0.2562500000000028     1.2937500000000002   
   0.2562500000000028     1.3062499999999999   
   0.2562500000000028     1.3187500000000001   
   0.2562500000000028     1.3312500000000000   
   0.2562500000000029     1.3437500000000000   
   0.2562500000000029     1.3562500000000000   
   0.2562500000000029     1.3687499999999999   
   0.2562500000000029     1.3812499999999996   
   0.2562500000000030     1.3937499999999998   
   0.2562500000000030     1.4062499999999996   
   0.2562500000000030     1.4187499999999997   
   0.2562500000000030     1.4312499999999995   
   0.2720681316012852     0.9562483595378201   
   0.2720662415595870     0.9687475061761539   
   0.2720625193562253     0.9812508756829629   
   0.2720605504014030     0.9937505703572835   
   0.2720605504488819     1.0062494296803837   
   0.2720625199135680     1.0187491248487794   
   0.2720662424279811     1.0312524963389837   
   0.2720681357404792     1.0437516373184421   
   0.2720701610611749     1.0562545073669130   
   0.2720807017134276     1.0687791603383141   
   0.2721133506893230     1.0813678394706880   
   0.2721031956464243     1.0940324569353828   
   0.2705376661027754     1.1065401760508322   
   0.2688477027548531     1.1188888004580715   
   0.2687538334211385     1.1312605809765888   
   0.2687500000000024     1.1437500000000007   
   0.2687500000000024     1.1562500000000007   
   0.2687500000000025     1.1687500000000006   
   0.2687500000000025     1.1812500000000004   
   0.2687500000000025     1.1937500000000008   
   0.2687500000000025     1.2062500000000005   
   0.2687500000000026     1.2187500000000004   
   0.2687500000000026     1.2312500000000002   
   0.2687500000000026     1.2437500000000004   
   0.2687500000000026     1.2562500000000003   
   0.2687500000000027     1.2687500000000003   
   0.2687500000000027     1.2812500000000000   
   0.2687500000000027     1.2937500000000002   
   0.2687500000000027     1.3062499999999999   
   0.2687500000000028     1.3187500000000001   
   0.2687500000000028     1.3312499999999998   
   0.2687500000000028     1.3437500000000000   
   0.2687500000000028     1.3562499999999997   
   0.2687500000000029     1.3687499999999999   
   0.2687500000000029     1.3812499999999996   
   0.2687500000000029     1.3937499999999998   
   0.2687500000000029     1.4062499999999996   
   0.2687500000000030     1.4187499999999997   
   0.2687500000000030     1.4312499999999997   
   0.2846849486428620     0.9562489952796138   
   0.2846858965291316     0.9687485137475308   
   0.2846868719797315     0.9812490492327997   
   0.2846867091782808     0.9937502106630336   
   0.2846867091850134     1.0062497893589959   
   0.2846868718311469     1.0187509514293003   
   0.2846858959823279     1.0312514899525194   
   0.2846849496999607     1.0437510052141805   
   0.2846869380451796     1.0562572936980801   
   0.2846935692210610     1.0687914999876700   
   0.2847062960710724     1.0814059674931262   
   0.2846710489592992     1.0940943939171381   
   0.2831082523273637     1.1065599248775044   
   0.2814031143873952     1.1188673421076802   
   0.2812630556923673     1.1312692380427711   
   0.2812500000000024     1.1437500000000007   
   0.2812500000000024     1.1562500000000004   
   0.2812500000000024     1.1687500000000004   
   0.2812500000000024     1.1812500000000004   
   0.2812500000000024     1.1937500000000005   
   0.2812500000000025     1.2062500000000003   
   0.2812500000000026     1.2187500000000004   
   0.2812500000000026     1.2312500000000002   
   0.2812500000000026     1.2437500000000004   
   0.2812500000000026     1.2562500000000005   
   0.2812500000000026     1.2687500000000003   
   0.2812500000000027     1.2812500000000000   
   0.2812500000000027     1.2937500000000000   
   0.2812500000000027     1.3062499999999999   
   0.2812500000000028     1.3187500000000001   
   0.2812500000000028     1.3312499999999998   
   0.2812500000000028     1.3437500000000000   
   0.2812500000000028     1.3562499999999997   
   0.2812500000000028     1.3687499999999999   
   0.2812500000000029     1.3812499999999996   
   0.2812500000000029     1.3937499999999998   
   0.2812500000000029     1.4062499999999996   
   0.2812500000000029     1.4187499999999997   
   0.2812500000000030     1.4312499999999999   
   0.2972270170971161     0.9562487311197472   
   0.2972267038409440     0.9687493570440950   
   0.2972280122451607     0.9812496294025045   
   0.2972283687461265     0.9937500322019474   
   0.2972283687370597     1.0062499678164538   
   0.2972280123966230     1.0187503709721479   
   0.2972267043951323     1.0312506481071633   
   0.2972270198949445     1.0437512703226326   
   0.2972274442517910     1.0562591971234443   
   0.2972297573688102     1.0687964248282642   
   0.2972333304361456     1.0814157049023294   
   0.2971867970625306     1.0941088130366681   
   0.2956004226736280     1.1065725790086007   
   0.2939005603288585     1.1188468877343782   
   0.2937638055945790     1.1312665038443586   
   0.2937500000000023     1.1437500000000007   
   0.2937500000000024     1.1562500000000004   
   0.2937500000000024     1.1687500000000004   
   0.2937500000000025     1.1812500000000004   
   0.2937500000000025     1.1937500000000005   
   0.2937500000000025     1.2062500000000003   
   0.2937500000000025     1.2187500000000004   
   0.2937500000000025     1.2312500000000002   
   0.2937500000000025     1.2437500000000001   
   0.2937500000000026     1.2562500000000001   
   0.2937500000000026     1.2687500000000003   
   0.2937500000000026     1.2812500000000000   
   0.2937500000000027     1.2937500000000000   
   0.2937500000000027     1.3062499999999999   
   0.2937500000000027     1.3187500000000001   
   0.2937500000000027     1.3312499999999998   
   0.2937500000000028     1.3437500000000000   
   0.2937500000000028     1.3562499999999997   
   0.2937500000000028     1.3687499999999999   
   0.2937500000000028     1.3812499999999996   
   0.2937500000000028     1.3937499999999998   
   0.2937500000000029     1.4062499999999996   
   0.2937500000000030     1.4187499999999997   
   0.2937500000000029     1.4312499999999995   
   0.3097367673532094     0.9562486241142364   
   0.3097370106688855     0.9687498441118854   
   0.3097370925938949     0.9812499694916250   
   0.3097370952116363     0.9937500023103589   
   0.3097370952128511     1.0062499976984032   
   0.3097370926264097     1.0187500308830351   
   0.3097370119110226     1.0312501628990660   
   0.3097367741035708     1.0437513850628919   
   0.3097369680366130     1.0562596655893759   
   0.3097374837747509     1.0687987637442817   
   0.3097376457448431     1.0814178063309348   
   0.3096900840210072     1.0941106415316437   
   0.3081044837123995     1.1065746227609987   
   0.3064011774852934     1.1188465359519828   
   0.3062638022125968     1.1312664720462722   
   0.3062500000000024     1.1437500000000007   
   0.3062500000000024     1.1562500000000004   
   0.3062500000000024     1.1687500000000006   
   0.3062500000000025     1.1812500000000004   
   0.3062500000000025     1.1937500000000005   
   0.3062500000000025     1.2062500000000003   
   0.3062500000000025     1.2187500000000004   
   0.3062500000000025     1.2312500000000002   
   0.3062500000000025     1.2437500000000001   
   0.3062500000000025     1.2562500000000001   
   0.3062500000000026     1.2687500000000003   
   0.3062500000000026     1.2812500000000000   
   0.3062500000000026     1.2937500000000002   
   0.3062500000000027     1.3062499999999999   
   0.3062500000000027     1.3187500000000001   
   0.3062500000000027     1.3312499999999998   
   0.3062500000000027     1.3437500000000000   
   0.3062500000000028     1.3562500000000000   
   0.3062500000000028     1.3687499999999999   
   0.3062500000000028     1.3812499999999996   
   0.3062500000000029     1.3937499999999996   
   0.3062500000000029     1.4062499999999996   
   0.3062500000000029     1.4187499999999993   
   0.3062500000000029     1.4312499999999995   
   0.3222382064277287     0.9562487320012624   
   0.3222382080534548     0.9687498951638679   
   0.3222382178717531     0.9812499936064745   
   0.3222382178184203     0.9937500000454679   
   0.3222382178192766     1.0062499999652754   
   0.3222382179058185     1.0187500068409285   
   0.3222382086061916     1.0312501133586829   
   0.3222382054148354     1.0437512792666244   
   0.3222380974223023     1.0562602043368303   
   0.3222381455177070     1.0687997680206383   
   0.3222373385675172     1.0814185834098053   
   0.3221908941963636     1.0941105569453748   
   0.3206047929821994     1.1065748122388532   
   0.3189013124344165     1.1188462478842105   
   0.3187638410778862     1.1312664958014560   
   0.3187500000000023     1.1437500000000007   
   0.3187500000000023     1.1562500000000004   
   0.3187500000000024     1.1687500000000006   
   0.3187500000000024     1.1812500000000004   
   0.3187500000000024     1.1937500000000005   
   0.3187500000000025     1.2062500000000003   
   0.3187500000000025     1.2187500000000004   
   0.3187500000000025     1.2312500000000002   
   0.3187500000000025     1.2437500000000004   
   0.3187500000000025     1.2562500000000001   
   0.3187500000000025     1.2687500000000000   
   0.3187500000000026     1.2812500000000000   
   0.3187500000000026     1.2937500000000002   
   0.3187500000000026     1.3062499999999999   
   0.3187500000000026     1.3187500000000001   
   0.3187500000000027     1.3312499999999998   
   0.3187500000000028     1.3437499999999998   
   0.3187500000000028     1.3562499999999997   
   0.3187500000000028     1.3687499999999999   
   0.3187500000000028     1.3812499999999996   
   0.3187500000000028     1.3937499999999996   
   0.3187500000000028     1.4062499999999996   
   0.3187500000000029     1.4187499999999993   
   0.3187500000000029     1.4312499999999995   
   0.3347382884550732     0.9562487653450016   
   0.3347383118195503     0.9687499049423997   
   0.3347383119828238     0.9812499942676254   
   0.3347383121862777     0.9937499997572478   
   0.3347383121978311     1.0062500002607193   
   0.3347383120364190     1.0187500062487487   
   0.3347383117817028     1.0312501042109494   
   0.3347382849139813     1.0437512391787873   
   0.3347382481027832     1.0562597161473497   
   0.3347384882581717     1.0687996300134528   
   0.3347377380800239     1.0814176041734886   
   0.3346901340557112     1.0941099678262338   
   0.3331046590980003     1.1065746738003723   
   0.3314012247706301     1.1188462299002437   
   0.3312638415958455     1.1312664964833665   
   0.3312500000000023     1.1437500000000005   
   0.3312500000000023     1.1562500000000004   
   0.3312500000000024     1.1687500000000006   
   0.3312500000000024     1.1812500000000006   
   0.3312500000000024     1.1937500000000005   
   0.3312500000000024     1.2062500000000003   
   0.3312500000000024     1.2187500000000002   
   0.3312500000000024     1.2312500000000002   
   0.3312500000000025     1.2437500000000001   
   0.3312500000000025     1.2562500000000001   
   0.3312500000000025     1.2687500000000000   
   0.3312500000000025     1.2812500000000000   
   0.3312500000000027     1.2937500000000000   
   0.3312500000000027     1.3062499999999999   
   0.3312500000000026     1.3187499999999999   
   0.3312500000000027     1.3312499999999998   
   0.3312500000000027     1.3437500000000000   
   0.3312500000000027     1.3562499999999997   
   0.3312500000000027     1.3687499999999999   
   0.3312500000000028     1.3812499999999996   
   0.3312500000000028     1.3937499999999996   
   0.3312500000000028     1.4062499999999996   
   0.3312500000000028     1.4187499999999995   
   0.3472383125433794     0.9562487724195778   
   0.3472383167429645     0.9687499051185690   
   0.3472383173191784     0.9812499945730960   
   0.3472383175195989     0.9937499998322210   
   0.3472383176738503     1.0062500003184363   
   0.3472383177464177     1.0187500061290009   
   0.3472383172876135     1.0312501039004762   
   0.3472383135786376     1.0437512274593286   
   0.3472383087805687     1.0562596251641547   
   0.3472383358089252     1.0687996028821978   
   0.3472381829732814     1.0814175805056758   
   0.3471905021301014     1.0941101490876084   
   0.3456048163086347     1.1065747922020008   
   0.3439012639647233     1.1188462246628192   
   0.3437638400238233     1.1312664950385838   
   0.3437500000000022     1.1437500000000003   
   0.3437500000000022     1.1562500000000004   
   0.3437500000000023     1.1687500000000004   
   0.3437500000000024     1.1812500000000004   
   0.3437500000000024     1.1937500000000003   
   0.3437500000000024     1.2062500000000003   
   0.3437500000000024     1.2187500000000002   
   0.3437500000000024     1.2312500000000002   
   0.3437500000000024     1.2437500000000001   
   0.3437500000000024     1.2562500000000001   
   0.3437500000000024     1.2687500000000003   
   0.3437500000000026     1.2812500000000000   
   0.3437500000000026     1.2937499999999997   
   0.3437500000000026     1.3062499999999999   
   0.3437500000000026     1.3187499999999999   
   0.3437500000000026     1.3312499999999998   
   0.3437500000000027     1.3437499999999998   
   0.3437500000000027     1.3562499999999997   
   0.3437500000000027     1.3687499999999997   
   0.3437500000000027     1.3812499999999994   
   0.3437500000000027     1.3937499999999996   
   0.3597383139462978     0.9562487748157524   
   0.3597383138874440     0.9687499064917438   
   0.3597383150226291     0.9812499954586996   
   0.3597383163222624     0.9937500001399673   
   0.3597383172395059     1.0062500007474147   
   0.3597383176943041     1.0187500062847250   
   0.3597383178624746     1.0312501033930421   
   0.3597383178263126     1.0437512242642799   
   0.3597383178946794     1.0562596192341096   
   0.3597383155603585     1.0687995790721521   
   0.3597381706409569     1.0814175053182882   
   0.3596905023998275     1.0941101575887073   
   0.3581049226674735     1.1065747840584272   
   0.3564012611179168     1.1188462261056424   
   0.3562638406032149     1.1312664953378231   
   0.3562500000000023     1.1437500000000005   
   0.3562500000000023     1.1562500000000004   
   0.3562500000000023     1.1687500000000004   
   0.3562500000000023     1.1812500000000004   
   0.3562500000000024     1.1937500000000001   
   0.3562500000000024     1.2062500000000003   
   0.3562500000000024     1.2187500000000002   
   0.3562500000000024     1.2312500000000002   
   0.3562500000000024     1.2437500000000001   
   0.3562500000000024     1.2562500000000001   
   0.3562500000000024     1.2687500000000000   
   0.3562500000000026     1.2812500000000000   
   0.3562500000000026     1.2937500000000000   
   0.3562500000000026     1.3062499999999999   
   0.3562500000000026     1.3187499999999996   
   0.3562500000000026     1.3312499999999998   
   0.3562500000000026     1.3437500000000000   
   0.3562500000000026     1.3562499999999997   
   0.3562500000000026     1.3687499999999997   
   0.3562500000000027     1.3812499999999996   
   0.3562500000000027     1.3937499999999994   
   0.3722383181831445     0.9562487711661085   
   0.3722383115152039     0.9687499027442641   
   0.3722383071635142     0.9812499962365240   
   0.3722383095686829     0.9937500018396058   
   0.3722383136257238     1.0062500034043642   
   0.3722383160762412     1.0187500069732507   
   0.3722383172552329     1.0312501037884536   
   0.3722383176852433     1.0437512241633071   
   0.3722383175863530     1.0562596200497381   
   0.3722383171050656     1.0687995736801463   
   0.3722381867650836     1.0814174923852085   
   0.3721905107591945     1.0941101611513360   
   0.3706049272542798     1.1065747831921100   
   0.3689012534689368     1.1188462246176722   
   0.3687638404432623     1.1312664952151645   
   0.3687500000000022     1.1437500000000005   
   0.3687500000000022     1.1562500000000004   
   0.3687500000000023     1.1687500000000004   
   0.3687500000000023     1.1812500000000004   
   0.3687500000000023     1.1937500000000003   
   0.3687500000000023     1.2062500000000003   
   0.3687500000000024     1.2187500000000000   
   0.3687500000000025     1.2312500000000002   
   0.3687500000000025     1.2437499999999999   
   0.3687500000000025     1.2562499999999999   
   0.3687500000000025     1.2687499999999998   
   0.3687500000000025     1.2812500000000000   
   0.3687500000000026     1.2937500000000000   
   0.3687500000000025     1.3062499999999999   
   0.3687500000000025     1.3187499999999999   
   0.3687500000000026     1.3312499999999998   
   0.3687500000000026     1.3437499999999998   
   0.3687500000000027     1.3562499999999993   
   0.3687500000000027     1.3687499999999995   
   0.3687500000000027     1.3812499999999996   
   0.3687500000000027     1.3937499999999994   
   0.3847383095291307     1.0062500043963112   
   0.3847383093242356     1.0187500091510322   
   0.3847383136715107     1.0312501065423318   
   0.3847383158804477     1.0437512241451041   
   0.3847383162259331     1.0562596202527785   
   0.3847383170376977     1.0687995740425078   
   0.3847381876085664     1.0814174924632114   
   0.3846905113913500     1.0941101606651127   
   0.3831049272883816     1.1065747829309693   
   0.3814012520583918     1.1188462238503425   
   0.3812638403649567     1.1312664951265206   
   0.3812500000000023     1.1437500000000007   
   0.3812500000000023     1.1562500000000002   
   0.3812500000000023     1.1687500000000002   
   0.3812500000000023     1.1812500000000004   
   0.3812500000000023     1.1937500000000003   
   0.3812500000000023     1.2062500000000003   
   0.3812500000000024     1.2187500000000000   
   0.3812500000000024     1.2312500000000002   
   0.3812500000000024     1.2437499999999999   
   0.3812500000000024     1.2562499999999999   
   0.3812500000000024     1.2687499999999998   
   0.3812500000000024     1.2812500000000000   
   0.3812500000000025     1.2937499999999997   
   0.3812500000000025     1.3062499999999999   
   0.3812500000000025     1.3187499999999999   
   0.3812500000000025     1.3312499999999998   
   0.3812500000000026     1.3437499999999996   
   0.3812500000000026     1.3562499999999995   
   0.3812500000000026     1.3687499999999995   
   0.3812500000000026     1.3812499999999996   
   0.3812500000000026     1.3937499999999994   
   0.3972383107021106     1.0312501083186398   
   0.3972383081902205     1.0437512233289610   
   0.3972383092100791     1.0562596222787675   
   0.3972383138149250     1.0687995770733354   
   0.3972381870948844     1.0814174927163795   
   0.3971905117542110     1.0941101605773631   
   0.3956049261179092     1.1065747854425665   
   0.3939012571994388     1.1188462209324777   
   0.3937638406116384     1.1312664948946600   
   0.3937500000000022     1.1437500000000005   
   0.3937500000000023     1.1562500000000004   
   0.3937500000000023     1.1687500000000002   
   0.3937500000000023     1.1812500000000004   
   0.3937500000000024     1.1937500000000001   
   0.3937500000000023     1.2062500000000003   
   0.3937500000000024     1.2187500000000000   
   0.3937500000000024     1.2312500000000002   
   0.3937500000000024     1.2437499999999999   
   0.3937500000000024     1.2562500000000001   
   0.3937500000000024     1.2687500000000000   
   0.3937500000000024     1.2812500000000000   
   0.3937500000000025     1.2937500000000000   
   0.3937500000000025     1.3062499999999999   
   0.3937500000000025     1.3187499999999999   
   0.3937500000000025     1.3312499999999998   
   0.3937500000000026     1.3437499999999996   
   0.3937500000000025     1.3562499999999997   
   0.3937500000000026     1.3687499999999997   
   0.3937500000000026     1.3812499999999996   
   0.3937500000000026     1.3937499999999996   
   0.4097383116726160     1.0687995798372143   
   0.4097381827461423     1.0814174936380090   
   0.4096905093046991     1.0941101615885223   
   0.4081049109672316     1.1065747948478080   
   0.4064012556617519     1.1188462248477431   
   0.4062638519367265     1.1312664845846943   
   0.4062500000000022     1.1437500000000005   
   0.4062500000000022     1.1562500000000004   
   0.4062500000000023     1.1687500000000002   
   0.4062500000000023     1.1812500000000001   
   0.4062500000000023     1.1937500000000001   
   0.4062500000000023     1.2062500000000003   
   0.4062500000000023     1.2187500000000002   
   0.4062500000000023     1.2312500000000002   
   0.4062500000000023     1.2437500000000001   
   0.4062500000000024     1.2562500000000001   
   0.4062500000000024     1.2687500000000003   
   0.4062500000000024     1.2812500000000000   
   0.4062500000000026     1.2937499999999997   
   0.4062500000000025     1.3062499999999999   
   0.4062500000000024     1.3187499999999999   
   0.4062500000000026     1.3312499999999996   
   0.4062500000000026     1.3437499999999996   
   0.4062500000000026     1.3562499999999997   
   0.4062500000000026     1.3687499999999999   
   0.4187500000000022     1.1437500000000005   
   0.4187500000000021     1.1562500000000004   
   0.4187500000000022     1.1687500000000004   
   0.4187500000000023     1.1812500000000004   
   0.4187500000000023     1.1937500000000001   
   0.4187500000000023     1.2062500000000003   
   0.4187500000000023     1.2187500000000002   
   0.4187500000000023     1.2312500000000002   
   0.4187500000000023     1.2437499999999999   
   0.4187500000000024     1.2562500000000001   
   0.4187500000000024     1.2687500000000000   
   0.4187500000000025     1.2812500000000000   
   0.4187500000000025     1.2937499999999997   
   0.4187500000000025     1.3062499999999997   
   0.4187500000000025     1.3187499999999996   
   0.4187500000000025     1.3312499999999996   
   0.4187500000000025     1.3437499999999996   
   0.4187500000000026     1.3562499999999997   
   0.4312500000000023     1.2312500000000002   
   0.4312500000000024     1.2437499999999999   
   0.4312500000000024     1.2562499999999999   
   0.4312500000000024     1.2687499999999998   
   0.4312500000000024     1.2812500000000000   
   0.4312500000000024     1.2937500000000000   
   0.4312500000000024     1.3062499999999995   
   0.4312500000000025     1.3187499999999996   
   0.4312500000000025     1.3312499999999994   
   0.4312500000000025     1.3437499999999996   
   0.4312500000000026     1.3562499999999997   
   0.4437500000000025     1.3562499999999993   
