   0.7562499999999993     0.0062500000000016   
   0.7562499999999994     0.0187500000000031   
   0.7562499999999992     0.0312500000000031   
   0.7562499999999992     0.0437500000000031   
   0.7562499999999994     0.0562500000000031   
   0.7562499999999995     0.0687500000000030   
   0.7562499999999995     0.0812500000000030   
   0.7562499999999995     0.0937500000000030   
   0.7562499999999995     0.1062500000000029   
   0.7562499999999995     0.1187500000000029   
   0.7562499999999995     0.1312500000000029   
   0.7562499999999995     0.1437500000000029   
   0.7562499999999995     0.1562500000000028   
   0.7562499999999995     0.1687500000000028   
   0.7562499999999995     0.1812500000000028   
   0.7562499999999996     0.1937500000000028   
   0.7562499999999996     0.2062500000000027   
   0.7562499999999996     0.2187500000000027   
   0.7562499999999996     0.2312500000000027   
   0.7562499999999996     0.2437500000000027   
   0.7562499999999996     0.2562500000000026   
   0.7562499999999999     0.2687500000000026   
   0.7562499999999999     0.2812500000000026   
   0.7562499999999999     0.2937500000000025   
   0.7562499999999999     0.3062500000000026   
   0.7562499999999999     0.3187500000000026   
   0.7562499999999999     0.3312500000000025   
   0.7562500000000000     0.3437500000000024   
   0.7562500000000000     0.3562500000000024   
   0.7562499999999999     0.3687500000000024   
   0.7562500000000000     0.3812500000000024   
   0.7562500000000000     0.3937500000000024   
   0.7562500000000000     0.4062500000000024   
   0.7562499999999999     0.4187500000000023   
   0.7562500000000000     0.4312500000000023   
   0.7562500000000001     0.4437500000000023   
   0.7562500000000000     0.4562500000000022   
   0.7562500000000000     0.4687500000000022   
   0.7562500000000001     0.4812500000000022   
   0.7687499999999992     0.0062500000000016   
   0.7687499999999993     0.0187500000000031   
   0.7687499999999993     0.0312500000000031   
   0.7687499999999994     0.0437500000000031   
   0.7687499999999994     0.0562500000000030   
   0.7687499999999994     0.0687500000000030   
   0.7687499999999994     0.0812500000000030   
   0.7687499999999994     0.0937500000000029   
   0.7687499999999994     0.1062500000000029   
   0.7687499999999994     0.1187500000000029   
   0.7687499999999994     0.1312500000000029   
   0.7687499999999994     0.1437500000000028   
   0.7687499999999996     0.1562500000000028   
   0.7687499999999996     0.1687500000000028   
   0.7687499999999996     0.1812500000000028   
   0.7687499999999995     0.1937500000000027   
   0.7687499999999996     0.2062500000000027   
   0.7687499999999996     0.2187500000000027   
   0.7687499999999996     0.2312500000000026   
   0.7687499999999997     0.2437500000000026   
   0.7687499999999997     0.2562500000000026   
   0.7687499999999997     0.2687500000000026   
   0.7687499999999998     0.2812500000000026   
   0.7687499999999998     0.2937500000000025   
   0.7687499999999997     0.3062500000000025   
   0.7687499999999997     0.3187500000000025   
   0.7687499999999997     0.3312500000000025   
   0.7687499999999998     0.3437500000000024   
   0.7687499999999998     0.3562500000000024   
   0.7687499999999998     0.3687500000000025   
   0.7687499999999998     0.3812500000000024   
   0.7687499999999998     0.3937500000000024   
   0.7687499999999998     0.4062500000000022   
   0.7687499999999998     0.4187500000000023   
   0.7687500000000000     0.4312500000000022   
   0.7687500000000000     0.4437500000000023   
   0.7687499999999998     0.4562500000000023   
   0.7687499999999998     0.4687500000000022   
   0.7687500000000000     0.4812500000000021   
   0.7812499999999991     0.0062500000000015   
   0.7812499999999991     0.0187500000000031   
   0.7812499999999991     0.0312500000000030   
   0.7812499999999993     0.0437500000000030   
   0.7812499999999993     0.0562500000000030   
   0.7812499999999994     0.0687500000000030   
   0.7812499999999994     0.0812500000000029   
   0.7812499999999993     0.0937500000000029   
   0.7812499999999993     0.1062500000000029   
   0.7812499999999994     0.1187500000000029   
   0.7812499999999994     0.1312500000000028   
   0.7812499999999994     0.1437500000000028   
   0.7812499999999994     0.1562500000000028   
   0.7812499999999996     0.1687500000000027   
   0.7812499999999994     0.1812500000000027   
   0.7812499999999996     0.1937500000000027   
   0.7812499999999996     0.2062500000000027   
   0.7812499999999996     0.2187500000000027   
   0.7812499999999996     0.2312500000000026   
   0.7812499999999996     0.2437500000000026   
   0.7812499999999996     0.2562500000000026   
   0.7812499999999997     0.2687500000000026   
   0.7812499999999998     0.2812500000000026   
   0.7812499999999998     0.2937500000000025   
   0.7812499999999996     0.3062500000000025   
   0.7812499999999998     0.3187500000000025   
   0.7812499999999998     0.3312500000000025   
   0.7812499999999999     0.3437500000000024   
   0.7812499999999999     0.3562500000000024   
   0.7812499999999999     0.3687500000000024   
   0.7812499999999999     0.3812500000000023   
   0.7812499999999999     0.3937500000000024   
   0.7812499999999999     0.4062500000000022   
   0.7812499999999999     0.4187500000000023   
   0.7812499999999999     0.4312500000000022   
   0.7812499999999999     0.4437500000000023   
   0.7812499999999999     0.4562500000000022   
   0.7812499999999999     0.4687500000000022   
   0.7812499999999999     0.4812500000000022   
   0.7937499999999992     0.0062500000000015   
   0.7937499999999992     0.0187500000000030   
   0.7937499999999993     0.0312500000000030   
   0.7937499999999992     0.0437500000000030   
   0.7937499999999992     0.0562500000000030   
   0.7937499999999993     0.0687500000000029   
   0.7937499999999993     0.0812500000000029   
   0.7937499999999993     0.0937500000000029   
   0.7937499999999993     0.1062500000000028   
   0.7937499999999993     0.1187500000000028   
   0.7937499999999993     0.1312500000000028   
   0.7937499999999995     0.1437500000000028   
   0.7937499999999995     0.1562500000000027   
   0.7937499999999993     0.1687500000000027   
   0.7937499999999993     0.1812500000000027   
   0.7937499999999995     0.1937500000000027   
   0.7937499999999996     0.2062500000000027   
   0.7937499999999995     0.2187500000000026   
   0.7937499999999995     0.2312500000000026   
   0.7937499999999995     0.2437500000000026   
   0.7937499999999995     0.2562500000000025   
   0.7937499999999996     0.2687500000000025   
   0.7937499999999995     0.2812500000000026   
   0.7937499999999996     0.2937500000000025   
   0.7937499999999996     0.3062500000000025   
   0.7937499999999997     0.3187500000000024   
   0.7937499999999997     0.3312500000000024   
   0.7937499999999997     0.3437500000000024   
   0.7937499999999997     0.3562500000000024   
   0.7937499999999997     0.3687500000000024   
   0.7937499999999997     0.3812500000000023   
   0.7937499999999997     0.3937500000000023   
   0.7937499999999997     0.4062500000000023   
   0.7937499999999997     0.4187500000000022   
   0.7937499999999997     0.4312500000000022   
   0.7937499999999997     0.4437500000000022   
   0.7937499999999997     0.4562500000000022   
   0.7937499999999997     0.4687500000000021   
   0.7937499999999997     0.4812500000000021   
   0.8062499999999990     0.0062500000000015   
   0.8062499999999991     0.0187500000000030   
   0.8062499999999991     0.0312500000000030   
   0.8062499999999992     0.0437500000000030   
   0.8062499999999992     0.0562500000000029   
   0.8062499999999992     0.0687500000000029   
   0.8062499999999994     0.0812500000000029   
   0.8062499999999994     0.0937500000000029   
   0.8062499999999994     0.1062500000000028   
   0.8062499999999994     0.1187500000000028   
   0.8062499999999994     0.1312500000000028   
   0.8062499999999995     0.1437500000000027   
   0.8062499999999994     0.1562500000000027   
   0.8062499999999994     0.1687500000000027   
   0.8062499999999994     0.1812500000000027   
   0.8062499999999995     0.1937500000000026   
   0.8062499999999995     0.2062500000000026   
   0.8062499999999995     0.2187500000000026   
   0.8062499999999995     0.2312500000000026   
   0.8062499999999995     0.2437500000000026   
   0.8062499999999995     0.2562500000000025   
   0.8062499999999995     0.2687500000000025   
   0.8062499999999996     0.2812500000000026   
   0.8062499999999995     0.2937500000000025   
   0.8062499999999995     0.3062500000000024   
   0.8062499999999997     0.3187500000000024   
   0.8062499999999997     0.3312500000000024   
   0.8062499999999997     0.3437500000000024   
   0.8062499999999997     0.3562500000000023   
   0.8062499999999998     0.3687500000000023   
   0.8062499999999998     0.3812500000000023   
   0.8062499999999997     0.3937500000000023   
   0.8062499999999997     0.4062500000000022   
   0.8062499999999998     0.4187500000000023   
   0.8062499999999998     0.4312500000000022   
   0.8062499999999998     0.4437500000000021   
   0.8062499999999998     0.4562500000000022   
   0.8062499999999998     0.4687500000000021   
   0.8062499999999999     0.4812500000000021   
   0.8187499999999991     0.0062500000000015   
   0.8187499999999990     0.0187500000000030   
   0.8187499999999991     0.0312500000000030   
   0.8187499999999991     0.0437500000000029   
   0.8187499999999991     0.0562500000000029   
   0.8187499999999992     0.0687500000000029   
   0.8187499999999992     0.0812500000000029   
   0.8187499999999992     0.0937500000000028   
   0.8187499999999992     0.1062500000000028   
   0.8187499999999992     0.1187500000000028   
   0.8187499999999992     0.1312500000000028   
   0.8187499999999993     0.1437500000000027   
   0.8187499999999992     0.1562500000000027   
   0.8187499999999992     0.1687500000000027   
   0.8187499999999995     0.1812500000000027   
   0.8187499999999995     0.1937500000000026   
   0.8187499999999995     0.2062500000000026   
   0.8187499999999994     0.2187500000000026   
   0.8187499999999994     0.2312500000000026   
   0.8187499999999994     0.2437500000000025   
   0.8187499999999995     0.2562500000000025   
   0.8187499999999995     0.2687500000000025   
   0.8187499999999995     0.2812500000000024   
   0.8187499999999995     0.2937500000000025   
   0.8187499999999995     0.3062500000000025   
   0.8187499999999996     0.3187500000000024   
   0.8187499999999996     0.3312500000000024   
   0.8187499999999996     0.3437500000000024   
   0.8187499999999996     0.3562500000000023   
   0.8187499999999996     0.3687500000000023   
   0.8187499999999996     0.3812500000000023   
   0.8187499999999996     0.3937500000000023   
   0.8187499999999996     0.4062500000000023   
   0.8187499999999996     0.4187500000000022   
   0.8187499999999999     0.4312500000000021   
   0.8187499999999999     0.4437500000000022   
   0.8187499999999996     0.4562500000000022   
   0.8187499999999996     0.4687500000000022   
   0.8187499999999999     0.4812500000000021   
   0.8187499999999999     0.4937500000000021   
   0.8187499999999999     0.5062500000000021   
   0.8187500000000000     0.5187500000000020   
   0.8187499999999999     0.5312500000000020   
   0.8187500000000000     0.5437500000000020   
   0.8187500000000000     0.5562500000000019   
   0.8312499999999989     0.0062500000000015   
   0.8312499999999992     0.0187500000000029   
   0.8312499999999992     0.0312500000000029   
   0.8312499999999989     0.0437500000000029   
   0.8312499999999992     0.0562500000000029   
   0.8312499999999993     0.0687500000000029   
   0.8312499999999992     0.0812500000000028   
   0.8312499999999993     0.0937500000000028   
   0.8312499999999993     0.1062500000000028   
   0.8312499999999992     0.1187500000000027   
   0.8312499999999992     0.1312500000000027   
   0.8312499999999993     0.1437500000000027   
   0.8312499999999993     0.1562500000000027   
   0.8312499999999993     0.1687500000000026   
   0.8312499999999994     0.1812500000000026   
   0.8312499999999994     0.1937500000000026   
   0.8312499999999994     0.2062500000000026   
   0.8312499999999994     0.2187500000000026   
   0.8312499999999994     0.2312500000000026   
   0.8312499999999994     0.2437500000000025   
   0.8312499999999994     0.2562500000000025   
   0.8312499999999994     0.2687500000000024   
   0.8312499999999994     0.2812500000000024   
   0.8312499999999994     0.2937500000000024   
   0.8312499999999994     0.3062500000000025   
   0.8312499999999995     0.3187500000000024   
   0.8312499999999996     0.3312500000000024   
   0.8312499999999997     0.3437500000000023   
   0.8312499999999997     0.3562500000000023   
   0.8312499999999997     0.3687500000000023   
   0.8312499999999997     0.3812500000000023   
   0.8312499999999997     0.3937500000000023   
   0.8312499999999997     0.4062500000000023   
   0.8312499999999997     0.4187500000000023   
   0.8312499999999997     0.4312500000000021   
   0.8312499999999997     0.4437500000000021   
   0.8312499999999997     0.4562500000000022   
   0.8312499999999997     0.4687500000000022   
   0.8312499999999997     0.4812500000000021   
   0.8312499999999997     0.4937500000000020   
   0.8312499999999998     0.5062500000000020   
   0.8312499999999998     0.5187500000000019   
   0.8312499999999998     0.5312500000000020   
   0.8312499999999998     0.5437500000000020   
   0.8312499999999998     0.5562500000000018   
   0.8437499999999990     0.0062500000000015   
   0.8437499999999990     0.0187500000000029   
   0.8437499999999990     0.0312500000000029   
   0.8437499999999990     0.0437500000000029   
   0.8437499999999991     0.0562500000000028   
   0.8437499999999991     0.0687500000000028   
   0.8437499999999991     0.0812500000000028   
   0.8437499999999990     0.0937500000000028   
   0.8437499999999991     0.1062500000000027   
   0.8437499999999992     0.1187500000000027   
   0.8437499999999992     0.1312500000000026   
   0.8437499999999991     0.1437500000000026   
   0.8437499999999991     0.1562500000000026   
   0.8437499999999991     0.1687500000000026   
   0.8437499999999993     0.1812500000000026   
   0.8437499999999993     0.1937500000000026   
   0.8437499999999993     0.2062500000000026   
   0.8437499999999993     0.2187500000000025   
   0.8437499999999994     0.2312500000000025   
   0.8437499999999993     0.2437500000000025   
   0.8437499999999991     0.2562500000000025   
   0.8437499999999993     0.2687500000000024   
   0.8437499999999993     0.2812500000000024   
   0.8437499999999994     0.2937500000000024   
   0.8437499999999996     0.3062500000000024   
   0.8437499999999994     0.3187500000000023   
   0.8437499999999994     0.3312500000000023   
   0.8437499999999996     0.3437500000000023   
   0.8437499999999996     0.3562500000000023   
   0.8437499999999996     0.3687500000000022   
   0.8437499999999996     0.3812500000000023   
   0.8437499999999996     0.3937500000000022   
   0.8437499999999996     0.4062500000000022   
   0.8437499999999996     0.4187500000000022   
   0.8437499999999996     0.4312500000000021   
   0.8437499999999996     0.4437500000000021   
   0.8437499999999998     0.4562500000000022   
   0.8437499999999998     0.4687500000000022   
   0.8437499999999998     0.4812500000000021   
   0.8437499999999996     0.4937500000000020   
   0.8437499999999997     0.5062500000000020   
   0.8437499999999999     0.5187500000000019   
   0.8437499999999999     0.5312500000000019   
   0.8437499999999999     0.5437500000000018   
   0.8437499999999999     0.5562500000000018   
   0.8562499999999988     0.0062500000000014   
   0.8562499999999988     0.0187500000000029   
   0.8562499999999988     0.0312500000000029   
   0.8562499999999990     0.0437500000000028   
   0.8562499999999991     0.0562500000000028   
   0.8562499999999992     0.0687500000000028   
   0.8562499999999992     0.0812500000000028   
   0.8562499999999991     0.0937500000000027   
   0.8562499999999992     0.1062500000000027   
   0.8562499999999992     0.1187500000000027   
   0.8562499999999992     0.1312500000000026   
   0.8562499999999992     0.1437500000000026   
   0.8562499999999992     0.1562500000000026   
   0.8562499999999992     0.1687500000000026   
   0.8562499999999992     0.1812500000000026   
   0.8562499999999993     0.1937500000000025   
   0.8562499999999993     0.2062500000000025   
   0.8562499999999993     0.2187500000000025   
   0.8562499999999993     0.2312500000000025   
   0.8562499999999993     0.2437500000000025   
   0.8562499999999993     0.2562500000000025   
   0.8562499999999993     0.2687500000000024   
   0.8562499999999993     0.2812500000000024   
   0.8562499999999995     0.2937500000000024   
   0.8562499999999995     0.3062500000000024   
   0.8562499999999995     0.3187500000000023   
   0.8562499999999995     0.3312500000000023   
   0.8562499999999996     0.3437500000000022   
   0.8562499999999996     0.3562500000000023   
   0.8562499999999995     0.3687500000000022   
   0.8562499999999996     0.3812500000000022   
   0.8562499999999996     0.3937500000000022   
   0.8562499999999996     0.4062500000000022   
   0.8562499999999996     0.4187500000000022   
   0.8562499999999996     0.4312500000000021   
   0.8562499999999996     0.4437500000000021   
   0.8562499999999997     0.4562500000000022   
   0.8562499999999997     0.4687500000000021   
   0.8562499999999997     0.4812500000000021   
   0.8562499999999997     0.4937500000000020   
   0.8562499999999997     0.5062500000000020   
   0.8562499999999997     0.5187500000000019   
   0.8562499999999997     0.5312500000000019   
   0.8562499999999997     0.5437500000000018   
   0.8562499999999997     0.5562500000000018   
   0.8687499999999989     0.0062500000000014   
   0.8687499999999989     0.0187500000000028   
   0.8687499999999989     0.0312500000000028   
   0.8687499999999989     0.0437500000000028   
   0.8687499999999989     0.0562500000000028   
   0.8687499999999990     0.0687500000000028   
   0.8687499999999990     0.0812500000000027   
   0.8687499999999990     0.0937500000000027   
   0.8687499999999990     0.1062500000000027   
   0.8687499999999990     0.1187500000000027   
   0.8687499999999990     0.1312500000000026   
   0.8687499999999990     0.1437500000000026   
   0.8687499999999990     0.1562500000000026   
   0.8687499999999992     0.1687500000000026   
   0.8687499999999992     0.1812500000000025   
   0.8687499999999992     0.1937500000000025   
   0.8687499999999994     0.2062500000000025   
   0.8687499999999994     0.2187500000000025   
   0.8687499999999994     0.2312500000000025   
   0.8687499999999994     0.2437500000000024   
   0.8687499999999994     0.2562500000000024   
   0.8687499999999994     0.2687500000000024   
   0.8687499999999994     0.2812500000000023   
   0.8687499999999994     0.2937500000000023   
   0.8687499999999994     0.3062500000000023   
   0.8687499999999995     0.3187500000000023   
   0.8687499999999995     0.3312500000000023   
   0.8687499999999995     0.3437500000000022   
   0.8687499999999995     0.3562500000000023   
   0.8687499999999995     0.3687500000000022   
   0.8687499999999995     0.3812500000000022   
   0.8687499999999995     0.3937500000000022   
   0.8687499999999995     0.4062500000000022   
   0.8687499999999995     0.4187500000000021   
   0.8687499999999995     0.4312500000000021   
   0.8687499999999995     0.4437500000000021   
   0.8687499999999997     0.4562500000000021   
   0.8687499999999998     0.4687500000000021   
   0.8687499999999997     0.4812500000000021   
   0.8687499999999998     0.4937500000000020   
   0.8687499999999997     0.5062500000000020   
   0.8687499999999997     0.5187500000000019   
   0.8687499999999998     0.5312500000000019   
   0.8687499999999998     0.5437500000000018   
   0.8687499999999999     0.5562500000000018   
   0.8812499999999988     0.0062500000000014   
   0.8812499999999988     0.0187500000000028   
   0.8812499999999988     0.0312500000000028   
   0.8812499999999990     0.0437500000000028   
   0.8812499999999990     0.0562500000000027   
   0.8812499999999990     0.0687500000000027   
   0.8812499999999991     0.0812500000000027   
   0.8812499999999991     0.0937500000000027   
   0.8812499999999991     0.1062500000000026   
   0.8812499999999991     0.1187500000000026   
   0.8812499999999990     0.1312500000000026   
   0.8812499999999991     0.1437500000000026   
   0.8812499999999992     0.1562500000000026   
   0.8812499999999992     0.1687500000000025   
   0.8812499999999991     0.1812500000000025   
   0.8812499999999992     0.1937500000000025   
   0.8812499999999992     0.2062500000000025   
   0.8812499999999992     0.2187500000000024   
   0.8812499999999992     0.2312500000000025   
   0.8812499999999992     0.2437500000000024   
   0.8812499999999992     0.2562500000000024   
   0.8812499999999992     0.2687500000000024   
   0.8812499999999992     0.2812500000000023   
   0.8812499999999992     0.2937500000000023   
   0.8812499999999994     0.3062500000000022   
   0.8812499999999995     0.3187500000000023   
   0.8812499999999994     0.3312500000000023   
   0.8812499999999994     0.3437500000000022   
   0.8812499999999995     0.3562500000000022   
   0.8812499999999995     0.3687500000000022   
   0.8812499999999995     0.3812500000000022   
   0.8812499999999995     0.3937500000000022   
   0.8812499999999995     0.4062500000000021   
   0.8812499999999995     0.4187500000000021   
   0.8812499999999995     0.4312500000000021   
   0.8812499999999996     0.4437500000000021   
   0.8812499999999995     0.4562500000000020   
   0.8812499999999995     0.4687500000000020   
   0.8812499999999995     0.4812500000000021   
   0.8812499999999995     0.4937500000000021   
   0.8812499999999996     0.5062500000000020   
   0.8812499999999996     0.5187500000000019   
   0.8812499999999996     0.5312500000000020   
   0.8812499999999996     0.5437500000000018   
   0.8812499999999999     0.5562500000000018   
   0.8937499999999988     0.0062500000000014   
   0.8937499999999988     0.0187500000000028   
   0.8937499999999988     0.0312500000000028   
   0.8937499999999988     0.0437500000000027   
   0.8937499999999988     0.0562500000000027   
   0.8937499999999988     0.0687500000000027   
   0.8937499999999989     0.0812500000000027   
   0.8937499999999989     0.0937500000000026   
   0.8937499999999992     0.1062500000000026   
   0.8937499999999992     0.1187500000000026   
   0.8937499999999989     0.1312500000000025   
   0.8937499999999989     0.1437500000000025   
   0.8937499999999992     0.1562500000000025   
   0.8937499999999992     0.1687500000000025   
   0.8937499999999992     0.1812500000000025   
   0.8937499999999992     0.1937500000000024   
   0.8937499999999993     0.2062500000000024   
   0.8937499999999992     0.2187500000000024   
   0.8937499999999992     0.2312500000000024   
   0.8937499999999992     0.2437500000000024   
   0.8937499999999992     0.2562500000000023   
   0.8937499999999992     0.2687500000000024   
   0.8937499999999993     0.2812500000000023   
   0.8937499999999992     0.2937500000000023   
   0.8937499999999993     0.3062500000000022   
   0.8937499999999994     0.3187500000000022   
   0.8937499999999994     0.3312500000000023   
   0.8937499999999994     0.3437500000000022   
   0.8937499999999994     0.3562500000000022   
   0.8937499999999994     0.3687500000000022   
   0.8937499999999994     0.3812500000000022   
   0.8937499999999994     0.3937500000000022   
   0.8937499999999994     0.4062500000000021   
   0.8937499999999994     0.4187500000000021   
   0.8937499999999995     0.4312500000000021   
   0.8937499999999996     0.4437500000000021   
   0.8937499999999994     0.4562500000000020   
   0.8937499999999994     0.4687500000000020   
   0.8937499999999994     0.4812500000000021   
   0.8937499999999994     0.4937500000000020   
   0.8937499999999995     0.5062500000000019   
   0.8937499999999997     0.5187500000000018   
   0.8937499999999997     0.5312500000000018   
   0.8937499999999997     0.5437500000000017   
   0.8937499999999997     0.5562500000000018   
   0.9062499999999987     0.0062500000000014   
   0.9062499999999987     0.0187500000000028   
   0.9062499999999987     0.0312500000000027   
   0.9062499999999987     0.0437500000000027   
   0.9062499999999989     0.0562500000000027   
   0.9062499999999989     0.0687500000000027   
   0.9062499999999989     0.0812500000000026   
   0.9062499999999990     0.0937500000000026   
   0.9062499999999990     0.1062500000000026   
   0.9062499999999990     0.1187500000000026   
   0.9062499999999990     0.1312500000000025   
   0.9062499999999990     0.1437500000000025   
   0.9062499999999990     0.1562500000000025   
   0.9062499999999990     0.1687500000000025   
   0.9062499999999990     0.1812500000000024   
   0.9062499999999991     0.1937500000000024   
   0.9062499999999991     0.2062500000000024   
   0.9062499999999990     0.2187500000000024   
   0.9062499999999991     0.2312500000000024   
   0.9062499999999991     0.2437500000000024   
   0.9062499999999991     0.2562500000000023   
   0.9062499999999991     0.2687500000000023   
   0.9062499999999992     0.2812500000000023   
   0.9062499999999991     0.2937500000000023   
   0.9062499999999993     0.3062500000000022   
   0.9062499999999993     0.3187500000000022   
   0.9062499999999993     0.3312500000000023   
   0.9062499999999994     0.3437500000000022   
   0.9062499999999993     0.3562500000000022   
   0.9062499999999994     0.3687500000000021   
   0.9062499999999994     0.3812500000000022   
   0.9062499999999993     0.3937500000000022   
   0.9062499999999994     0.4062500000000021   
   0.9062499999999993     0.4187500000000020   
   0.9062499999999994     0.4312500000000021   
   0.9062499999999996     0.4437500000000021   
   0.9062499999999996     0.4562500000000020   
   0.9062499999999994     0.4687500000000019   
   0.9062499999999996     0.4812500000000020   
   0.9062499999999996     0.4937500000000020   
   0.9062499999999994     0.5062500000000020   
   0.9062499999999996     0.5187500000000018   
   0.9062499999999996     0.5312500000000017   
   0.9062499999999996     0.5437500000000017   
   0.9062499999999997     0.5562500000000017   
   0.9187499999999987     0.0062500000000014   
   0.9187499999999987     0.0187500000000027   
   0.9187499999999987     0.0312500000000027   
   0.9187499999999987     0.0437500000000027   
   0.9187499999999988     0.0562500000000026   
   0.9187499999999988     0.0687500000000026   
   0.9187499999999987     0.0812500000000026   
   0.9187499999999988     0.0937500000000026   
   0.9187499999999988     0.1062500000000026   
   0.9187499999999988     0.1187500000000025   
   0.9187499999999988     0.1312500000000025   
   0.9187499999999988     0.1437500000000025   
   0.9187499999999988     0.1562500000000024   
   0.9187499999999991     0.1687500000000025   
   0.9187499999999991     0.1812500000000024   
   0.9187499999999992     0.1937500000000024   
   0.9187499999999991     0.2062500000000024   
   0.9187499999999988     0.2187500000000024   
   0.9187499999999991     0.2312500000000024   
   0.9187499999999992     0.2437500000000024   
   0.9187499999999992     0.2562500000000023   
   0.9187499999999992     0.2687500000000023   
   0.9187499999999992     0.2812500000000022   
   0.9187499999999992     0.2937500000000023   
   0.9187499999999993     0.3062500000000022   
   0.9187499999999993     0.3187500000000022   
   0.9187499999999992     0.3312500000000022   
   0.9187499999999993     0.3437500000000022   
   0.9187499999999993     0.3562500000000022   
   0.9187499999999993     0.3687500000000021   
   0.9187499999999993     0.3812500000000021   
   0.9187499999999993     0.3937500000000022   
   0.9187499999999993     0.4062500000000021   
   0.9187499999999993     0.4187500000000021   
   0.9187499999999993     0.4312500000000020   
   0.9187499999999995     0.4437500000000020   
   0.9187499999999995     0.4562500000000020   
   0.9187499999999993     0.4687500000000020   
   0.9187499999999995     0.4812500000000020   
   0.9187499999999995     0.4937500000000019   
   0.9187499999999995     0.5062500000000019   
   0.9187499999999995     0.5187500000000018   
   0.9187499999999995     0.5312500000000017   
   0.9187499999999996     0.5437500000000016   
   0.9187499999999997     0.5562500000000016   
   0.9312499999999986     0.0062500000000014   
   0.9312499999999986     0.0187500000000027   
   0.9312499999999986     0.0312500000000027   
   0.9312499999999986     0.0437500000000026   
   0.9312499999999988     0.0562500000000026   
   0.9312499999999988     0.0687500000000026   
   0.9312499999999986     0.0812500000000026   
   0.9312499999999988     0.0937500000000025   
   0.9312499999999988     0.1062500000000025   
   0.9312499999999988     0.1187500000000025   
   0.9312499999999988     0.1312500000000025   
   0.9312499999999988     0.1437500000000025   
   0.9312499999999988     0.1562500000000024   
   0.9312499999999989     0.1687500000000024   
   0.9312499999999990     0.1812500000000024   
   0.9312499999999989     0.1937500000000024   
   0.9312499999999989     0.2062500000000023   
   0.9312499999999990     0.2187500000000023   
   0.9312499999999990     0.2312500000000023   
   0.9312499999999990     0.2437500000000023   
   0.9312499999999990     0.2562500000000023   
   0.9312499999999990     0.2687500000000022   
   0.9312499999999992     0.2812500000000022   
   0.9312499999999994     0.2937500000000022   
   0.9312499999999994     0.3062500000000022   
   0.9312499999999994     0.3187500000000022   
   0.9312499999999992     0.3312500000000022   
   0.9312499999999994     0.3437500000000022   
   0.9312499999999994     0.3562500000000021   
   0.9312499999999994     0.3687500000000021   
   0.9312499999999994     0.3812500000000021   
   0.9312499999999994     0.3937500000000020   
   0.9312499999999994     0.4062500000000021   
   0.9312499999999994     0.4187500000000021   
   0.9312499999999994     0.4312500000000020   
   0.9312499999999994     0.4437500000000020   
   0.9312499999999994     0.4562500000000020   
   0.9312499999999994     0.4687500000000019   
   0.9312499999999994     0.4812500000000020   
   0.9312499999999995     0.4937500000000019   
   0.9312499999999995     0.5062500000000018   
   0.9312499999999995     0.5187500000000017   
   0.9312499999999995     0.5312500000000017   
   0.9312499999999997     0.5437500000000016   
   0.9312499999999997     0.5562500000000016   
   0.9312499999999997     0.5687500000000015   
   0.9437499999999986     0.0062500000000013   
   0.9437499999999986     0.0187500000000027   
   0.9437499999999986     0.0312500000000026   
   0.9437499999999986     0.0437500000000026   
   0.9437499999999986     0.0562500000000026   
   0.9437499999999986     0.0687500000000026   
   0.9437499999999986     0.0812500000000025   
   0.9437499999999988     0.0937500000000025   
   0.9437499999999988     0.1062500000000025   
   0.9437499999999988     0.1187500000000025   
   0.9437499999999989     0.1312500000000024   
   0.9437499999999988     0.1437500000000024   
   0.9437499999999986     0.1562500000000024   
   0.9437499999999988     0.1687500000000024   
   0.9437499999999988     0.1812500000000024   
   0.9437499999999990     0.1937500000000023   
   0.9437499999999990     0.2062500000000023   
   0.9437499999999990     0.2187500000000023   
   0.9437499999999991     0.2312500000000023   
   0.9437499999999991     0.2437500000000023   
   0.9437499999999988     0.2562500000000023   
   0.9437499999999990     0.2687500000000023   
   0.9437499999999992     0.2812500000000022   
   0.9437499999999992     0.2937500000000022   
   0.9437499999999992     0.3062500000000022   
   0.9437499999999992     0.3187500000000022   
   0.9437499999999992     0.3312500000000022   
   0.9437499999999992     0.3437500000000021   
   0.9437499999999992     0.3562500000000021   
   0.9437499999999992     0.3687500000000021   
   0.9437499999999992     0.3812500000000020   
   0.9437499999999992     0.3937500000000020   
   0.9437499999999992     0.4062500000000020   
   0.9437499999999992     0.4187500000000020   
   0.9437499999999994     0.4312500000000020   
   0.9437499999999992     0.4437500000000020   
   0.9437499999999992     0.4562500000000020   
   0.9437499999999992     0.4687500000000019   
   0.9437499999999992     0.4812500000000019   
   0.9437499999999993     0.4937500000000019   
   0.9437499999999995     0.5062500000000018   
   0.9437499999999995     0.5187500000000017   
   0.9437499999999995     0.5312500000000017   
   0.9437499999999995     0.5437500000000016   
   0.9437499999999996     0.5562500000000016   
   0.9437499999999996     0.5687500000000015   
   0.9562499999999985     0.0062500000000013   
   0.9562499999999985     0.0187500000000026   
   0.9562499999999985     0.0312500000000026   
   0.9562499999999985     0.0437500000000026   
   0.9562499999999985     0.0562500000000026   
   0.9562499999999985     0.0687500000000025   
   0.9562499999999987     0.0812500000000025   
   0.9562499999999988     0.0937500000000025   
   0.9562499999999988     0.1062500000000025   
   0.9562499999999988     0.1187500000000024   
   0.9562499999999988     0.1312500000000024   
   0.9562499999999987     0.1437500000000024   
   0.9562499999999987     0.1562500000000024   
   0.9562499999999988     0.1687500000000024   
   0.9562499999999989     0.1812500000000024   
   0.9562499999999988     0.1937500000000023   
   0.9562499999999989     0.2062500000000023   
   0.9562499999999988     0.2187500000000023   
   0.9562499999999989     0.2312500000000023   
   0.9562499999999989     0.2437500000000022   
   0.9562499999999988     0.2562500000000022   
   0.9562499999999989     0.2687500000000022   
   0.9562499999999989     0.2812500000000022   
   0.9562499999999989     0.2937500000000022   
   0.9562499999999992     0.3062500000000021   
   0.9562499999999992     0.3187500000000022   
   0.9562499999999992     0.3312500000000022   
   0.9562499999999992     0.3437500000000021   
   0.9562499999999992     0.3562500000000021   
   0.9562499999999989     0.3687500000000021   
   0.9562499999999992     0.3812500000000021   
   0.9562499999999993     0.3937500000000020   
   0.9562499999999993     0.4062500000000020   
   0.9562499999999993     0.4187500000000020   
   0.9562499999999993     0.4312500000000019   
   0.9562499999999993     0.4437500000000020   
   0.9562499999999993     0.4562500000000019   
   0.9562499999999993     0.4687500000000019   
   0.9562499999999994     0.4812500000000018   
   0.9562499999999994     0.4937500000000018   
   0.9562499999999993     0.5062500000000018   
   0.9562499999999994     0.5187500000000017   
   0.9562499999999994     0.5312500000000017   
   0.9562499999999994     0.5437500000000016   
   0.9562499999999994     0.5562500000000016   
   0.9562499999999994     0.5687500000000015   
   0.9687499999999984     0.0062500000000013   
   0.9687499999999986     0.0187500000000026   
   0.9687499999999986     0.0312500000000026   
   0.9687499999999986     0.0437500000000026   
   0.9687499999999986     0.0562500000000025   
   0.9687499999999986     0.0687500000000025   
   0.9687499999999987     0.0812500000000025   
   0.9687499999999987     0.0937500000000024   
   0.9687499999999987     0.1062500000000024   
   0.9687499999999987     0.1187500000000024   
   0.9687499999999987     0.1312500000000024   
   0.9687499999999987     0.1437500000000024   
   0.9687499999999987     0.1562500000000023   
   0.9687499999999988     0.1687500000000023   
   0.9687499999999989     0.1812500000000023   
   0.9687499999999989     0.1937500000000023   
   0.9687499999999989     0.2062500000000023   
   0.9687499999999989     0.2187500000000022   
   0.9687499999999990     0.2312500000000022   
   0.9687499999999990     0.2437500000000022   
   0.9687499999999990     0.2562500000000023   
   0.9687499999999990     0.2687500000000022   
   0.9687499999999990     0.2812500000000022   
   0.9687499999999990     0.2937500000000022   
   0.9687499999999991     0.3062500000000022   
   0.9687499999999991     0.3187500000000021   
   0.9687499999999991     0.3312500000000020   
   0.9687499999999991     0.3437500000000020   
   0.9687499999999991     0.3562500000000021   
   0.9687499999999991     0.3687500000000020   
   0.9687499999999991     0.3812500000000020   
   0.9687499999999991     0.3937500000000020   
   0.9687499999999991     0.4062500000000021   
   0.9687499999999991     0.4187500000000020   
   0.9687499999999991     0.4312500000000019   
   0.9687499999999991     0.4437500000000019   
   0.9687499999999991     0.4562500000000019   
   0.9687499999999991     0.4687500000000019   
   0.9687499999999993     0.4812500000000018   
   0.9687499999999993     0.4937500000000018   
   0.9687499999999993     0.5062500000000018   
   0.9687499999999993     0.5187500000000017   
   0.9687499999999993     0.5312500000000017   
   0.9687499999999994     0.5437500000000016   
   0.9687499999999993     0.5562500000000016   
   0.9687499999999994     0.5687500000000015   
   0.9812499999999984     0.0062500000000013   
   0.9812499999999986     0.0187500000000026   
   0.9812499999999986     0.0312500000000025   
   0.9812499999999985     0.0437500000000025   
   0.9812499999999986     0.0562500000000025   
   0.9812499999999986     0.0687500000000025   
   0.9812499999999986     0.0812500000000025   
   0.9812499999999986     0.0937500000000024   
   0.9812499999999987     0.1062500000000024   
   0.9812499999999987     0.1187500000000024   
   0.9812499999999987     0.1312500000000024   
   0.9812499999999987     0.1437500000000023   
   0.9812499999999987     0.1562500000000023   
   0.9812499999999987     0.1687500000000023   
   0.9812499999999988     0.1812500000000022   
   0.9812499999999988     0.1937500000000023   
   0.9812499999999987     0.2062500000000022   
   0.9812499999999988     0.2187500000000022   
   0.9812499999999988     0.2312500000000022   
   0.9812499999999988     0.2437500000000022   
   0.9812499999999988     0.2562500000000022   
   0.9812499999999988     0.2687500000000022   
   0.9812499999999990     0.2812500000000021   
   0.9812499999999991     0.2937500000000021   
   0.9812499999999991     0.3062500000000021   
   0.9812499999999992     0.3187500000000021   
   0.9812499999999991     0.3312500000000020   
   0.9812499999999992     0.3437500000000020   
   0.9812499999999992     0.3562500000000021   
   0.9812499999999992     0.3687500000000020   
   0.9812499999999992     0.3812500000000020   
   0.9812499999999992     0.3937500000000019   
   0.9812499999999992     0.4062500000000019   
   0.9812499999999992     0.4187500000000020   
   0.9812499999999992     0.4312500000000019   
   0.9812499999999993     0.4437500000000019   
   0.9812499999999992     0.4562500000000019   
   0.9812499999999992     0.4687500000000019   
   0.9812499999999992     0.4812500000000018   
   0.9812499999999992     0.4937500000000018   
   0.9812499999999993     0.5062500000000018   
   0.9812499999999993     0.5187500000000017   
   0.9812499999999994     0.5312500000000017   
   0.9812499999999993     0.5437500000000016   
   0.9812499999999993     0.5562500000000016   
   0.9812499999999994     0.5687500000000015   
   0.9937499999999985     0.0062500000000013   
   0.9937499999999985     0.0187500000000025   
   0.9937499999999985     0.0312500000000025   
   0.9937499999999985     0.0437500000000025   
   0.9937499999999986     0.0562500000000025   
   0.9937499999999986     0.0687500000000024   
   0.9937499999999986     0.0812500000000024   
   0.9937499999999986     0.0937500000000024   
   0.9937499999999986     0.1062500000000024   
   0.9937499999999986     0.1187500000000023   
   0.9937499999999986     0.1312500000000023   
   0.9937499999999986     0.1437500000000023   
   0.9937499999999986     0.1562500000000023   
   0.9937499999999986     0.1687500000000023   
   0.9937499999999988     0.1812500000000022   
   0.9937499999999988     0.1937500000000022   
   0.9937499999999988     0.2062500000000022   
   0.9937499999999989     0.2187500000000022   
   0.9937499999999989     0.2312500000000022   
   0.9937499999999989     0.2437500000000021   
   0.9937499999999988     0.2562500000000021   
   0.9937499999999989     0.2687500000000022   
   0.9937499999999988     0.2812500000000021   
   0.9937499999999989     0.2937500000000021   
   0.9937499999999990     0.3062500000000021   
   0.9937499999999990     0.3187500000000021   
   0.9937499999999989     0.3312500000000020   
   0.9937499999999990     0.3437500000000020   
   0.9937499999999990     0.3562500000000021   
   0.9937499999999990     0.3687500000000020   
   0.9937499999999990     0.3812500000000020   
   0.9937499999999990     0.3937500000000019   
   0.9937499999999992     0.4062500000000019   
   0.9937499999999991     0.4187500000000020   
   0.9937499999999990     0.4312500000000019   
   0.9937499999999991     0.4437500000000019   
   0.9937499999999990     0.4562500000000019   
   0.9937499999999992     0.4687500000000019   
   0.9937499999999992     0.4812500000000018   
   0.9937499999999992     0.4937500000000018   
   0.9937499999999994     0.5062500000000018   
   0.9937499999999994     0.5187500000000017   
   0.9937499999999994     0.5312500000000017   
   0.9937499999999994     0.5437500000000016   
   0.9937499999999994     0.5562500000000016   
   0.9937499999999994     0.5687500000000015   
   1.0062499999999983     0.0062500000000013   
   1.0062499999999985     0.0187500000000025   
   1.0062499999999985     0.0312500000000025   
   1.0062499999999985     0.0437500000000025   
   1.0062499999999985     0.0562500000000024   
   1.0062499999999985     0.0687500000000024   
   1.0062499999999985     0.0812500000000024   
   1.0062499999999988     0.0937500000000024   
   1.0062499999999988     0.1062500000000023   
   1.0062499999999988     0.1187500000000023   
   1.0062499999999985     0.1312500000000023   
   1.0062499999999985     0.1437500000000023   
   1.0062499999999988     0.1562500000000023   
   1.0062499999999988     0.1687500000000023   
   1.0062499999999988     0.1812500000000022   
   1.0062499999999988     0.1937500000000023   
   1.0062499999999988     0.2062500000000022   
   1.0062499999999988     0.2187500000000022   
   1.0062499999999988     0.2312500000000022   
   1.0062499999999988     0.2437500000000021   
   1.0062499999999988     0.2562500000000021   
   1.0062499999999988     0.2687500000000021   
   1.0062499999999988     0.2812500000000021   
   1.0062499999999990     0.2937500000000021   
   1.0062499999999990     0.3062500000000021   
   1.0062499999999990     0.3187500000000021   
   1.0062499999999990     0.3312500000000020   
   1.0062499999999990     0.3437500000000020   
   1.0062499999999992     0.3562500000000020   
   1.0062499999999992     0.3687500000000020   
   1.0062499999999990     0.3812500000000020   
   1.0062499999999990     0.3937500000000019   
   1.0062499999999992     0.4062500000000019   
   1.0062499999999992     0.4187500000000019   
   1.0062499999999992     0.4312500000000019   
   1.0062499999999992     0.4437500000000019   
   1.0062499999999990     0.4562500000000018   
   1.0062499999999992     0.4687500000000018   
   1.0062499999999992     0.4812500000000018   
   1.0062499999999992     0.4937500000000018   
   1.0062499999999992     0.5062500000000018   
   1.0062499999999992     0.5187500000000017   
   1.0062499999999992     0.5312500000000017   
   1.0062499999999992     0.5437500000000016   
   1.0062499999999994     0.5562500000000016   
   1.0062499999999992     0.5687500000000015   
   1.0187499999999985     0.0062500000000012   
   1.0187499999999985     0.0187500000000025   
   1.0187499999999985     0.0312500000000025   
   1.0187499999999985     0.0437500000000024   
   1.0187499999999985     0.0562500000000024   
   1.0187499999999985     0.0687500000000024   
   1.0187499999999985     0.0812500000000024   
   1.0187499999999985     0.0937500000000023   
   1.0187499999999985     0.1062500000000023   
   1.0187499999999985     0.1187500000000023   
   1.0187499999999985     0.1312500000000023   
   1.0187499999999985     0.1437500000000022   
   1.0187499999999985     0.1562500000000022   
   1.0187499999999985     0.1687500000000022   
   1.0187499999999985     0.1812500000000022   
   1.0187499999999985     0.1937500000000022   
   1.0187499999999985     0.2062500000000022   
   1.0187499999999985     0.2187500000000022   
   1.0187499999999985     0.2312500000000021   
   1.0187499999999985     0.2437500000000021   
   1.0187499999999985     0.2562500000000021   
   1.0187499999999987     0.2687500000000020   
   1.0187499999999989     0.2812500000000021   
   1.0187499999999989     0.2937500000000021   
   1.0187499999999989     0.3062500000000020   
   1.0187499999999989     0.3187500000000020   
   1.0187499999999989     0.3312500000000020   
   1.0187499999999989     0.3437500000000020   
   1.0187499999999989     0.3562500000000020   
   1.0187499999999989     0.3687500000000019   
   1.0187499999999989     0.3812500000000019   
   1.0187499999999989     0.3937500000000019   
   1.0187499999999989     0.4062500000000019   
   1.0187499999999989     0.4187500000000018   
   1.0187499999999992     0.4312500000000019   
   1.0187499999999992     0.4437500000000019   
   1.0187499999999989     0.4562500000000018   
   1.0187499999999989     0.4687500000000018   
   1.0187499999999989     0.4812500000000018   
   1.0187499999999989     0.4937500000000018   
   1.0187499999999989     0.5062500000000018   
   1.0187499999999989     0.5187500000000017   
   1.0187499999999989     0.5312500000000017   
   1.0187499999999992     0.5437500000000016   
   1.0187499999999992     0.5562500000000016   
   1.0187499999999992     0.5687500000000015   
   1.0312499999999982     0.0062500000000012   
   1.0312499999999984     0.0187500000000024   
   1.0312499999999984     0.0312500000000024   
   1.0312499999999982     0.0437500000000024   
   1.0312499999999982     0.0562500000000024   
   1.0312499999999984     0.0687500000000024   
   1.0312499999999987     0.0812500000000023   
   1.0312499999999987     0.0937500000000023   
   1.0312499999999987     0.1062500000000023   
   1.0312499999999987     0.1187500000000023   
   1.0312499999999987     0.1312500000000022   
   1.0312499999999987     0.1437500000000022   
   1.0312499999999987     0.1562500000000022   
   1.0312499999999987     0.1687500000000022   
   1.0312499999999987     0.1812500000000022   
   1.0312499999999987     0.1937500000000022   
   1.0312499999999987     0.2062500000000022   
   1.0312499999999987     0.2187500000000021   
   1.0312499999999987     0.2312500000000021   
   1.0312499999999987     0.2437500000000021   
   1.0312499999999987     0.2562500000000021   
   1.0312499999999987     0.2687500000000020   
   1.0312499999999987     0.2812500000000020   
   1.0312499999999989     0.2937500000000021   
   1.0312499999999991     0.3062500000000020   
   1.0312499999999991     0.3187500000000020   
   1.0312499999999989     0.3312500000000020   
   1.0312499999999989     0.3437500000000020   
   1.0312499999999989     0.3562500000000020   
   1.0312499999999989     0.3687500000000019   
   1.0312499999999991     0.3812500000000019   
   1.0312499999999991     0.3937500000000019   
   1.0312499999999991     0.4062500000000018   
   1.0312499999999991     0.4187500000000018   
   1.0312499999999991     0.4312500000000019   
   1.0312499999999991     0.4437500000000019   
   1.0312499999999991     0.4562500000000018   
   1.0312499999999991     0.4687500000000018   
   1.0312499999999991     0.4812500000000018   
   1.0312499999999991     0.4937500000000018   
   1.0312499999999991     0.5062500000000018   
   1.0312499999999991     0.5187500000000017   
   1.0312499999999991     0.5312500000000017   
   1.0312499999999991     0.5437500000000016   
   1.0312499999999991     0.5562500000000016   
   1.0312499999999991     0.5687500000000015   
   1.0437499999999982     0.0062500000000012   
   1.0437499999999982     0.0187500000000024   
   1.0437499999999984     0.0312500000000024   
   1.0437499999999984     0.0437500000000024   
   1.0437499999999982     0.0562500000000024   
   1.0437499999999984     0.0687500000000023   
   1.0437499999999984     0.0812500000000023   
   1.0437499999999984     0.0937500000000023   
   1.0437499999999984     0.1062500000000023   
   1.0437499999999984     0.1187500000000022   
   1.0437499999999984     0.1312500000000022   
   1.0437499999999984     0.1437500000000022   
   1.0437499999999984     0.1562500000000022   
   1.0437499999999984     0.1687500000000021   
   1.0437499999999986     0.1812500000000021   
   1.0437499999999986     0.1937500000000021   
   1.0437499999999986     0.2062500000000021   
   1.0437499999999986     0.2187500000000021   
   1.0437499999999984     0.2312500000000021   
   1.0437499999999984     0.2437500000000021   
   1.0437499999999984     0.2562500000000020   
   1.0437499999999986     0.2687500000000020   
   1.0437499999999988     0.2812500000000020   
   1.0437499999999988     0.2937500000000020   
   1.0437499999999988     0.3062500000000020   
   1.0437499999999988     0.3187500000000020   
   1.0437499999999988     0.3312500000000019   
   1.0437499999999988     0.3437500000000019   
   1.0437499999999988     0.3562500000000020   
   1.0437499999999988     0.3687500000000019   
   1.0437499999999988     0.3812500000000019   
   1.0437499999999988     0.3937500000000018   
   1.0437499999999988     0.4062500000000018   
   1.0437499999999988     0.4187500000000018   
   1.0437499999999988     0.4312500000000019   
   1.0437499999999988     0.4437500000000019   
   1.0437499999999988     0.4562500000000018   
   1.0437499999999988     0.4687500000000018   
   1.0437499999999988     0.4812500000000017   
   1.0437499999999988     0.4937500000000017   
   1.0437499999999988     0.5062500000000018   
   1.0437499999999991     0.5187500000000017   
   1.0437499999999993     0.5312500000000017   
   1.0437499999999991     0.5437500000000016   
   1.0437499999999988     0.5562500000000016   
   1.0437499999999991     0.5687500000000015   
   1.0562499999999981     0.0062500000000012   
   1.0562499999999981     0.0187500000000024   
   1.0562499999999984     0.0312500000000024   
   1.0562499999999984     0.0437500000000023   
   1.0562499999999981     0.0562500000000023   
   1.0562499999999984     0.0687500000000023   
   1.0562499999999986     0.0812500000000023   
   1.0562499999999984     0.0937500000000022   
   1.0562499999999981     0.1062500000000022   
   1.0562499999999984     0.1187500000000022   
   1.0562499999999986     0.1312500000000022   
   1.0562499999999986     0.1437500000000022   
   1.0562499999999986     0.1562500000000022   
   1.0562499999999986     0.1687500000000021   
   1.0562499999999986     0.1812500000000021   
   1.0562499999999986     0.1937500000000021   
   1.0562499999999986     0.2062500000000021   
   1.0562499999999986     0.2187500000000021   
   1.0562499999999986     0.2312500000000020   
   1.0562499999999986     0.2437500000000020   
   1.0562499999999986     0.2562500000000020   
   1.0562499999999986     0.2687500000000020   
   1.0562499999999988     0.2812500000000020   
   1.0562499999999988     0.2937500000000020   
   1.0562499999999988     0.3062500000000020   
   1.0562499999999990     0.3187500000000020   
   1.0562499999999990     0.3312500000000019   
   1.0562499999999990     0.3437500000000019   
   1.0562499999999990     0.3562500000000019   
   1.0562499999999990     0.3687500000000019   
   1.0562499999999988     0.3812500000000019   
   1.0562499999999988     0.3937500000000018   
   1.0562499999999990     0.4062500000000018   
   1.0562499999999990     0.4187500000000018   
   1.0562499999999990     0.4312500000000018   
   1.0562499999999990     0.4437500000000018   
   1.0562499999999990     0.4562500000000018   
   1.0562499999999990     0.4687500000000018   
   1.0562499999999990     0.4812500000000017   
   1.0562499999999990     0.4937500000000017   
   1.0562499999999990     0.5062500000000018   
   1.0562499999999990     0.5187500000000017   
   1.0562499999999992     0.5312500000000017   
   1.0562499999999992     0.5437500000000016   
   1.0562499999999990     0.5562500000000016   
   1.0562499999999990     0.5687500000000015   
   1.0687499999999983     0.0062500000000012   
   1.0687499999999983     0.0187500000000023   
   1.0687499999999983     0.0312500000000023   
   1.0687499999999981     0.0437500000000023   
   1.0687499999999981     0.0562500000000023   
   1.0687499999999983     0.0687500000000023   
   1.0687499999999983     0.0812500000000022   
   1.0687499999999983     0.0937500000000022   
   1.0687499999999983     0.1062500000000022   
   1.0687499999999983     0.1187500000000022   
   1.0687499999999983     0.1312500000000021   
   1.0687499999999983     0.1437500000000021   
   1.0687499999999983     0.1562500000000021   
   1.0687499999999985     0.1687500000000021   
   1.0687499999999985     0.1812500000000021   
   1.0687499999999985     0.1937500000000021   
   1.0687499999999985     0.2062500000000020   
   1.0687499999999983     0.2187500000000021   
   1.0687499999999983     0.2312500000000020   
   1.0687499999999983     0.2437500000000020   
   1.0687499999999985     0.2562500000000020   
   1.0687499999999988     0.2687500000000020   
   1.0687499999999988     0.2812500000000020   
   1.0687499999999988     0.2937500000000020   
   1.0687499999999988     0.3062500000000019   
   1.0687499999999988     0.3187500000000020   
   1.0687499999999988     0.3312500000000019   
   1.0687499999999988     0.3437500000000019   
   1.0687499999999988     0.3562500000000018   
   1.0687499999999988     0.3687500000000019   
   1.0687499999999988     0.3812500000000018   
   1.0687499999999988     0.3937500000000018   
   1.0687499999999988     0.4062500000000018   
   1.0687499999999988     0.4187500000000018   
   1.0687499999999988     0.4312500000000017   
   1.0687499999999988     0.4437500000000018   
   1.0687499999999988     0.4562500000000018   
   1.0687499999999988     0.4687500000000018   
   1.0687499999999988     0.4812500000000017   
   1.0687499999999988     0.4937500000000017   
   1.0687499999999990     0.5062500000000018   
   1.0687499999999990     0.5187500000000017   
   1.0687499999999990     0.5312500000000017   
   1.0687499999999990     0.5437500000000016   
   1.0687499999999990     0.5562500000000016   
   1.0687499999999992     0.5687500000000015   
   1.0812499999999980     0.0062500000000012   
   1.0812499999999980     0.0187500000000023   
   1.0812499999999980     0.0312500000000023   
   1.0812499999999980     0.0437500000000023   
   1.0812499999999983     0.0562500000000023   
   1.0812499999999985     0.0687500000000022   
   1.0812499999999985     0.0812500000000022   
   1.0812499999999985     0.0937500000000022   
   1.0812499999999985     0.1062500000000022   
   1.0812499999999985     0.1187500000000021   
   1.0812499999999983     0.1312500000000021   
   1.0812499999999983     0.1437500000000021   
   1.0812499999999985     0.1562500000000021   
   1.0812499999999985     0.1687500000000021   
   1.0812499999999985     0.1812500000000020   
   1.0812499999999985     0.1937500000000020   
   1.0812499999999985     0.2062500000000020   
   1.0812499999999985     0.2187500000000020   
   1.0812499999999985     0.2312500000000020   
   1.0812499999999985     0.2437500000000020   
   1.0812499999999985     0.2562500000000020   
   1.0812499999999985     0.2687500000000019   
   1.0812499999999985     0.2812500000000019   
   1.0812499999999987     0.2937500000000020   
   1.0812499999999989     0.3062500000000019   
   1.0812499999999989     0.3187500000000019   
   1.0812499999999987     0.3312500000000019   
   1.0812499999999987     0.3437500000000019   
   1.0812499999999989     0.3562500000000019   
   1.0812499999999989     0.3687500000000018   
   1.0812499999999989     0.3812500000000019   
   1.0812499999999989     0.3937500000000018   
   1.0812499999999989     0.4062500000000018   
   1.0812499999999989     0.4187500000000018   
   1.0812499999999989     0.4312500000000017   
   1.0812499999999989     0.4437500000000018   
   1.0812499999999989     0.4562500000000018   
   1.0812499999999989     0.4687500000000017   
   1.0812499999999989     0.4812500000000017   
   1.0812499999999989     0.4937500000000017   
   1.0812499999999989     0.5062500000000018   
   1.0812499999999989     0.5187500000000017   
   1.0812499999999989     0.5312500000000017   
   1.0812499999999989     0.5437500000000016   
   1.0812499999999989     0.5562500000000016   
   1.0812499999999992     0.5687500000000015   
   1.0937499999999982     0.1687500000000020   
   1.0937499999999982     0.1812500000000020   
   1.0937499999999982     0.1937500000000020   
   1.0937499999999984     0.2062500000000020   
   1.0937499999999984     0.2187500000000020   
   1.0937499999999984     0.2312500000000020   
   1.0937499999999987     0.2437500000000019   
   1.0937499999999987     0.2562500000000020   
   1.0937499999999987     0.2687500000000020   
   1.0937499999999987     0.2812500000000019   
   1.0937499999999987     0.2937500000000019   
   1.0937499999999987     0.3062500000000019   
   1.0937499999999987     0.3187500000000019   
   1.0937499999999987     0.3312500000000018   
   1.0937499999999987     0.3437500000000018   
   1.0937499999999987     0.3562500000000018   
   1.0937499999999987     0.3687500000000018   
   1.0937499999999987     0.3812500000000018   
   1.0937499999999987     0.3937500000000018   
   1.0937499999999987     0.4062500000000018   
   1.0937499999999987     0.4187500000000018   
   1.0937499999999987     0.4312500000000017   
   1.0937499999999987     0.4437500000000018   
   1.0937499999999987     0.4562500000000017   
   1.0937499999999987     0.4687500000000017   
   1.0937499999999987     0.4812500000000016   
   1.0937499999999987     0.4937500000000017   
   1.0937499999999989     0.5062500000000016   
   1.0937499999999991     0.5187500000000016   
   1.0937499999999989     0.5312500000000017   
   1.0937499999999987     0.5437500000000016   
   1.0937499999999989     0.5562500000000016   
   1.0937499999999991     0.5687500000000014   
   1.1062499999999986     0.2312500000000020   
   1.1062499999999986     0.2437500000000019   
   1.1062499999999984     0.2562500000000019   
   1.1062499999999984     0.2687500000000019   
   1.1062499999999984     0.2812500000000019   
   1.1062499999999986     0.2937500000000018   
   1.1062499999999988     0.3062500000000019   
   1.1062499999999988     0.3187500000000019   
   1.1062499999999986     0.3312500000000018   
   1.1062499999999986     0.3437500000000018   
   1.1062499999999986     0.3562500000000018   
   1.1062499999999984     0.3687500000000018   
   1.1062499999999984     0.3812500000000018   
   1.1062499999999986     0.3937500000000018   
   1.1062499999999988     0.4062500000000018   
   1.1062499999999988     0.4187500000000018   
   1.1062499999999988     0.4312500000000017   
   1.1062499999999988     0.4437500000000017   
   1.1062499999999988     0.4562500000000017   
   1.1062499999999988     0.4687500000000017   
   1.1062499999999988     0.4812500000000017   
   1.1062499999999988     0.4937500000000016   
   1.1062499999999988     0.5062500000000015   
   1.1062499999999988     0.5187500000000016   
   1.1062499999999988     0.5312500000000016   
   1.1062499999999988     0.5437500000000015   
   1.1062499999999988     0.5562500000000015   
   1.1062499999999988     0.5687500000000013   
   1.1187499999999986     0.3312500000000018   
   1.1187499999999986     0.3437500000000018   
   1.1187499999999986     0.3562500000000018   
   1.1187499999999986     0.3687500000000018   
   1.1187499999999984     0.3812500000000018   
   1.1187499999999986     0.3937500000000017   
   1.1187499999999986     0.4062500000000017   
   1.1187499999999986     0.4187500000000017   
   1.1187499999999986     0.4312500000000017   
   1.1187499999999986     0.4437500000000016   
   1.1187499999999986     0.4562500000000017   
   1.1187499999999986     0.4687500000000017   
   1.1187499999999986     0.4812500000000016   
   1.1187499999999988     0.4937500000000016   
   1.1187499999999988     0.5062500000000015   
   1.1187499999999988     0.5187500000000015   
   1.1187499999999988     0.5312500000000016   
   1.1187499999999986     0.5437500000000015   
   1.1187499999999990     0.5562500000000014   
   1.1187499999999990     0.5687500000000013   
   1.1312499999999988     0.3562500000000017   
   1.1312499999999988     0.3687500000000017   
   1.1312499999999985     0.3812500000000018   
   1.1312499999999985     0.3937500000000017   
   1.1312499999999988     0.4062500000000017   
   1.1312499999999988     0.4187500000000017   
   1.1312499999999988     0.4312500000000017   
