   0.9312499999999996     0.5812500000000016   
   0.9312499999999996     0.5937500000000016   
   0.9312499999999997     0.6062500000000014   
   0.9312499999999997     0.6187500000000014   
   0.9312499999999995     0.6312500000000013   
   0.9312499999999997     0.6437500000000013   
   0.9312499999999997     0.6562500000000012   
   0.9312499999999997     0.6687500000000012   
   0.9312499999999997     0.6812500000000012   
   0.9312499999999997     0.6937500000000012   
   0.9312499999999998     0.7062500000000010   
   0.9312499999999998     0.7187500000000010   
   0.9312499999999998     0.7312500000000008   
   0.9312499999999999     0.7437500000000009   
   0.9312499999999999     0.7562500000000009   
   0.9312499999999999     0.7687500000000008   
   0.9312499999999999     0.7812500000000009   
   0.9312499999999999     0.7937500000000008   
   0.9312499999999999     0.8062500000000007   
   0.9312499999999999     0.8187500000000006   
   0.9312499999999998     0.8312500000000007   
   0.9312499999999999     0.8437500000000006   
   0.9312499999999998     0.8562500000000004   
   0.9312499999999998     0.8687500000000004   
   0.9312500000000001     0.8812500000000005   
   0.9312500000000002     0.8937500000000004   
   0.9312500000000001     0.9062500000000003   
   0.9312500000000000     0.9187500000000004   
   0.9312500000000001     0.9312500000000004   
   0.9312500000000001     0.9437500000000002   
   0.9312500000000002     0.9562500000000000   
   0.9312500000000002     0.9687500000000000   
   0.9312500000000002     0.9812500000000001   
   0.9312500000000002     0.9937500000000001   
   0.9312500000000002     1.0062500000000001   
   0.9312500000000002     1.0187500000000003   
   0.9312500000000002     1.0312500000000000   
   0.9312500000000002     1.0437500000000002   
   0.9312500000000004     1.0562499999999999   
   0.9312500000000004     1.0687499999999999   
   0.9312500000000002     1.0812499999999998   
   0.9312500000000002     1.0937500000000000   
   0.9312500000000002     1.1062499999999997   
   0.9437499999999996     0.5812500000000015   
   0.9437499999999996     0.5937500000000014   
   0.9437499999999995     0.6062500000000014   
   0.9437499999999995     0.6187500000000014   
   0.9437499999999995     0.6312500000000013   
   0.9437499999999996     0.6437500000000013   
   0.9437499999999996     0.6562500000000012   
   0.9437499999999996     0.6687500000000012   
   0.9437499999999996     0.6812500000000012   
   0.9437499999999996     0.6937500000000010   
   0.9437499999999996     0.7062500000000010   
   0.9437499999999996     0.7187500000000010   
   0.9437499999999996     0.7312500000000011   
   0.9437499999999999     0.7437500000000009   
   0.9437499999999999     0.7562500000000009   
   0.9437499999999999     0.7687500000000008   
   0.9437500000000000     0.7812500000000009   
   0.9437500000000000     0.7937500000000007   
   0.9437500000000001     0.8062500000000007   
   0.9437500000000001     0.8187500000000006   
   0.9437499999999999     0.8312500000000007   
   0.9437499999999999     0.8437500000000007   
   0.9437499999999996     0.8562500000000005   
   0.9437499999999999     0.8687500000000004   
   0.9437500000000000     0.8812500000000005   
   0.9437500000000000     0.8937500000000004   
   0.9437500000000001     0.9062500000000003   
   0.9437500000000001     0.9187500000000003   
   0.9437500000000001     0.9312500000000002   
   0.9437500000000001     0.9437500000000002   
   0.9437500000000001     0.9562500000000002   
   0.9437500000000001     0.9687500000000001   
   0.9437500000000001     0.9812500000000002   
   0.9437500000000001     0.9937500000000000   
   0.9437500000000001     1.0062500000000003   
   0.9437500000000001     1.0187500000000003   
   0.9437500000000001     1.0312500000000000   
   0.9437500000000001     1.0437500000000000   
   0.9437500000000003     1.0562499999999999   
   0.9437500000000004     1.0687499999999999   
   0.9437500000000003     1.0812499999999998   
   0.9437500000000001     1.0937499999999998   
   0.9437500000000003     1.1062499999999997   
   0.9562499999999995     0.5812500000000015   
   0.9562499999999995     0.5937500000000014   
   0.9562499999999994     0.6062500000000014   
   0.9562499999999994     0.6187500000000014   
   0.9562499999999996     0.6312500000000013   
   0.9562499999999997     0.6437500000000013   
   0.9562499999999997     0.6562500000000012   
   0.9562499999999997     0.6687500000000012   
   0.9562499999999997     0.6812500000000012   
   0.9562499999999997     0.6937500000000011   
   0.9562499999999997     0.7062500000000009   
   0.9562499999999997     0.7187500000000010   
   0.9562499999999997     0.7312500000000011   
   0.9562499999999997     0.7437500000000010   
   0.9562499999999997     0.7562500000000009   
   0.9562499999999997     0.7687500000000008   
   0.9562499999999998     0.7812500000000009   
   0.9562499999999998     0.7937500000000007   
   0.9562499999999999     0.8062500000000007   
   0.9562499999999999     0.8187500000000008   
   0.9562499999999998     0.8312500000000007   
   0.9562499999999998     0.8437500000000006   
   0.9562499999999998     0.8562500000000004   
   0.9562499999999998     0.8687500000000004   
   0.9562500000000000     0.8812500000000005   
   0.9562500000000000     0.8937500000000004   
   0.9562500000000000     0.9062500000000003   
   0.9562500000000002     0.9187500000000003   
   0.9562500000000002     0.9312500000000004   
   0.9562500000000002     0.9437500000000002   
   0.9562500000000000     0.9562500000000002   
   0.9562500000000002     0.9687500000000000   
   0.9562500000000002     0.9812500000000001   
   0.9562500000000002     0.9937500000000000   
   0.9562500000000002     1.0062500000000001   
   0.9562500000000002     1.0187500000000000   
   0.9562500000000003     1.0312500000000000   
   0.9562500000000003     1.0437499999999997   
   0.9562500000000002     1.0562499999999999   
   0.9562500000000003     1.0687500000000001   
   0.9562500000000003     1.0812499999999998   
   0.9562500000000003     1.0937499999999998   
   0.9562500000000002     1.1062499999999997   
   0.9687499999999994     0.5812500000000015   
   0.9687499999999994     0.5937500000000014   
   0.9687499999999996     0.6062500000000014   
   0.9687499999999994     0.6187500000000014   
   0.9687499999999996     0.6312500000000013   
   0.9687499999999996     0.6437500000000013   
   0.9687499999999996     0.6562500000000012   
   0.9687499999999996     0.6687500000000011   
   0.9687499999999996     0.6812500000000011   
   0.9687499999999996     0.6937500000000011   
   0.9687499999999996     0.7062500000000010   
   0.9687499999999996     0.7187500000000011   
   0.9687499999999996     0.7312500000000011   
   0.9687499999999996     0.7437500000000009   
   0.9687499999999996     0.7562500000000008   
   0.9687499999999996     0.7687500000000008   
   0.9687499999999998     0.7812500000000009   
   0.9687499999999998     0.7937500000000007   
   0.9687499999999998     0.8062500000000007   
   0.9687499999999999     0.8187500000000006   
   0.9687499999999999     0.8312500000000007   
   0.9687499999999999     0.8437500000000007   
   0.9687499999999999     0.8562500000000004   
   0.9687499999999999     0.8687500000000004   
   0.9687500000000000     0.8812500000000005   
   0.9687499999999999     0.8937500000000005   
   0.9687499999999999     0.9062500000000003   
   0.9687499999999999     0.9187500000000003   
   0.9687500000000000     0.9312500000000004   
   0.9687500000000000     0.9437500000000002   
   0.9687500000000000     0.9562500000000002   
   0.9687500000000000     0.9687500000000001   
   0.9687500000000000     0.9812500000000002   
   0.9687500000000000     0.9937500000000000   
   0.9687500000000000     1.0062500000000001   
   0.9687500000000000     1.0187499999999998   
   0.9687500000000002     1.0312499999999998   
   0.9687500000000002     1.0437499999999997   
   0.9687500000000002     1.0562499999999999   
   0.9687500000000002     1.0687499999999999   
   0.9687500000000002     1.0812499999999998   
   0.9687500000000002     1.0937499999999998   
   0.9687500000000002     1.1062499999999997   
   0.9812499999999993     0.5812500000000015   
   0.9812499999999995     0.5937500000000014   
   0.9812499999999995     0.6062500000000014   
   0.9812499999999995     0.6187500000000014   
   0.9812499999999995     0.6312500000000013   
   0.9812499999999995     0.6437500000000013   
   0.9812499999999995     0.6562500000000012   
   0.9812499999999996     0.6687500000000012   
   0.9812499999999995     0.6812500000000012   
   0.9812499999999996     0.6937500000000011   
   0.9812499999999996     0.7062500000000010   
   0.9812499999999996     0.7187500000000009   
   0.9812499999999996     0.7312500000000010   
   0.9812499999999996     0.7437500000000009   
   0.9812499999999997     0.7562500000000009   
   0.9812499999999997     0.7687500000000009   
   0.9812499999999997     0.7812500000000009   
   0.9812499999999997     0.7937500000000007   
   0.9812499999999996     0.8062500000000007   
   0.9812499999999997     0.8187500000000006   
   0.9812499999999997     0.8312500000000007   
   0.9812499999999998     0.8437500000000006   
   0.9812499999999997     0.8562500000000004   
   0.9812500000000000     0.8687500000000004   
   0.9812500000000000     0.8812500000000005   
   0.9812499999999997     0.8937500000000004   
   0.9812500000000000     0.9062500000000003   
   0.9812500000000000     0.9187500000000003   
   0.9812500000000001     0.9312500000000004   
   0.9812500000000001     0.9437500000000003   
   0.9812500000000001     0.9562500000000002   
   0.9812500000000001     0.9687500000000002   
   0.9812500000000001     0.9812500000000002   
   0.9812500000000001     0.9937500000000000   
   0.9812500000000001     1.0062499999999999   
   0.9812500000000001     1.0187499999999998   
   0.9812500000000001     1.0312499999999998   
   0.9812500000000001     1.0437499999999997   
   0.9812500000000002     1.0562499999999999   
   0.9812500000000001     1.0687499999999999   
   0.9812500000000001     1.0812499999999998   
   0.9812500000000002     1.0937499999999998   
   0.9812500000000002     1.1062499999999997   
   0.9937499999999994     0.5812500000000015   
   0.9937499999999994     0.5937500000000014   
   0.9937499999999995     0.6062500000000014   
   0.9937499999999995     0.6187500000000014   
   0.9937499999999994     0.6312500000000013   
   0.9937499999999995     0.6437500000000013   
   0.9937499999999995     0.6562500000000012   
   0.9937499999999995     0.6687500000000012   
   0.9937499999999995     0.6812500000000012   
   0.9937499999999995     0.6937500000000011   
   0.9937499999999995     0.7062500000000010   
   0.9937499999999995     0.7187500000000009   
   0.9937499999999995     0.7312500000000011   
   0.9937499999999997     0.7437500000000009   
   0.9937499999999997     0.7562500000000009   
   0.9937499999999997     0.7687500000000007   
   0.9937499999999997     0.7812500000000009   
   0.9937499999999997     0.7937500000000008   
   0.9937499999999997     0.8062500000000007   
   0.9937499999999997     0.8187500000000005   
   0.9937499999999999     0.8312500000000007   
   0.9937499999999999     0.8437500000000006   
   0.9937499999999997     0.8562500000000004   
   0.9937499999999997     0.8687500000000004   
   0.9937499999999999     0.8812500000000005   
   0.9937499999999999     0.8937500000000004   
   0.9937499999999998     0.9062500000000003   
   0.9937499999999999     0.9187500000000002   
   0.9937499999999999     0.9312500000000004   
   0.9937499999999999     0.9437500000000003   
   0.9937499999999999     0.9562500000000002   
   0.9937499999999999     0.9687500000000000   
   0.9937499999999999     0.9812500000000002   
   0.9937499999999999     0.9937500000000000   
   0.9937499999999999     1.0062499999999999   
   0.9937499999999999     1.0187499999999998   
   0.9937499999999999     1.0312500000000000   
   0.9937500000000000     1.0437499999999997   
   0.9937500000000001     1.0562499999999999   
   0.9937499999999999     1.0687499999999999   
   0.9937499999999999     1.0812499999999998   
   0.9937500000000000     1.0937499999999998   
   0.9937500000000002     1.1062499999999995   
   1.0062499999999994     0.5812500000000015   
   1.0062499999999994     0.5937500000000014   
   1.0062499999999994     0.6062500000000014   
   1.0062499999999994     0.6187500000000014   
   1.0062499999999994     0.6312500000000013   
   1.0062499999999994     0.6437500000000013   
   1.0062499999999996     0.6562500000000012   
   1.0062499999999994     0.6687500000000012   
   1.0062499999999994     0.6812500000000012   
   1.0062499999999996     0.6937500000000012   
   1.0062499999999996     0.7062500000000009   
   1.0062499999999996     0.7187500000000010   
   1.0062499999999996     0.7312500000000011   
   1.0062499999999996     0.7437500000000010   
   1.0062499999999996     0.7562500000000008   
   1.0062499999999996     0.7687500000000008   
   1.0062499999999996     0.7812500000000009   
   1.0062499999999999     0.7937500000000008   
   1.0062499999999999     0.8062500000000006   
   1.0062499999999996     0.8187500000000006   
   1.0062499999999996     0.8312500000000007   
   1.0062499999999996     0.8437500000000007   
   1.0062499999999996     0.8562500000000004   
   1.0062499999999996     0.8687500000000004   
   1.0062499999999999     0.8812500000000005   
   1.0062499999999999     0.8937500000000005   
   1.0062499999999999     0.9062500000000002   
   1.0062499999999999     0.9187500000000002   
   1.0062499999999999     0.9312500000000004   
   1.0062499999999999     0.9437500000000003   
   1.0062499999999999     0.9562500000000000   
   1.0062500000000001     0.9687500000000001   
   1.0062500000000001     0.9812500000000002   
   1.0062500000000001     0.9937500000000001   
   1.0062500000000001     1.0062499999999999   
   1.0062500000000001     1.0187499999999998   
   1.0062500000000001     1.0312500000000000   
   1.0062500000000001     1.0437500000000000   
   1.0062500000000001     1.0562499999999997   
   1.0062500000000001     1.0687499999999996   
   1.0062500000000001     1.0812499999999996   
   1.0062500000000001     1.0937499999999996   
   1.0062500000000003     1.1062499999999995   
   1.0187499999999994     0.5812500000000015   
   1.0187499999999994     0.5937500000000014   
   1.0187499999999994     0.6062500000000014   
   1.0187499999999994     0.6187500000000014   
   1.0187499999999994     0.6312500000000013   
   1.0187499999999994     0.6437500000000013   
   1.0187499999999994     0.6562500000000012   
   1.0187499999999994     0.6687500000000012   
   1.0187499999999994     0.6812500000000012   
   1.0187499999999994     0.6937500000000011   
   1.0187499999999994     0.7062500000000010   
   1.0187499999999994     0.7187500000000011   
   1.0187499999999994     0.7312500000000011   
   1.0187499999999996     0.7437500000000009   
   1.0187499999999996     0.7562500000000009   
   1.0187499999999994     0.7687500000000008   
   1.0187499999999994     0.7812500000000008   
   1.0187499999999996     0.7937500000000007   
   1.0187499999999996     0.8062500000000006   
   1.0187499999999996     0.8187500000000006   
   1.0187499999999996     0.8312500000000007   
   1.0187499999999994     0.8437500000000006   
   1.0187499999999994     0.8562500000000004   
   1.0187499999999994     0.8687500000000004   
   1.0187499999999998     0.8812500000000005   
   1.0187499999999998     0.8937500000000004   
   1.0187499999999998     0.9062500000000003   
   1.0187499999999998     0.9187500000000003   
   1.0187499999999998     0.9312500000000004   
   1.0187499999999998     0.9437500000000003   
   1.0187499999999998     0.9562500000000002   
   1.0187499999999998     0.9687500000000001   
   1.0187499999999998     0.9812500000000002   
   1.0187499999999998     0.9937500000000000   
   1.0187499999999998     1.0062499999999999   
   1.0187499999999998     1.0187499999999998   
   1.0187499999999998     1.0312499999999998   
   1.0187499999999998     1.0437499999999997   
   1.0187499999999998     1.0562499999999997   
   1.0187499999999998     1.0687499999999996   
   1.0187499999999998     1.0812499999999996   
   1.0187500000000000     1.0937499999999996   
   1.0187500000000003     1.1062499999999995   
   1.0312499999999991     0.5812500000000015   
   1.0312499999999991     0.5937500000000014   
   1.0312499999999991     0.6062500000000014   
   1.0312499999999993     0.6187500000000014   
   1.0312499999999996     0.6312500000000013   
   1.0312499999999996     0.6437500000000013   
   1.0312499999999996     0.6562500000000012   
   1.0312499999999996     0.6687500000000013   
   1.0312499999999996     0.6812500000000012   
   1.0312499999999996     0.6937500000000011   
   1.0312499999999996     0.7062500000000010   
   1.0312499999999996     0.7187500000000009   
   1.0312499999999996     0.7312500000000010   
   1.0312499999999996     0.7437500000000009   
   1.0312499999999996     0.7562500000000009   
   1.0312499999999996     0.7687500000000008   
   1.0312499999999996     0.7812500000000009   
   1.0312499999999996     0.7937500000000007   
   1.0312499999999996     0.8062500000000007   
   1.0312499999999996     0.8187500000000006   
   1.0312499999999996     0.8312500000000007   
   1.0312499999999996     0.8437500000000007   
   1.0312499999999996     0.8562500000000005   
   1.0312499999999996     0.8687500000000004   
   1.0312499999999998     0.8812500000000005   
   1.0312500000000000     0.8937500000000004   
   1.0312500000000000     0.9062500000000003   
   1.0312499999999998     0.9187500000000003   
   1.0312499999999998     0.9312500000000004   
   1.0312500000000000     0.9437500000000002   
   1.0312500000000000     0.9562500000000002   
   1.0312500000000000     0.9687500000000002   
   1.0312500000000000     0.9812500000000002   
   1.0312500000000000     0.9937500000000000   
   1.0312500000000000     1.0062500000000001   
   1.0312500000000000     1.0187499999999998   
   1.0312500000000000     1.0312499999999998   
   1.0312500000000000     1.0437499999999997   
   1.0312500000000000     1.0562499999999995   
   1.0312500000000000     1.0687499999999994   
   1.0312500000000000     1.0812499999999996   
   1.0312500000000000     1.0937499999999996   
   1.0312500000000000     1.1062499999999995   
   1.0437499999999993     0.5812500000000015   
   1.0437499999999993     0.5937500000000014   
   1.0437499999999993     0.6062500000000014   
   1.0437499999999993     0.6187500000000014   
   1.0437499999999993     0.6312500000000013   
   1.0437499999999993     0.6437500000000013   
   1.0437499999999993     0.6562500000000012   
   1.0437499999999993     0.6687500000000012   
   1.0437499999999993     0.6812500000000012   
   1.0437499999999993     0.6937500000000011   
   1.0437499999999993     0.7062500000000010   
   1.0437499999999993     0.7187500000000010   
   1.0437499999999993     0.7312500000000011   
   1.0437499999999993     0.7437500000000010   
   1.0437499999999993     0.7562500000000009   
   1.0437499999999993     0.7687500000000008   
   1.0437499999999993     0.7812500000000009   
   1.0437499999999993     0.7937500000000007   
   1.0437499999999995     0.8062500000000007   
   1.0437499999999995     0.8187500000000006   
   1.0437499999999997     0.8312500000000007   
   1.0437499999999995     0.8437500000000007   
   1.0437499999999993     0.8562500000000004   
   1.0437499999999995     0.8687500000000004   
   1.0437499999999997     0.8812500000000005   
   1.0437499999999997     0.8937500000000005   
   1.0437499999999997     0.9062500000000003   
   1.0437499999999997     0.9187500000000003   
   1.0437499999999997     0.9312500000000004   
   1.0437499999999997     0.9437500000000002   
   1.0437499999999997     0.9562500000000002   
   1.0437499999999997     0.9687500000000002   
   1.0437499999999997     0.9812500000000001   
   1.0437499999999997     0.9937500000000000   
   1.0437499999999997     1.0062499999999999   
   1.0437499999999997     1.0187499999999998   
   1.0437499999999997     1.0312499999999996   
   1.0437499999999997     1.0437499999999997   
   1.0437499999999997     1.0562499999999995   
   1.0437500000000000     1.0687499999999996   
   1.0437500000000000     1.0812499999999994   
   1.0437500000000000     1.0937499999999993   
   1.0437500000000000     1.1062499999999997   
   1.0562499999999990     0.5812500000000015   
   1.0562499999999990     0.5937500000000014   
   1.0562499999999992     0.6062500000000014   
   1.0562499999999992     0.6187500000000014   
   1.0562499999999992     0.6312500000000013   
   1.0562499999999995     0.6437500000000013   
   1.0562499999999995     0.6562500000000012   
   1.0562499999999995     0.6687500000000012   
   1.0562499999999995     0.6812500000000012   
   1.0562499999999995     0.6937500000000012   
   1.0562499999999995     0.7062500000000010   
   1.0562499999999995     0.7187500000000010   
   1.0562499999999995     0.7312500000000011   
   1.0562499999999995     0.7437500000000009   
   1.0562499999999995     0.7562500000000008   
   1.0562499999999995     0.7687500000000008   
   1.0562499999999995     0.7812500000000009   
   1.0562499999999995     0.7937500000000007   
   1.0562499999999995     0.8062500000000007   
   1.0562499999999995     0.8187500000000008   
   1.0562499999999995     0.8312500000000007   
   1.0562499999999995     0.8437500000000006   
   1.0562499999999995     0.8562500000000004   
   1.0562499999999997     0.8687500000000004   
   1.0562499999999997     0.8812500000000004   
   1.0562499999999997     0.8937500000000004   
   1.0562499999999997     0.9062500000000003   
   1.0562499999999997     0.9187500000000004   
   1.0562499999999999     0.9312500000000004   
   1.0562499999999999     0.9437500000000002   
   1.0562499999999999     0.9562500000000002   
   1.0562499999999999     0.9687500000000000   
   1.0562499999999999     0.9812500000000000   
   1.0562499999999999     0.9937499999999999   
   1.0562499999999999     1.0062499999999999   
   1.0562499999999999     1.0187499999999998   
   1.0562499999999999     1.0312499999999996   
   1.0562499999999999     1.0437499999999995   
   1.0562499999999999     1.0562499999999995   
   1.0562499999999999     1.0687499999999996   
   1.0562499999999999     1.0812499999999994   
   1.0562499999999999     1.0937499999999993   
   1.0562499999999999     1.1062499999999995   
   1.0687499999999992     0.5812500000000015   
   1.0687499999999992     0.5937500000000013   
   1.0687499999999992     0.6062500000000014   
   1.0687499999999992     0.6187500000000014   
   1.0687499999999992     0.6312500000000013   
   1.0687499999999992     0.6437500000000013   
   1.0687499999999992     0.6562500000000012   
   1.0687499999999992     0.6687500000000011   
   1.0687499999999992     0.6812500000000011   
   1.0687499999999992     0.6937500000000010   
   1.0687499999999992     0.7062500000000010   
   1.0687499999999992     0.7187500000000011   
   1.0687499999999992     0.7312500000000010   
   1.0687499999999992     0.7437500000000009   
   1.0687499999999994     0.7562500000000009   
   1.0687499999999994     0.7687500000000008   
   1.0687499999999992     0.7812500000000008   
   1.0687499999999994     0.7937500000000006   
   1.0687499999999994     0.8062500000000007   
   1.0687499999999994     0.8187500000000006   
   1.0687499999999994     0.8312500000000007   
   1.0687499999999996     0.8437500000000006   
   1.0687499999999994     0.8562500000000004   
   1.0687499999999996     0.8687500000000004   
   1.0687499999999996     0.8812500000000005   
   1.0687499999999996     0.8937500000000004   
   1.0687499999999996     0.9062500000000003   
   1.0687499999999996     0.9187500000000002   
   1.0687499999999996     0.9312500000000002   
   1.0687499999999996     0.9437500000000000   
   1.0687499999999996     0.9562500000000002   
   1.0687499999999996     0.9687500000000001   
   1.0687499999999996     0.9812499999999998   
   1.0687499999999996     0.9937499999999999   
   1.0687499999999996     1.0062500000000001   
   1.0687499999999996     1.0187500000000000   
   1.0687499999999996     1.0312499999999996   
   1.0687499999999996     1.0437499999999997   
   1.0687499999999996     1.0562499999999997   
   1.0687499999999999     1.0687499999999996   
   1.0687500000000001     1.0812499999999994   
   1.0687500000000001     1.0937499999999996   
   1.0687500000000001     1.1062499999999993   
   1.0812499999999992     0.5812500000000014   
   1.0812499999999992     0.5937500000000013   
   1.0812499999999994     0.6062500000000013   
   1.0812499999999992     0.6187500000000012   
   1.0812499999999989     0.6312500000000012   
   1.0812499999999992     0.6437500000000013   
   1.0812499999999994     0.6562500000000012   
   1.0812499999999994     0.6687500000000012   
   1.0812499999999994     0.6812500000000010   
   1.0812499999999994     0.6937500000000010   
   1.0812499999999994     0.7062500000000009   
   1.0812499999999994     0.7187500000000009   
   1.0812499999999994     0.7312500000000008   
   1.0812499999999994     0.7437500000000008   
   1.0812499999999994     0.7562500000000009   
   1.0812499999999994     0.7687500000000008   
   1.0812499999999994     0.7812500000000007   
   1.0812499999999994     0.7937500000000007   
   1.0812499999999994     0.8062500000000006   
   1.0812499999999994     0.8187500000000005   
   1.0812499999999994     0.8312500000000006   
   1.0812499999999994     0.8437500000000004   
   1.0812499999999994     0.8562500000000004   
   1.0812499999999996     0.8687500000000004   
   1.0812499999999996     0.8812500000000005   
   1.0812499999999996     0.8937500000000004   
   1.0812499999999998     0.9062500000000003   
   1.0812499999999998     0.9187500000000003   
   1.0812499999999996     0.9312500000000001   
   1.0812499999999994     0.9437500000000001   
   1.0812499999999996     0.9562500000000000   
   1.0812499999999998     0.9687499999999999   
   1.0812499999999998     0.9812500000000000   
   1.0812499999999998     0.9937499999999999   
   1.0812499999999998     1.0062499999999996   
   1.0812499999999998     1.0187499999999998   
   1.0812499999999998     1.0312499999999996   
   1.0812499999999998     1.0437499999999997   
   1.0812499999999998     1.0562499999999997   
   1.0812499999999998     1.0687499999999996   
   1.0812499999999998     1.0812499999999996   
   1.0812499999999998     1.0937499999999996   
   1.0812499999999998     1.1062499999999993   
   1.0937499999999991     0.5812500000000014   
   1.0937499999999991     0.5937500000000012   
   1.0937499999999991     0.6062500000000012   
   1.0937499999999991     0.6187500000000011   
   1.0937499999999989     0.6312500000000012   
   1.0937499999999991     0.6437500000000012   
   1.0937499999999991     0.6562500000000011   
   1.0937499999999991     0.6687500000000011   
   1.0937499999999991     0.6812500000000010   
   1.0937499999999991     0.6937500000000010   
   1.0937499999999991     0.7062500000000008   
   1.0937499999999991     0.7187500000000009   
   1.0937499999999991     0.7312500000000008   
   1.0937499999999991     0.7437500000000008   
   1.0937499999999991     0.7562500000000009   
   1.0937499999999991     0.7687500000000007   
   1.0937499999999991     0.7812500000000007   
   1.0937499999999991     0.7937500000000006   
   1.0937499999999991     0.8062500000000006   
   1.0937499999999993     0.8187500000000005   
   1.0937499999999993     0.8312500000000005   
   1.0937499999999991     0.8437500000000004   
   1.0937499999999991     0.8562500000000004   
   1.0937499999999993     0.8687500000000004   
   1.0937499999999993     0.8812500000000003   
   1.0937499999999993     0.8937500000000003   
   1.0937499999999996     0.9062500000000003   
   1.0937499999999996     0.9187500000000004   
   1.0937499999999996     0.9312500000000001   
   1.0937499999999996     0.9437500000000001   
   1.0937499999999996     0.9562500000000000   
   1.0937499999999996     0.9687500000000000   
   1.0937499999999996     0.9812500000000000   
   1.0937499999999996     0.9937499999999998   
   1.0937499999999996     1.0062499999999996   
   1.0937499999999996     1.0187499999999998   
   1.0937499999999996     1.0312499999999998   
   1.0937499999999998     1.0437499999999997   
   1.0937500000000000     1.0562499999999995   
   1.0937499999999998     1.0687499999999996   
   1.0937499999999996     1.0812499999999996   
   1.0937499999999996     1.0937499999999996   
   1.0937499999999998     1.1062499999999993   
   1.1062499999999988     0.5812500000000013   
   1.1062499999999988     0.5937500000000012   
   1.1062499999999988     0.6062500000000013   
   1.1062499999999988     0.6187500000000012   
   1.1062499999999988     0.6312500000000011   
   1.1062499999999991     0.6437500000000010   
   1.1062499999999993     0.6562500000000010   
   1.1062499999999993     0.6687500000000011   
   1.1062499999999993     0.6812500000000010   
   1.1062499999999993     0.6937500000000009   
   1.1062499999999993     0.7062500000000008   
   1.1062499999999993     0.7187500000000009   
   1.1062499999999993     0.7312500000000007   
   1.1062499999999993     0.7437500000000007   
   1.1062499999999993     0.7562500000000008   
   1.1062499999999993     0.7687500000000007   
   1.1062499999999993     0.7812500000000006   
   1.1062499999999993     0.7937500000000005   
   1.1062499999999993     0.8062500000000006   
   1.1062499999999993     0.8187500000000005   
   1.1062499999999993     0.8312500000000004   
   1.1062499999999993     0.8437500000000004   
   1.1062499999999993     0.8562500000000005   
   1.1062499999999993     0.8687500000000004   
   1.1062499999999993     0.8812500000000002   
   1.1062499999999993     0.8937500000000002   
   1.1062499999999993     0.9062500000000002   
   1.1062499999999995     0.9187500000000002   
   1.1062499999999995     0.9312500000000001   
   1.1062499999999995     0.9437500000000001   
   1.1062499999999997     0.9562499999999998   
   1.1062499999999997     0.9687499999999999   
   1.1062499999999997     0.9812499999999998   
   1.1062499999999997     0.9937499999999998   
   1.1062499999999997     1.0062499999999996   
   1.1062499999999997     1.0187499999999998   
   1.1062499999999997     1.0312499999999996   
   1.1062499999999997     1.0437499999999997   
   1.1062499999999997     1.0562499999999995   
   1.1062499999999997     1.0687499999999996   
   1.1062499999999997     1.0812499999999994   
   1.1062499999999997     1.0937499999999993   
   1.1062499999999997     1.1062499999999995   
   1.1187499999999990     0.5812500000000013   
   1.1187499999999990     0.5937500000000012   
   1.1187499999999990     0.6062500000000012   
   1.1187499999999990     0.6187500000000011   
   1.1187499999999990     0.6312500000000011   
   1.1187499999999990     0.6437500000000010   
   1.1187499999999990     0.6562500000000010   
   1.1187499999999990     0.6687500000000010   
   1.1187499999999990     0.6812500000000009   
   1.1187499999999990     0.6937500000000008   
   1.1187499999999990     0.7062500000000008   
   1.1187499999999990     0.7187500000000009   
   1.1187499999999990     0.7312500000000007   
   1.1187499999999990     0.7437500000000007   
   1.1187499999999990     0.7562500000000005   
   1.1187499999999990     0.7687500000000007   
   1.1187499999999990     0.7812500000000007   
   1.1187499999999992     0.7937500000000005   
   1.1187499999999992     0.8062500000000005   
   1.1187499999999992     0.8187500000000004   
   1.1187499999999995     0.8312500000000005   
   1.1187499999999995     0.8437500000000003   
   1.1187499999999992     0.8562500000000004   
   1.1187499999999992     0.8687500000000004   
   1.1187499999999995     0.8812500000000002   
   1.1187499999999995     0.8937500000000002   
   1.1187499999999995     0.9062500000000000   
   1.1187499999999995     0.9187500000000000   
   1.1187499999999995     0.9312500000000001   
   1.1187499999999995     0.9437500000000000   
   1.1187499999999995     0.9562499999999998   
   1.1187499999999995     0.9687500000000000   
   1.1187499999999995     0.9812499999999998   
   1.1187499999999995     0.9937499999999997   
   1.1187499999999995     1.0062499999999996   
   1.1187499999999995     1.0187499999999998   
   1.1187499999999995     1.0312499999999998   
   1.1187499999999995     1.0437499999999997   
   1.1187499999999997     1.0562499999999995   
   1.1187499999999997     1.0687499999999994   
   1.1187499999999997     1.0812499999999994   
   1.1187499999999997     1.0937499999999996   
   1.1187499999999995     1.1062499999999995   
   1.1312499999999992     0.7062500000000009   
   1.1312499999999992     0.7187500000000009   
   1.1312499999999992     0.7312500000000007   
   1.1312499999999992     0.7437500000000006   
   1.1312499999999992     0.7562500000000006   
   1.1312499999999992     0.7687500000000007   
   1.1312499999999992     0.7812500000000007   
   1.1312499999999992     0.7937500000000005   
   1.1312499999999992     0.8062500000000005   
   1.1312499999999992     0.8187500000000005   
   1.1312499999999992     0.8312500000000004   
   1.1312499999999994     0.8437500000000003   
   1.1312499999999994     0.8562500000000004   
   1.1312499999999994     0.8687500000000004   
   1.1312499999999994     0.8812500000000002   
   1.1312499999999994     0.8937500000000000   
   1.1312499999999994     0.9062500000000001   
   1.1312499999999994     0.9187500000000002   
   1.1312499999999994     0.9312500000000001   
   1.1312499999999994     0.9437500000000000   
   1.1312499999999996     0.9562499999999999   
   1.1312499999999996     0.9687500000000000   
   1.1312499999999996     0.9812499999999998   
   1.1312499999999996     0.9937499999999997   
   1.1312499999999996     1.0062499999999996   
   1.1312499999999996     1.0187499999999998   
   1.1312499999999996     1.0312499999999996   
   1.1312499999999996     1.0437499999999997   
   1.1312499999999996     1.0562499999999995   
   1.1312499999999996     1.0687499999999996   
   1.1312499999999996     1.0812499999999996   
   1.1312499999999996     1.0937499999999996   
   1.1312499999999996     1.1062499999999993   
   1.1437499999999989     0.7062500000000008   
   1.1437499999999989     0.7187500000000009   
   1.1437499999999989     0.7312500000000007   
   1.1437499999999989     0.7437500000000007   
   1.1437499999999989     0.7562500000000006   
   1.1437499999999992     0.7687500000000007   
   1.1437499999999992     0.7812500000000006   
   1.1437499999999989     0.7937500000000005   
   1.1437499999999992     0.8062500000000006   
   1.1437499999999994     0.8187500000000005   
   1.1437499999999994     0.8312500000000005   
   1.1437499999999994     0.8437500000000003   
   1.1437499999999992     0.8562500000000004   
   1.1437499999999994     0.8687500000000004   
   1.1437499999999994     0.8812500000000003   
   1.1437499999999994     0.8937500000000002   
   1.1437499999999994     0.9062500000000000   
   1.1437499999999994     0.9187500000000002   
   1.1437499999999994     0.9312500000000001   
   1.1437499999999994     0.9437500000000000   
   1.1437499999999994     0.9562500000000000   
   1.1437499999999994     0.9687499999999999   
   1.1437499999999994     0.9812500000000000   
   1.1437499999999994     0.9937499999999998   
   1.1437499999999994     1.0062499999999996   
   1.1437499999999994     1.0187499999999996   
   1.1437499999999994     1.0312499999999996   
   1.1437499999999994     1.0437499999999995   
   1.1437499999999996     1.0562499999999995   
   1.1437499999999996     1.0687499999999994   
   1.1437499999999996     1.0812499999999994   
   1.1437499999999996     1.0937499999999993   
   1.1437499999999996     1.1062499999999993   
   1.1562499999999991     0.7062500000000009   
   1.1562499999999991     0.7187500000000009   
   1.1562499999999991     0.7312500000000007   
   1.1562499999999991     0.7437500000000006   
   1.1562499999999991     0.7562500000000005   
   1.1562499999999991     0.7687500000000006   
   1.1562499999999991     0.7812500000000007   
   1.1562499999999991     0.7937500000000005   
   1.1562499999999991     0.8062500000000004   
   1.1562499999999991     0.8187500000000005   
   1.1562499999999993     0.8312500000000004   
   1.1562499999999993     0.8437500000000003   
   1.1562499999999991     0.8562500000000004   
   1.1562499999999993     0.8687500000000004   
   1.1562499999999996     0.8812500000000002   
   1.1562499999999993     0.8937500000000000   
   1.1562499999999993     0.9062500000000001   
   1.1562499999999993     0.9187500000000002   
   1.1562499999999993     0.9312500000000001   
   1.1562499999999996     0.9437500000000000   
   1.1562499999999996     0.9562499999999998   
   1.1562499999999996     0.9687499999999998   
   1.1562499999999996     0.9812499999999998   
   1.1562499999999996     0.9937499999999998   
   1.1562499999999996     1.0062499999999996   
   1.1562499999999996     1.0187499999999996   
   1.1562499999999996     1.0312499999999996   
   1.1562499999999996     1.0437499999999997   
   1.1562499999999996     1.0562499999999997   
   1.1562499999999996     1.0687499999999996   
   1.1562499999999996     1.0812499999999994   
   1.1562499999999996     1.0937499999999996   
   1.1562499999999996     1.1062499999999993   
   1.1687499999999988     0.7312500000000007   
   1.1687499999999988     0.7437500000000007   
   1.1687499999999988     0.7562500000000006   
   1.1687499999999988     0.7687500000000007   
   1.1687499999999988     0.7812500000000006   
   1.1687499999999988     0.7937500000000004   
   1.1687499999999988     0.8062500000000005   
   1.1687499999999988     0.8187500000000005   
   1.1687499999999991     0.8312500000000004   
   1.1687499999999991     0.8437500000000003   
   1.1687499999999988     0.8562500000000004   
   1.1687499999999991     0.8687500000000004   
   1.1687499999999993     0.8812500000000002   
   1.1687499999999993     0.8937500000000002   
   1.1687499999999993     0.9062500000000002   
   1.1687499999999993     0.9187500000000001   
   1.1687499999999993     0.9312499999999998   
   1.1687499999999993     0.9437499999999999   
   1.1687499999999993     0.9562499999999999   
   1.1687499999999993     0.9687500000000000   
   1.1687499999999993     0.9812499999999998   
   1.1687499999999993     0.9937499999999997   
   1.1687499999999993     1.0062499999999996   
   1.1687499999999993     1.0187499999999998   
   1.1687499999999993     1.0312499999999998   
   1.1687499999999993     1.0437499999999997   
   1.1687499999999993     1.0562499999999997   
   1.1687499999999995     1.0687499999999996   
   1.1687499999999995     1.0812499999999994   
   1.1687499999999993     1.0937499999999996   
   1.1687499999999993     1.1062499999999993   
   1.1812499999999990     0.7312500000000006   
   1.1812499999999990     0.7437500000000006   
   1.1812499999999990     0.7562500000000005   
   1.1812499999999990     0.7687500000000005   
   1.1812499999999990     0.7812500000000004   
   1.1812499999999990     0.7937500000000005   
   1.1812499999999990     0.8062500000000004   
   1.1812499999999990     0.8187500000000004   
   1.1812499999999990     0.8312500000000004   
   1.1812499999999990     0.8437500000000003   
   1.1812499999999990     0.8562500000000002   
   1.1812499999999990     0.8687500000000002   
   1.1812499999999990     0.8812500000000001   
   1.1812499999999990     0.8937500000000002   
   1.1812499999999992     0.9062500000000000   
   1.1812499999999995     0.9187500000000000   
   1.1812499999999995     0.9312499999999997   
   1.1812499999999995     0.9437499999999999   
   1.1812499999999992     0.9562499999999999   
   1.1812499999999992     0.9687500000000000   
   1.1812499999999995     0.9812499999999997   
   1.1812499999999995     0.9937499999999998   
   1.1812499999999995     1.0062499999999996   
   1.1812499999999995     1.0187499999999998   
   1.1812499999999995     1.0312499999999996   
   1.1812499999999995     1.0437499999999995   
   1.1812499999999995     1.0562499999999995   
   1.1812499999999995     1.0687499999999996   
   1.1812499999999995     1.0812499999999996   
   1.1812499999999995     1.0937499999999996   
   1.1812499999999995     1.1062499999999995   
   1.1937499999999988     0.7687500000000004   
   1.1937499999999990     0.7812500000000004   
   1.1937499999999990     0.7937500000000005   
   1.1937499999999990     0.8062500000000004   
   1.1937499999999990     0.8187500000000003   
   1.1937499999999990     0.8312500000000004   
   1.1937499999999992     0.8437500000000002   
   1.1937499999999990     0.8562500000000003   
   1.1937499999999990     0.8687500000000001   
   1.1937499999999992     0.8812500000000001   
   1.1937499999999992     0.8937500000000000   
   1.1937499999999992     0.9062499999999999   
   1.1937499999999992     0.9187500000000001   
   1.1937499999999992     0.9312500000000000   
   1.1937499999999992     0.9437499999999999   
   1.1937499999999992     0.9562499999999998   
   1.1937499999999992     0.9687499999999998   
   1.1937499999999992     0.9812499999999996   
   1.1937499999999992     0.9937499999999997   
   1.1937499999999992     1.0062499999999996   
   1.1937499999999992     1.0187499999999998   
   1.1937499999999994     1.0312499999999996   
   1.1937499999999994     1.0437499999999995   
   1.1937499999999992     1.0562499999999995   
   1.1937499999999992     1.0687499999999996   
   1.1937499999999992     1.0812499999999994   
   1.1937499999999992     1.0937499999999993   
   1.1937499999999994     1.1062499999999993   
   1.2062499999999989     0.7812500000000004   
   1.2062499999999989     0.7937500000000004   
   1.2062499999999989     0.8062500000000004   
   1.2062499999999989     0.8187500000000003   
   1.2062499999999989     0.8312500000000002   
   1.2062499999999989     0.8437500000000002   
   1.2062499999999989     0.8562500000000004   
   1.2062499999999992     0.8687500000000004   
   1.2062499999999992     0.8812500000000001   
   1.2062499999999992     0.8937499999999998   
   1.2062499999999994     0.9062499999999998   
   1.2062499999999994     0.9187500000000000   
   1.2062499999999994     0.9312500000000001   
   1.2062499999999992     0.9437499999999999   
   1.2062499999999992     0.9562499999999998   
   1.2062499999999992     0.9687499999999997   
   1.2062499999999992     0.9812499999999995   
   1.2062499999999994     0.9937499999999997   
   1.2062499999999994     1.0062499999999996   
   1.2062499999999994     1.0187499999999996   
   1.2062499999999994     1.0312499999999998   
   1.2062499999999994     1.0437499999999995   
   1.2062499999999994     1.0562499999999995   
   1.2062499999999994     1.0687499999999994   
   1.2062499999999994     1.0812499999999994   
   1.2062499999999994     1.0937499999999996   
   1.2062499999999994     1.1062499999999993   
   1.2187499999999989     0.7812500000000003   
   1.2187499999999989     0.7937500000000003   
   1.2187499999999987     0.8062500000000004   
   1.2187499999999989     0.8187500000000002   
   1.2187499999999989     0.8312500000000002   
   1.2187499999999989     0.8437500000000000   
   1.2187499999999989     0.8562500000000002   
   1.2187499999999991     0.8687500000000002   
   1.2187499999999991     0.8812500000000001   
   1.2187499999999991     0.8937499999999999   
   1.2187499999999991     0.9062499999999998   
   1.2187499999999991     0.9187500000000000   
   1.2187499999999991     0.9312499999999999   
   1.2187499999999991     0.9437499999999999   
   1.2187499999999991     0.9562499999999997   
   1.2187499999999991     0.9687499999999998   
   1.2187499999999991     0.9812499999999997   
   1.2187499999999991     0.9937499999999997   
   1.2187499999999991     1.0062499999999996   
   1.2187499999999993     1.0187499999999996   
   1.2187499999999993     1.0312499999999996   
   1.2187499999999993     1.0437499999999997   
   1.2187499999999993     1.0562499999999995   
   1.2187499999999991     1.0687499999999992   
   1.2187499999999993     1.0812499999999992   
   1.2187499999999993     1.0937499999999991   
   1.2312499999999991     0.7812500000000003   
   1.2312499999999991     0.7937500000000004   
   1.2312499999999988     0.8062500000000002   
   1.2312499999999988     0.8187500000000002   
   1.2312499999999988     0.8312500000000002   
   1.2312499999999988     0.8437500000000001   
   1.2312499999999988     0.8562500000000002   
   1.2312499999999988     0.8687500000000001   
   1.2312499999999991     0.8812500000000001   
   1.2312499999999993     0.8937500000000000   
   1.2312499999999991     0.9062500000000000   
   1.2312499999999991     0.9187500000000000   
   1.2312499999999993     0.9312499999999998   
   1.2312499999999993     0.9437499999999996   
   1.2312499999999993     0.9562499999999996   
   1.2312499999999993     0.9687499999999998   
   1.2312499999999993     0.9812499999999997   
   1.2312499999999993     0.9937499999999995   
   1.2312499999999993     1.0062499999999994   
   1.2312499999999993     1.0187499999999994   
   1.2312499999999993     1.0312499999999996   
   1.2312499999999993     1.0437499999999995   
   1.2312499999999993     1.0562499999999995   
   1.2312499999999993     1.0687499999999992   
   1.2312499999999995     1.0812499999999992   
   1.2312499999999995     1.0937499999999991   
   1.2437499999999990     0.7812500000000004   
   1.2437499999999990     0.7937500000000004   
   1.2437499999999990     0.8062500000000001   
   1.2437499999999990     0.8187500000000002   
   1.2437499999999990     0.8312500000000002   
   1.2437499999999990     0.8437500000000002   
   1.2437499999999988     0.8562500000000002   
   1.2437499999999986     0.8687500000000001   
   1.2437499999999990     0.8812500000000000   
   1.2437499999999990     0.8937499999999998   
   1.2437499999999990     0.9062500000000000   
   1.2437499999999990     0.9187499999999998   
   1.2437499999999990     0.9312499999999997   
   1.2437499999999990     0.9437499999999998   
   1.2437499999999990     0.9562499999999996   
   1.2437499999999990     0.9687499999999998   
   1.2437499999999990     0.9812499999999996   
   1.2437499999999990     0.9937499999999996   
   1.2437499999999990     1.0062499999999996   
   1.2437499999999990     1.0187499999999994   
   1.2437499999999990     1.0312499999999993   
   1.2437499999999990     1.0437499999999993   
   1.2437499999999990     1.0562499999999992   
   1.2437499999999990     1.0687499999999992   
   1.2437499999999992     1.0812499999999994   
   1.2437499999999992     1.0937499999999991   
   1.2562499999999988     0.7812500000000003   
   1.2562499999999988     0.7937500000000003   
   1.2562499999999988     0.8062500000000004   
   1.2562499999999988     0.8187500000000002   
   1.2562499999999988     0.8312500000000002   
   1.2562499999999988     0.8437500000000001   
   1.2562499999999988     0.8562500000000002   
   1.2562499999999988     0.8687500000000001   
   1.2562499999999988     0.8812500000000000   
   1.2562499999999990     0.8937499999999999   
   1.2562499999999992     0.9062499999999999   
   1.2562499999999992     0.9187499999999998   
   1.2562499999999992     0.9312499999999999   
   1.2562499999999992     0.9437499999999998   
   1.2562499999999992     0.9562499999999998   
   1.2562499999999992     0.9687499999999997   
   1.2562499999999992     0.9812499999999995   
   1.2562499999999992     0.9937499999999996   
   1.2562499999999992     1.0062499999999996   
   1.2562499999999992     1.0187499999999994   
   1.2562499999999992     1.0312499999999993   
   1.2562499999999992     1.0437499999999993   
   1.2562499999999992     1.0562499999999992   
   1.2562499999999992     1.0687499999999992   
   1.2562499999999992     1.0812499999999994   
   1.2562499999999992     1.0937499999999991   
   1.2687499999999989     0.7812500000000002   
   1.2687499999999987     0.7937500000000003   
   1.2687499999999985     0.8062500000000004   
   1.2687499999999987     0.8187500000000002   
   1.2687499999999987     0.8312500000000000   
   1.2687499999999985     0.8437500000000001   
   1.2687499999999985     0.8562500000000002   
   1.2687499999999987     0.8687500000000001   
   1.2687499999999989     0.8812500000000000   
   1.2687499999999989     0.8937499999999999   
   1.2687499999999989     0.9062499999999998   
   1.2687499999999989     0.9187499999999997   
   1.2687499999999989     0.9312499999999999   
   1.2687499999999989     0.9437499999999999   
   1.2687499999999989     0.9562499999999997   
   1.2687499999999989     0.9687499999999997   
   1.2687499999999989     0.9812499999999995   
   1.2687499999999989     0.9937499999999996   
   1.2687499999999989     1.0062499999999994   
   1.2687499999999989     1.0187499999999996   
   1.2687499999999989     1.0312499999999996   
   1.2687499999999989     1.0437499999999993   
   1.2687499999999989     1.0562499999999992   
   1.2687499999999989     1.0687499999999992   
   1.2812499999999987     0.7812500000000003   
   1.2812499999999987     0.7937500000000003   
   1.2812499999999987     0.8062500000000004   
   1.2812499999999987     0.8187500000000003   
   1.2812499999999987     0.8312500000000002   
   1.2812499999999987     0.8437500000000002   
   1.2812499999999987     0.8562500000000002   
   1.2812499999999989     0.8687500000000001   
   1.2812499999999991     0.8812500000000000   
   1.2812499999999989     0.8937499999999998   
   1.2812499999999989     0.9062500000000000   
   1.2812499999999989     0.9187499999999998   
   1.2812499999999989     0.9312499999999999   
   1.2812499999999991     0.9437499999999999   
   1.2812499999999991     0.9562499999999996   
   1.2812499999999991     0.9687499999999997   
   1.2812499999999991     0.9812499999999997   
   1.2812499999999991     0.9937499999999997   
   1.2812499999999991     1.0062499999999994   
   1.2812499999999991     1.0187499999999994   
   1.2812499999999991     1.0312499999999996   
   1.2812499999999991     1.0437499999999995   
   1.2812499999999991     1.0562499999999995   
   1.2812499999999991     1.0687499999999992   
   1.2937499999999986     0.7812500000000003   
   1.2937499999999988     0.7937500000000004   
   1.2937499999999988     0.8062500000000004   
   1.2937499999999988     0.8187500000000001   
   1.2937499999999986     0.8312500000000000   
   1.2937499999999986     0.8437500000000000   
   1.2937499999999986     0.8562500000000002   
   1.2937499999999988     0.8687500000000000   
   1.2937499999999988     0.8812499999999999   
   1.2937499999999986     0.8937499999999999   
   1.2937499999999988     0.9062500000000000   
   1.2937499999999988     0.9187500000000000   
   1.2937499999999988     0.9312499999999999   
   1.2937499999999988     0.9437499999999998   
   1.2937499999999988     0.9562499999999998   
   1.2937499999999988     0.9687499999999997   
   1.2937499999999988     0.9812499999999996   
   1.2937499999999988     0.9937499999999996   
   1.2937499999999988     1.0062499999999994   
   1.2937499999999988     1.0187499999999994   
   1.2937499999999988     1.0312499999999993   
   1.2937499999999988     1.0437499999999993   
   1.2937499999999988     1.0562499999999992   
   1.2937499999999991     1.0687499999999994   
   1.3062499999999986     0.7812500000000003   
   1.3062499999999988     0.7937500000000002   
   1.3062499999999988     0.8062500000000002   
   1.3062499999999986     0.8187500000000001   
   1.3062499999999986     0.8312500000000000   
   1.3062499999999986     0.8437500000000001   
   1.3062499999999986     0.8562500000000002   
   1.3062499999999988     0.8687500000000001   
   1.3062499999999990     0.8812500000000000   
   1.3062499999999988     0.8937499999999999   
   1.3062499999999988     0.9062499999999999   
   1.3062499999999990     0.9187499999999998   
   1.3062499999999990     0.9312499999999998   
   1.3062499999999988     0.9437499999999999   
   1.3062499999999988     0.9562499999999998   
   1.3062499999999990     0.9687499999999998   
   1.3062499999999990     0.9812499999999996   
   1.3062499999999990     0.9937499999999996   
   1.3062499999999990     1.0062499999999996   
   1.3062499999999990     1.0187499999999994   
   1.3062499999999990     1.0312499999999993   
   1.3062499999999990     1.0437499999999993   
   1.3062499999999990     1.0562499999999995   
   1.3062499999999990     1.0687499999999992   
   1.3187499999999983     0.7812500000000003   
   1.3187499999999985     0.7937500000000003   
   1.3187499999999988     0.8062500000000004   
   1.3187499999999988     0.8187500000000002   
   1.3187499999999988     0.8312500000000000   
   1.3187499999999988     0.8437500000000001   
   1.3187499999999985     0.8562500000000002   
   1.3187499999999985     0.8687500000000001   
   1.3187499999999988     0.8812500000000000   
   1.3187499999999988     0.8937500000000000   
   1.3187499999999988     0.9062500000000000   
   1.3187499999999988     0.9187499999999998   
   1.3187499999999988     0.9312499999999997   
   1.3187499999999988     0.9437499999999998   
   1.3187499999999988     0.9562499999999998   
   1.3187499999999988     0.9687499999999997   
   1.3187499999999988     0.9812499999999995   
   1.3187499999999988     0.9937499999999997   
   1.3187499999999988     1.0062499999999996   
   1.3312499999999985     0.7812500000000003   
   1.3312499999999985     0.7937500000000002   
   1.3312499999999985     0.8062500000000002   
   1.3312499999999985     0.8187500000000002   
   1.3312499999999985     0.8312500000000000   
   1.3312499999999985     0.8437500000000001   
   1.3312499999999985     0.8562500000000002   
   1.3312499999999985     0.8687500000000001   
   1.3312499999999985     0.8812500000000000   
   1.3312499999999985     0.8937499999999999   
   1.3312499999999985     0.9062500000000000   
   1.3312499999999987     0.9187499999999998   
   1.3312499999999989     0.9312499999999997   
   1.3312499999999989     0.9437499999999998   
   1.3312499999999989     0.9562499999999997   
   1.3312499999999989     0.9687499999999998   
   1.3312499999999989     0.9812499999999996   
   1.3312499999999989     0.9937499999999996   
   1.3312499999999989     1.0062499999999996   
   1.3437499999999982     0.7812500000000002   
   1.3437499999999982     0.7937500000000002   
   1.3437499999999987     0.8062500000000004   
   1.3437499999999987     0.8187500000000002   
   1.3437499999999984     0.8312500000000002   
   1.3437499999999982     0.8437500000000000   
   1.3437499999999982     0.8562500000000002   
   1.3437499999999987     0.8687500000000001   
   1.3437499999999987     0.8812500000000000   
   1.3437499999999987     0.8937499999999999   
   1.3437499999999987     0.9062499999999999   
   1.3437499999999987     0.9187499999999998   
   1.3437499999999987     0.9312499999999998   
   1.3437499999999987     0.9437499999999996   
   1.3437499999999987     0.9562499999999996   
   1.3437499999999987     0.9687499999999997   
   1.3437499999999987     0.9812499999999996   
   1.3437499999999987     0.9937499999999995   
   1.3437499999999987     1.0062499999999996   
   1.3562499999999984     0.7812500000000002   
   1.3562499999999984     0.7937500000000002   
   1.3562499999999986     0.8062500000000002   
   1.3562499999999986     0.8187500000000001   
   1.3562499999999984     0.8312500000000000   
   1.3562499999999984     0.8437500000000000   
   1.3562499999999984     0.8562500000000001   
   1.3562499999999986     0.8687500000000001   
   1.3562499999999986     0.8812500000000000   
   1.3562499999999986     0.8937500000000000   
   1.3562499999999986     0.9062500000000000   
   1.3562499999999986     0.9187499999999998   
   1.3562499999999986     0.9312499999999998   
   1.3562499999999986     0.9437499999999996   
   1.3562499999999986     0.9562499999999998   
   1.3562499999999986     0.9687499999999997   
   1.3562499999999986     0.9812499999999995   
   1.3687499999999986     0.7812500000000002   
   1.3687499999999984     0.7937500000000003   
   1.3687499999999986     0.8062500000000001   
   1.3687499999999986     0.8187500000000001   
   1.3687499999999981     0.8312500000000002   
   1.3687499999999986     0.8437500000000001   
   1.3687499999999986     0.8562500000000002   
   1.3687499999999986     0.8687500000000000   
   1.3687499999999986     0.8812499999999999   
   1.3687499999999986     0.8937499999999999   
   1.3687499999999986     0.9062499999999999   
   1.3687499999999986     0.9187499999999996   
   1.3687499999999986     0.9312499999999997   
   1.3687499999999986     0.9437499999999996   
   1.3687499999999986     0.9562499999999996   
   1.3687499999999986     0.9687499999999996   
   1.3687499999999986     0.9812499999999995   
   1.3812499999999983     0.7812500000000003   
   1.3812499999999983     0.7937500000000002   
   1.3812499999999983     0.8062500000000001   
   1.3812499999999983     0.8187500000000001   
   1.3812499999999983     0.8312500000000002   
   1.3812499999999985     0.8437500000000000   
   1.3812499999999983     0.8562500000000002   
   1.3812499999999983     0.8687500000000001   
   1.3812499999999983     0.8812499999999999   
   1.3812499999999983     0.8937499999999998   
   1.3812499999999983     0.9062499999999998   
   1.3812499999999988     0.9187499999999996   
   1.3812499999999983     0.9312499999999996   
   1.3812499999999983     0.9437499999999996   
   1.3812499999999983     0.9562499999999995   
   1.3812499999999983     0.9687499999999994   
   1.3812499999999983     0.9812499999999994   
   1.3937499999999983     0.7812500000000002   
   1.3937499999999983     0.7937500000000002   
   1.3937499999999983     0.8062500000000000   
   1.3937499999999983     0.8187500000000001   
   1.3937499999999985     0.8312500000000000   
   1.3937499999999985     0.8437499999999999   
   1.3937499999999985     0.8562500000000000   
   1.3937499999999983     0.8687499999999998   
   1.3937499999999983     0.8812499999999996   
   1.3937499999999983     0.8937499999999998   
   1.3937499999999985     0.9062499999999998   
   1.3937499999999985     0.9187499999999996   
   1.3937499999999985     0.9312499999999997   
   1.3937499999999985     0.9437499999999996   
   1.3937499999999985     0.9562499999999996   
   1.3937499999999985     0.9687499999999996   
   1.3937499999999985     0.9812499999999995   
   1.4062499999999982     0.8062500000000000   
   1.4062499999999982     0.8187500000000001   
   1.4062499999999982     0.8312500000000000   
   1.4062499999999982     0.8437500000000000   
   1.4062499999999982     0.8562500000000000   
   1.4062499999999982     0.8687499999999998   
   1.4062499999999982     0.8812499999999998   
   1.4062499999999982     0.8937499999999998   
   1.4062499999999982     0.9062499999999998   
   1.4062499999999982     0.9187499999999995   
   1.4062499999999982     0.9312499999999997   
   1.4062499999999982     0.9437499999999995   
   1.4062499999999982     0.9562499999999995   
   1.4062499999999982     0.9687499999999996   
   1.4062499999999982     0.9812499999999995   
   1.4187499999999984     0.8062500000000000   
   1.4187499999999980     0.8187500000000000   
   1.4187499999999980     0.8312499999999999   
   1.4187499999999980     0.8437499999999999   
   1.4187499999999982     0.8562500000000000   
   1.4187499999999984     0.8687499999999998   
   1.4187499999999984     0.8812499999999996   
   1.4187499999999984     0.8937499999999998   
   1.4187499999999984     0.9062499999999998   
   1.4187499999999984     0.9187499999999996   
   1.4187499999999984     0.9312499999999997   
   1.4187499999999984     0.9437499999999996   
   1.4187499999999984     0.9562499999999995   
   1.4187499999999984     0.9687499999999994   
   1.4187499999999984     0.9812499999999994   
   1.4312499999999986     0.8062500000000000   
   1.4312499999999979     0.8187500000000000   
   1.4312499999999981     0.8312499999999998   
   1.4312499999999981     0.8437499999999998   
   1.4312499999999979     0.8562499999999998   
   1.4312499999999986     0.8687499999999998   
   1.4312499999999986     0.8812499999999996   
   1.4312499999999986     0.8937499999999997   
   1.4312499999999986     0.9062499999999998   
   1.4312499999999986     0.9187499999999996   
   1.4312499999999986     0.9312499999999997   
   1.4312499999999986     0.9437499999999996   
   1.4312499999999986     0.9562499999999995   
   1.4312499999999986     0.9687499999999994   
   1.4312499999999986     0.9812499999999993   
