   1.6687499999999980     0.9812499999999992   
   1.6687499999999980     0.9937499999999989   
   1.6687499999999980     1.0062499999999988   
   1.6687499999999980     1.0187499999999987   
   1.6687499999999980     1.0312499999999987   
   1.6687499999999980     1.0437499999999988   
   1.6687499999999980     1.0562499999999986   
   1.6687499999999980     1.0687499999999988   
   1.6687499999999980     1.0812499999999985   
   1.6687499999999980     1.0937499999999984   
   1.6687499999999984     1.1062499999999984   
   1.6687499999999980     1.1187499999999986   
   1.6687499999999980     1.1312499999999983   
   1.6687499999999980     1.1437499999999983   
   1.6687499999999980     1.1562499999999984   
   1.6687499999999984     1.1687499999999984   
   1.6687499999999984     1.1812499999999981   
   1.6687499999999984     1.1937499999999981   
   1.6687499999999982     1.2062499999999980   
   1.6687499999999984     1.2187499999999980   
   1.6687499999999984     1.2312499999999984   
   1.6687499999999984     1.2437499999999984   
   1.6687499999999986     1.2562499999999979   
   1.6687499999999986     1.2687499999999980   
   1.6687499999999986     1.2812499999999978   
   1.6687499999999986     1.2937499999999977   
   1.6687499999999986     1.3062499999999981   
   1.6687499999999986     1.3187499999999981   
   1.6687499999999986     1.3312499999999976   
   1.6687499999999986     1.3437499999999978   
   1.6687499999999986     1.3562499999999975   
   1.6687499999999988     1.3687499999999975   
   1.6687499999999986     1.3812499999999979   
   1.6687499999999986     1.3937499999999976   
   1.6687499999999988     1.4062499999999973   
   1.6687499999999986     1.4187499999999975   
   1.6687499999999986     1.4312499999999972   
   1.6687499999999988     1.4437499999999972   
   1.6687499999999988     1.4562499999999976   
   1.6687499999999988     1.4687499999999973   
   1.6687499999999988     1.4812499999999971   
   1.6687499999999991     1.4937499999999972   
   1.6687499999999988     1.5062499999999970   
   1.6687499999999988     1.5187499999999972   
   1.6687499999999988     1.5312499999999971   
   1.6687499999999988     1.5437499999999971   
   1.6812499999999979     0.9812499999999991   
   1.6812499999999979     0.9937499999999988   
   1.6812499999999981     1.0062499999999988   
   1.6812499999999981     1.0187499999999989   
   1.6812499999999979     1.0312499999999987   
   1.6812499999999979     1.0437499999999988   
   1.6812499999999981     1.0562499999999986   
   1.6812499999999981     1.0687499999999985   
   1.6812499999999981     1.0812499999999987   
   1.6812499999999981     1.0937499999999987   
   1.6812499999999981     1.1062499999999984   
   1.6812499999999981     1.1187499999999984   
   1.6812499999999981     1.1312499999999983   
   1.6812499999999984     1.1437499999999985   
   1.6812499999999984     1.1562499999999984   
   1.6812499999999981     1.1687499999999984   
   1.6812499999999981     1.1812499999999986   
   1.6812499999999984     1.1937499999999981   
   1.6812499999999984     1.2062499999999983   
   1.6812499999999984     1.2187499999999982   
   1.6812499999999984     1.2312499999999984   
   1.6812499999999984     1.2437499999999984   
   1.6812499999999986     1.2562499999999981   
   1.6812499999999986     1.2687499999999978   
   1.6812499999999986     1.2812499999999978   
   1.6812499999999986     1.2937499999999977   
   1.6812499999999986     1.3062499999999979   
   1.6812499999999986     1.3187499999999979   
   1.6812499999999988     1.3312499999999976   
   1.6812499999999988     1.3437499999999976   
   1.6812499999999988     1.3562499999999975   
   1.6812499999999988     1.3687499999999975   
   1.6812499999999986     1.3812499999999976   
   1.6812499999999986     1.3937499999999976   
   1.6812499999999988     1.4062499999999973   
   1.6812499999999988     1.4187499999999973   
   1.6812499999999988     1.4312499999999972   
   1.6812499999999988     1.4437499999999974   
   1.6812499999999988     1.4562499999999972   
   1.6812499999999990     1.4687499999999971   
   1.6812499999999990     1.4812499999999971   
   1.6812499999999990     1.4937499999999970   
   1.6812499999999990     1.5062499999999972   
   1.6812499999999990     1.5187499999999972   
   1.6812499999999990     1.5312499999999971   
   1.6812499999999990     1.5437499999999971   
   1.6937499999999979     0.9812499999999990   
   1.6937499999999979     0.9937499999999988   
   1.6937499999999981     1.0062499999999988   
   1.6937499999999981     1.0187499999999989   
   1.6937499999999979     1.0312499999999987   
   1.6937499999999979     1.0437499999999986   
   1.6937499999999981     1.0562499999999986   
   1.6937499999999983     1.0687499999999985   
   1.6937499999999983     1.0812499999999987   
   1.6937499999999981     1.0937499999999987   
   1.6937499999999983     1.1062499999999986   
   1.6937499999999981     1.1187499999999986   
   1.6937499999999983     1.1312499999999985   
   1.6937499999999983     1.1437499999999985   
   1.6937499999999983     1.1562499999999982   
   1.6937499999999981     1.1687499999999984   
   1.6937499999999983     1.1812499999999986   
   1.6937499999999983     1.1937499999999983   
   1.6937499999999983     1.2062499999999983   
   1.6937499999999983     1.2187499999999982   
   1.6937499999999983     1.2312499999999982   
   1.6937499999999983     1.2437499999999981   
   1.6937499999999983     1.2562499999999981   
   1.6937499999999985     1.2687499999999980   
   1.6937499999999988     1.2812499999999978   
   1.6937499999999983     1.2937499999999977   
   1.6937499999999985     1.3062499999999977   
   1.6937499999999988     1.3187499999999974   
   1.6937499999999988     1.3312499999999976   
   1.6937499999999988     1.3437499999999976   
   1.6937499999999988     1.3562499999999977   
   1.6937499999999988     1.3687499999999977   
   1.6937499999999988     1.3812499999999974   
   1.6937499999999988     1.3937499999999974   
   1.6937499999999988     1.4062499999999973   
   1.6937499999999988     1.4187499999999975   
   1.6937499999999988     1.4312499999999972   
   1.6937499999999988     1.4437499999999972   
   1.6937499999999988     1.4562499999999972   
   1.6937499999999990     1.4687499999999969   
   1.6937499999999990     1.4812499999999971   
   1.6937499999999990     1.4937499999999972   
   1.6937499999999990     1.5062499999999972   
   1.6937499999999990     1.5187499999999972   
   1.6937499999999990     1.5312499999999971   
   1.6937499999999990     1.5437499999999971   
   1.7062499999999980     0.9812499999999991   
   1.7062499999999980     0.9937499999999990   
   1.7062499999999980     1.0062499999999988   
   1.7062499999999980     1.0187499999999987   
   1.7062499999999980     1.0312499999999987   
   1.7062499999999980     1.0437499999999988   
   1.7062499999999980     1.0562499999999986   
   1.7062499999999983     1.0687499999999985   
   1.7062499999999983     1.0812499999999987   
   1.7062499999999980     1.0937499999999987   
   1.7062499999999983     1.1062499999999986   
   1.7062499999999983     1.1187499999999986   
   1.7062499999999983     1.1312499999999983   
   1.7062499999999983     1.1437499999999985   
   1.7062499999999983     1.1562499999999982   
   1.7062499999999980     1.1687499999999984   
   1.7062499999999983     1.1812499999999986   
   1.7062499999999983     1.1937499999999983   
   1.7062499999999983     1.2062499999999980   
   1.7062499999999983     1.2187499999999980   
   1.7062499999999983     1.2312499999999980   
   1.7062499999999983     1.2437499999999979   
   1.7062499999999983     1.2562499999999979   
   1.7062499999999983     1.2687499999999980   
   1.7062499999999985     1.2812499999999978   
   1.7062499999999983     1.2937499999999980   
   1.7062499999999983     1.3062499999999977   
   1.7062499999999985     1.3187499999999976   
   1.7062499999999989     1.3312499999999976   
   1.7062499999999989     1.3437499999999978   
   1.7062499999999989     1.3562499999999975   
   1.7062499999999985     1.3687499999999975   
   1.7062499999999985     1.3812499999999974   
   1.7062499999999989     1.3937499999999976   
   1.7062499999999989     1.4062499999999973   
   1.7062499999999989     1.4187499999999975   
   1.7062499999999989     1.4312499999999975   
   1.7062499999999989     1.4437499999999974   
   1.7062499999999989     1.4562499999999972   
   1.7062499999999989     1.4687499999999973   
   1.7062499999999989     1.4812499999999971   
   1.7062499999999989     1.4937499999999970   
   1.7062499999999989     1.5062499999999970   
   1.7062499999999989     1.5187499999999972   
   1.7062499999999989     1.5312499999999971   
   1.7062499999999989     1.5437499999999971   
   1.7187499999999978     0.9812499999999990   
   1.7187499999999982     0.9937499999999989   
   1.7187499999999982     1.0062499999999988   
   1.7187499999999978     1.0187499999999989   
   1.7187499999999978     1.0312499999999987   
   1.7187499999999978     1.0437499999999986   
   1.7187499999999978     1.0562499999999988   
   1.7187499999999982     1.0687499999999988   
   1.7187499999999982     1.0812499999999985   
   1.7187499999999978     1.0937499999999984   
   1.7187499999999982     1.1062499999999984   
   1.7187499999999982     1.1187499999999986   
   1.7187499999999982     1.1312499999999985   
   1.7187499999999982     1.1437499999999985   
   1.7187499999999982     1.1562499999999982   
   1.7187499999999980     1.1687499999999984   
   1.7187499999999982     1.1812499999999984   
   1.7187499999999982     1.1937499999999983   
   1.7187499999999982     1.2062499999999980   
   1.7187499999999982     1.2187499999999978   
   1.7187499999999982     1.2312499999999980   
   1.7187499999999982     1.2437499999999979   
   1.7187499999999982     1.2562499999999979   
   1.7187499999999982     1.2687499999999978   
   1.7187499999999982     1.2812499999999978   
   1.7187499999999982     1.2937499999999980   
   1.7187499999999982     1.3062499999999979   
   1.7187499999999987     1.3187499999999979   
   1.7187499999999987     1.3312499999999978   
   1.7187499999999987     1.3437499999999978   
   1.7187499999999987     1.3562499999999975   
   1.7187499999999987     1.3687499999999975   
   1.7187499999999987     1.3812499999999974   
   1.7187499999999987     1.3937499999999976   
   1.7187499999999987     1.4062499999999973   
   1.7187499999999987     1.4187499999999973   
   1.7187499999999987     1.4312499999999975   
   1.7187499999999987     1.4437499999999972   
   1.7187499999999991     1.4562499999999972   
   1.7187499999999987     1.4687499999999973   
   1.7187499999999987     1.4812499999999971   
   1.7187499999999987     1.4937499999999970   
   1.7187499999999987     1.5062499999999970   
   1.7187499999999991     1.5187499999999972   
   1.7187499999999991     1.5312499999999969   
   1.7187499999999991     1.5437499999999971   
   1.7312499999999980     0.9812499999999988   
   1.7312499999999980     0.9937499999999989   
   1.7312499999999980     1.0062499999999988   
   1.7312499999999980     1.0187499999999989   
   1.7312499999999980     1.0312499999999987   
   1.7312499999999980     1.0437499999999988   
   1.7312499999999980     1.0562499999999988   
   1.7312499999999980     1.0687499999999988   
   1.7312499999999980     1.0812499999999985   
   1.7312499999999980     1.0937499999999984   
   1.7312499999999980     1.1062499999999984   
   1.7312499999999980     1.1187499999999984   
   1.7312499999999980     1.1312499999999983   
   1.7312499999999980     1.1437499999999985   
   1.7312499999999980     1.1562499999999982   
   1.7312499999999982     1.1687499999999982   
   1.7312499999999984     1.1812499999999981   
   1.7312499999999984     1.1937499999999981   
   1.7312499999999984     1.2062499999999980   
   1.7312499999999984     1.2187499999999980   
   1.7312499999999984     1.2312499999999980   
   1.7312499999999984     1.2437499999999979   
   1.7312499999999984     1.2562499999999979   
   1.7312499999999984     1.2687499999999978   
   1.7312499999999984     1.2812499999999978   
   1.7312499999999984     1.2937499999999980   
   1.7312499999999984     1.3062499999999977   
   1.7312499999999986     1.3187499999999979   
   1.7312499999999986     1.3312499999999976   
   1.7312499999999986     1.3437499999999976   
   1.7312499999999984     1.3562499999999975   
   1.7312499999999984     1.3687499999999975   
   1.7312499999999984     1.3812499999999974   
   1.7312499999999986     1.3937499999999974   
   1.7312499999999986     1.4062499999999973   
   1.7312499999999986     1.4187499999999971   
   1.7312499999999988     1.4312499999999972   
   1.7312499999999991     1.4437499999999974   
   1.7312499999999986     1.4562499999999972   
   1.7312499999999984     1.4687499999999971   
   1.7312499999999986     1.4812499999999973   
   1.7312499999999986     1.4937499999999972   
   1.7312499999999986     1.5062499999999970   
   1.7312499999999988     1.5187499999999972   
   1.7312499999999991     1.5312499999999971   
   1.7312499999999991     1.5437499999999968   
   1.7437499999999979     0.9812499999999988   
   1.7437499999999979     0.9937499999999988   
   1.7437499999999979     1.0062499999999988   
   1.7437499999999979     1.0187499999999989   
   1.7437499999999979     1.0312499999999987   
   1.7437499999999979     1.0437499999999988   
   1.7437499999999979     1.0562499999999988   
   1.7437499999999979     1.0687499999999988   
   1.7437499999999979     1.0812499999999985   
   1.7437499999999979     1.0937499999999987   
   1.7437499999999979     1.1062499999999984   
   1.7437499999999981     1.1187499999999984   
   1.7437499999999984     1.1312499999999985   
   1.7437499999999984     1.1437499999999985   
   1.7437499999999981     1.1562499999999982   
   1.7437499999999984     1.1687499999999984   
   1.7437499999999984     1.1812499999999981   
   1.7437499999999979     1.1937499999999981   
   1.7437499999999984     1.2062499999999980   
   1.7437499999999984     1.2187499999999980   
   1.7437499999999984     1.2312499999999982   
   1.7437499999999984     1.2437499999999979   
   1.7437499999999984     1.2562499999999979   
   1.7437499999999984     1.2687499999999978   
   1.7437499999999984     1.2812499999999978   
   1.7437499999999984     1.2937499999999977   
   1.7437499999999986     1.3062499999999975   
   1.7437499999999986     1.3187499999999976   
   1.7437499999999986     1.3312499999999978   
   1.7437499999999986     1.3437499999999976   
   1.7437499999999984     1.3562499999999975   
   1.7437499999999984     1.3687499999999975   
   1.7437499999999984     1.3812499999999974   
   1.7437499999999986     1.3937499999999976   
   1.7437499999999986     1.4062499999999973   
   1.7437499999999986     1.4187499999999975   
   1.7437499999999988     1.4312499999999975   
   1.7437499999999990     1.4437499999999974   
   1.7437499999999988     1.4562499999999972   
   1.7437499999999986     1.4687499999999971   
   1.7437499999999986     1.4812499999999971   
   1.7437499999999986     1.4937499999999972   
   1.7437499999999990     1.5062499999999970   
   1.7437499999999990     1.5187499999999972   
   1.7437499999999990     1.5312499999999971   
   1.7437499999999990     1.5437499999999971   
   1.7562499999999979     0.9812499999999987   
   1.7562499999999979     0.9937499999999988   
   1.7562499999999979     1.0062499999999988   
   1.7562499999999979     1.0187499999999989   
   1.7562499999999981     1.0312499999999989   
   1.7562499999999981     1.0437499999999988   
   1.7562499999999979     1.0562499999999986   
   1.7562499999999981     1.0687499999999985   
   1.7562499999999981     1.0812499999999985   
   1.7562499999999979     1.0937499999999987   
   1.7562499999999981     1.1062499999999986   
   1.7562499999999981     1.1187499999999984   
   1.7562499999999983     1.1312499999999983   
   1.7562499999999981     1.1437499999999985   
   1.7562499999999983     1.1562499999999984   
   1.7562499999999983     1.1687499999999982   
   1.7562499999999981     1.1812499999999981   
   1.7562499999999981     1.1937499999999983   
   1.7562499999999983     1.2062499999999983   
   1.7562499999999988     1.2187499999999982   
   1.7562499999999983     1.2312499999999980   
   1.7562499999999983     1.2437499999999979   
   1.7562499999999983     1.2562499999999979   
   1.7562499999999983     1.2687499999999976   
   1.7562499999999985     1.2812499999999978   
   1.7562499999999985     1.2937499999999975   
   1.7562499999999988     1.3062499999999977   
   1.7562499999999988     1.3187499999999979   
   1.7562499999999988     1.3312499999999978   
   1.7562499999999988     1.3437499999999978   
   1.7562499999999988     1.3562499999999975   
   1.7562499999999988     1.3687499999999975   
   1.7562499999999988     1.3812499999999976   
   1.7562499999999988     1.3937499999999976   
   1.7562499999999988     1.4062499999999973   
   1.7562499999999988     1.4187499999999975   
   1.7562499999999988     1.4312499999999972   
   1.7562499999999988     1.4437499999999974   
   1.7562499999999988     1.4562499999999972   
   1.7562499999999990     1.4687499999999969   
   1.7562499999999990     1.4812499999999971   
   1.7562499999999988     1.4937499999999968   
   1.7562499999999990     1.5062499999999970   
   1.7562499999999990     1.5187499999999972   
   1.7562499999999990     1.5312499999999969   
   1.7562499999999990     1.5437499999999971   
   1.7687499999999980     0.9812499999999987   
   1.7687499999999980     0.9937499999999988   
   1.7687499999999976     1.0062499999999988   
   1.7687499999999978     1.0187499999999987   
   1.7687499999999980     1.0312499999999989   
   1.7687499999999980     1.0437499999999988   
   1.7687499999999980     1.0562499999999986   
   1.7687499999999980     1.0687499999999985   
   1.7687499999999980     1.0812499999999987   
   1.7687499999999980     1.0937499999999987   
   1.7687499999999980     1.1062499999999984   
   1.7687499999999980     1.1187499999999981   
   1.7687499999999980     1.1312499999999983   
   1.7687499999999980     1.1437499999999980   
   1.7687499999999980     1.1562499999999980   
   1.7687499999999983     1.1687499999999982   
   1.7687499999999983     1.1812499999999981   
   1.7687499999999983     1.1937499999999983   
   1.7687499999999983     1.2062499999999985   
   1.7687499999999983     1.2187499999999982   
   1.7687499999999983     1.2312499999999980   
   1.7687499999999983     1.2437499999999979   
   1.7687499999999983     1.2562499999999979   
   1.7687499999999983     1.2687499999999976   
   1.7687499999999985     1.2812499999999976   
   1.7687499999999987     1.2937499999999975   
   1.7687499999999985     1.3062499999999977   
   1.7687499999999987     1.3187499999999979   
   1.7687499999999985     1.3312499999999978   
   1.7687499999999989     1.3437499999999978   
   1.7687499999999989     1.3562499999999975   
   1.7687499999999989     1.3687499999999972   
   1.7687499999999989     1.3812499999999974   
   1.7687499999999989     1.3937499999999972   
   1.7687499999999989     1.4062499999999971   
   1.7687499999999989     1.4187499999999975   
   1.7687499999999989     1.4312499999999975   
   1.7687499999999989     1.4437499999999974   
   1.7687499999999989     1.4562499999999974   
   1.7687499999999989     1.4687499999999969   
   1.7687499999999989     1.4812499999999971   
   1.7687499999999989     1.4937499999999970   
   1.7687499999999989     1.5062499999999970   
   1.7687499999999989     1.5187499999999969   
   1.7687499999999989     1.5312499999999969   
   1.7687499999999989     1.5437499999999971   
   1.7812499999999978     0.9812499999999987   
   1.7812499999999978     0.9937499999999988   
   1.7812499999999978     1.0062499999999988   
   1.7812499999999978     1.0187499999999985   
   1.7812499999999980     1.0312499999999987   
   1.7812499999999978     1.0437499999999986   
   1.7812499999999978     1.0562499999999986   
   1.7812499999999980     1.0687499999999988   
   1.7812499999999978     1.0812499999999989   
   1.7812499999999980     1.0937499999999987   
   1.7812499999999978     1.1062499999999984   
   1.7812499999999982     1.1187499999999986   
   1.7812499999999980     1.1312499999999983   
   1.7812499999999980     1.1437499999999980   
   1.7812499999999980     1.1562499999999980   
   1.7812499999999982     1.1687499999999980   
   1.7812499999999982     1.1812499999999981   
   1.7812499999999982     1.1937499999999983   
   1.7812499999999982     1.2062499999999980   
   1.7812499999999982     1.2187499999999980   
   1.7812499999999982     1.2312499999999980   
   1.7812499999999984     1.2437499999999981   
   1.7812499999999984     1.2562499999999979   
   1.7812499999999987     1.2687499999999976   
   1.7812499999999987     1.2812499999999976   
   1.7812499999999984     1.2937499999999975   
   1.7812499999999984     1.3062499999999977   
   1.7812499999999984     1.3187499999999979   
   1.7812499999999987     1.3312499999999978   
   1.7812499999999987     1.3437499999999976   
   1.7812499999999984     1.3562499999999975   
   1.7812499999999987     1.3687499999999975   
   1.7812499999999987     1.3812499999999974   
   1.7812499999999987     1.3937499999999972   
   1.7812499999999987     1.4062499999999973   
   1.7812499999999987     1.4187499999999971   
   1.7812499999999987     1.4312499999999972   
   1.7812499999999987     1.4437499999999974   
   1.7812499999999987     1.4562499999999972   
   1.7812499999999987     1.4687499999999973   
   1.7812499999999987     1.4812499999999971   
   1.7812499999999987     1.4937499999999972   
   1.7812499999999987     1.5062499999999972   
   1.7812499999999987     1.5187499999999972   
   1.7812499999999987     1.5312499999999969   
   1.7812499999999987     1.5437499999999968   
   1.7937499999999980     0.9812499999999988   
   1.7937499999999980     0.9937499999999988   
   1.7937499999999980     1.0062499999999985   
   1.7937499999999980     1.0187499999999987   
   1.7937499999999980     1.0312499999999989   
   1.7937499999999980     1.0437499999999988   
   1.7937499999999980     1.0562499999999986   
   1.7937499999999980     1.0687499999999988   
   1.7937499999999980     1.0812499999999987   
   1.7937499999999980     1.0937499999999987   
   1.7937499999999980     1.1062499999999984   
   1.7937499999999980     1.1187499999999986   
   1.7937499999999982     1.1312499999999983   
   1.7937499999999980     1.1437499999999980   
   1.7937499999999980     1.1562499999999980   
   1.7937499999999980     1.1687499999999980   
   1.7937499999999980     1.1812499999999981   
   1.7937499999999982     1.1937499999999979   
   1.7937499999999980     1.2062499999999978   
   1.7937499999999980     1.2187499999999978   
   1.7937499999999982     1.2312499999999980   
   1.7937499999999984     1.2437499999999977   
   1.7937499999999984     1.2562499999999979   
   1.7937499999999984     1.2687499999999978   
   1.7937499999999984     1.2812499999999978   
   1.7937499999999984     1.2937499999999975   
   1.7937499999999984     1.3062499999999977   
   1.7937499999999984     1.3187499999999976   
   1.7937499999999986     1.3312499999999976   
   1.7937499999999986     1.3437499999999976   
   1.7937499999999986     1.3562499999999975   
   1.7937499999999986     1.3687499999999975   
   1.7937499999999986     1.3812499999999974   
   1.7937499999999984     1.3937499999999972   
   1.7937499999999984     1.4062499999999973   
   1.7937499999999986     1.4187499999999975   
   1.7937499999999991     1.4312499999999972   
   1.7937499999999991     1.4437499999999970   
   1.7937499999999991     1.4562499999999969   
   1.7937499999999991     1.4687499999999971   
   1.7937499999999991     1.4812499999999971   
   1.7937499999999991     1.4937499999999970   
   1.7937499999999988     1.5062499999999972   
   1.7937499999999986     1.5187499999999969   
   1.7937499999999988     1.5312499999999969   
   1.7937499999999991     1.5437499999999968   
   1.8062499999999979     0.9812499999999987   
   1.8062499999999979     0.9937499999999988   
   1.8062499999999979     1.0062499999999985   
   1.8062499999999979     1.0187499999999985   
   1.8062499999999979     1.0312499999999984   
   1.8062499999999979     1.0437499999999986   
   1.8062499999999979     1.0562499999999986   
   1.8062499999999979     1.0687499999999985   
   1.8062499999999981     1.0812499999999985   
   1.8062499999999981     1.0937499999999984   
   1.8062499999999979     1.1062499999999984   
   1.8062499999999979     1.1187499999999984   
   1.8062499999999979     1.1312499999999981   
   1.8062499999999984     1.1437499999999980   
   1.8062499999999984     1.1562499999999982   
   1.8062499999999979     1.1687499999999982   
   1.8062499999999979     1.1812499999999981   
   1.8062499999999979     1.1937499999999981   
   1.8062499999999981     1.2062499999999978   
   1.8062499999999981     1.2187499999999978   
   1.8062499999999981     1.2312499999999980   
   1.8062499999999981     1.2437499999999979   
   1.8062499999999984     1.2562499999999979   
   1.8062499999999984     1.2687499999999978   
   1.8062499999999984     1.2812499999999978   
   1.8062499999999984     1.2937499999999975   
   1.8062499999999986     1.3062499999999975   
   1.8062499999999986     1.3187499999999976   
   1.8062499999999986     1.3312499999999976   
   1.8062499999999986     1.3437499999999976   
   1.8062499999999986     1.3562499999999975   
   1.8062499999999986     1.3687499999999972   
   1.8062499999999986     1.3812499999999972   
   1.8062499999999984     1.3937499999999974   
   1.8062499999999984     1.4062499999999976   
   1.8062499999999988     1.4187499999999973   
   1.8062499999999990     1.4312499999999972   
   1.8062499999999990     1.4437499999999972   
   1.8062499999999990     1.4562499999999969   
   1.8062499999999990     1.4687499999999969   
   1.8062499999999990     1.4812499999999971   
   1.8062499999999990     1.4937499999999972   
   1.8062499999999988     1.5062499999999970   
   1.8062499999999986     1.5187499999999967   
   1.8062499999999988     1.5312499999999964   
   1.8062499999999990     1.5437499999999968   
   1.8187499999999979     0.9812499999999987   
   1.8187499999999979     0.9937499999999986   
   1.8187499999999979     1.0062499999999985   
   1.8187499999999979     1.0187499999999985   
   1.8187499999999979     1.0312499999999984   
   1.8187499999999979     1.0437499999999984   
   1.8187499999999979     1.0562499999999986   
   1.8187499999999979     1.0687499999999983   
   1.8187499999999981     1.0812499999999985   
   1.8187499999999981     1.0937499999999984   
   1.8187499999999979     1.1062499999999984   
   1.8187499999999983     1.1187499999999981   
   1.8187499999999981     1.1312499999999981   
   1.8187499999999983     1.1437499999999980   
   1.8187499999999981     1.1562499999999982   
   1.8187499999999979     1.1687499999999982   
   1.8187499999999979     1.1812499999999981   
   1.8187499999999983     1.1937499999999981   
   1.8187499999999983     1.2062499999999980   
   1.8187499999999983     1.2187499999999980   
   1.8187499999999983     1.2312499999999980   
   1.8187499999999983     1.2437499999999981   
   1.8187499999999983     1.2562499999999981   
   1.8187499999999983     1.2687499999999978   
   1.8187499999999983     1.2812499999999978   
   1.8187499999999983     1.2937499999999975   
   1.8187499999999983     1.3062499999999977   
   1.8187499999999983     1.3187499999999976   
   1.8187499999999983     1.3312499999999976   
   1.8187499999999983     1.3437499999999976   
   1.8187499999999983     1.3562499999999975   
   1.8187499999999983     1.3687499999999972   
   1.8187499999999988     1.3812499999999972   
   1.8187499999999988     1.3937499999999972   
   1.8187499999999983     1.4062499999999976   
   1.8187499999999983     1.4187499999999973   
   1.8187499999999988     1.4312499999999972   
   1.8187499999999988     1.4437499999999972   
   1.8187499999999988     1.4562499999999969   
   1.8187499999999988     1.4687499999999971   
   1.8187499999999988     1.4812499999999971   
   1.8187499999999988     1.4937499999999970   
   1.8187499999999988     1.5062499999999970   
   1.8187499999999988     1.5187499999999967   
   1.8187499999999988     1.5312499999999967   
   1.8187499999999990     1.5437499999999968   
   1.8312499999999976     0.9812499999999987   
   1.8312499999999976     0.9937499999999987   
   1.8312499999999976     1.0062499999999988   
   1.8312499999999976     1.0187499999999985   
   1.8312499999999976     1.0312499999999984   
   1.8312499999999980     1.0437499999999984   
   1.8312499999999980     1.0562499999999986   
   1.8312499999999976     1.0687499999999983   
   1.8312499999999976     1.0812499999999983   
   1.8312499999999980     1.0937499999999982   
   1.8312499999999980     1.1062499999999984   
   1.8312499999999980     1.1187499999999984   
   1.8312499999999983     1.1312499999999983   
   1.8312499999999980     1.1437499999999980   
   1.8312499999999980     1.1562499999999982   
   1.8312499999999980     1.1687499999999984   
   1.8312499999999983     1.1812499999999981   
   1.8312499999999983     1.1937499999999979   
   1.8312499999999983     1.2062499999999978   
   1.8312499999999983     1.2187499999999982   
   1.8312499999999980     1.2312499999999980   
   1.8312499999999980     1.2437499999999977   
   1.8312499999999983     1.2562499999999981   
   1.8312499999999983     1.2687499999999978   
   1.8312499999999983     1.2812499999999978   
   1.8312499999999985     1.2937499999999977   
   1.8312499999999983     1.3062499999999977   
   1.8312499999999983     1.3187499999999974   
   1.8312499999999985     1.3312499999999974   
   1.8312499999999985     1.3437499999999976   
   1.8312499999999985     1.3562499999999975   
   1.8312499999999985     1.3687499999999972   
   1.8312499999999985     1.3812499999999972   
   1.8312499999999989     1.3937499999999972   
   1.8312499999999987     1.4062499999999973   
   1.8312499999999985     1.4187499999999971   
   1.8312499999999985     1.4312499999999968   
   1.8312499999999989     1.4437499999999970   
   1.8312499999999989     1.4562499999999972   
   1.8312499999999989     1.4687499999999969   
   1.8312499999999985     1.4812499999999968   
   1.8312499999999989     1.4937499999999968   
   1.8312499999999989     1.5062499999999970   
   1.8312499999999989     1.5187499999999967   
   1.8312499999999989     1.5312499999999969   
   1.8312499999999989     1.5437499999999966   
   1.8437499999999976     0.9812499999999986   
   1.8437499999999978     0.9937499999999987   
   1.8437499999999978     1.0062499999999988   
   1.8437499999999978     1.0187499999999985   
   1.8437499999999978     1.0312499999999984   
   1.8437499999999978     1.0437499999999984   
   1.8437499999999978     1.0562499999999984   
   1.8437499999999980     1.0687499999999983   
   1.8437499999999978     1.0812499999999983   
   1.8437499999999978     1.0937499999999982   
   1.8437499999999980     1.1062499999999984   
   1.8437499999999980     1.1187499999999984   
   1.8437499999999982     1.1312499999999983   
   1.8437499999999980     1.1437499999999983   
   1.8437499999999980     1.1562499999999982   
   1.8437499999999982     1.1687499999999982   
   1.8437499999999982     1.1812499999999981   
   1.8437499999999982     1.1937499999999979   
   1.8437499999999982     1.2062499999999980   
   1.8437499999999982     1.2187499999999978   
   1.8437499999999980     1.2312499999999980   
   1.8437499999999980     1.2437499999999977   
   1.8437499999999984     1.2562499999999979   
   1.8437499999999984     1.2687499999999978   
   1.8437499999999984     1.2812499999999978   
   1.8437499999999987     1.2937499999999977   
   1.8437499999999984     1.3062499999999975   
   1.8437499999999987     1.3187499999999974   
   1.8437499999999987     1.3312499999999976   
   1.8437499999999984     1.3437499999999976   
   1.8437499999999987     1.3562499999999975   
   1.8437499999999987     1.3687499999999972   
   1.8437499999999987     1.3812499999999974   
   1.8437499999999987     1.3937499999999972   
   1.8437499999999987     1.4062499999999973   
   1.8437499999999987     1.4187499999999971   
   1.8437499999999987     1.4312499999999970   
   1.8437499999999987     1.4437499999999970   
   1.8437499999999987     1.4562499999999972   
   1.8437499999999987     1.4687499999999969   
   1.8437499999999987     1.4812499999999971   
   1.8437499999999987     1.4937499999999968   
   1.8437499999999987     1.5062499999999968   
   1.8437499999999987     1.5187499999999969   
   1.8437499999999989     1.5312499999999964   
   1.8437499999999987     1.5437499999999968   
   1.8562499999999977     0.9812499999999987   
   1.8562499999999977     0.9937499999999987   
   1.8562499999999977     1.0062499999999985   
   1.8562499999999980     1.0187499999999985   
   1.8562499999999977     1.0312499999999984   
   1.8562499999999977     1.0437499999999984   
   1.8562499999999977     1.0562499999999986   
   1.8562499999999977     1.0687499999999983   
   1.8562499999999977     1.0812499999999983   
   1.8562499999999980     1.0937499999999982   
   1.8562499999999980     1.1062499999999982   
   1.8562499999999980     1.1187499999999984   
   1.8562499999999977     1.1312499999999983   
   1.8562499999999980     1.1437499999999983   
   1.8562499999999980     1.1562499999999980   
   1.8562499999999982     1.1687499999999982   
   1.8562499999999982     1.1812499999999981   
   1.8562499999999982     1.1937499999999979   
   1.8562499999999980     1.2062499999999980   
   1.8562499999999982     1.2187499999999978   
   1.8562499999999982     1.2312499999999980   
   1.8562499999999984     1.2437499999999977   
   1.8562499999999984     1.2562499999999979   
   1.8562499999999986     1.2687499999999976   
   1.8562499999999986     1.2812499999999973   
   1.8562499999999986     1.2937499999999975   
   1.8562499999999986     1.3062499999999975   
   1.8562499999999986     1.3187499999999976   
   1.8562499999999986     1.3312499999999978   
   1.8562499999999986     1.3437499999999978   
   1.8562499999999986     1.3562499999999975   
   1.8562499999999986     1.3687499999999975   
   1.8562499999999986     1.3812499999999974   
   1.8562499999999986     1.3937499999999972   
   1.8562499999999986     1.4062499999999973   
   1.8562499999999986     1.4187499999999975   
   1.8562499999999986     1.4312499999999972   
   1.8562499999999986     1.4437499999999972   
   1.8562499999999986     1.4562499999999969   
   1.8562499999999986     1.4687499999999969   
   1.8562499999999986     1.4812499999999971   
   1.8562499999999986     1.4937499999999968   
   1.8562499999999988     1.5062499999999965   
   1.8562499999999986     1.5187499999999967   
   1.8562499999999988     1.5312499999999967   
   1.8562499999999991     1.5437499999999971   
   1.8687499999999977     0.9812499999999987   
   1.8687499999999977     0.9937499999999988   
   1.8687499999999977     1.0062499999999985   
   1.8687499999999979     1.0187499999999985   
   1.8687499999999979     1.0312499999999984   
   1.8687499999999977     1.0437499999999984   
   1.8687499999999977     1.0562499999999984   
   1.8687499999999977     1.0687499999999985   
   1.8687499999999977     1.0812499999999985   
   1.8687499999999979     1.0937499999999982   
   1.8687499999999979     1.1062499999999980   
   1.8687499999999979     1.1187499999999981   
   1.8687499999999977     1.1312499999999983   
   1.8687499999999979     1.1437499999999980   
   1.8687499999999981     1.1562499999999980   
   1.8687499999999979     1.1687499999999980   
   1.8687499999999981     1.1812499999999981   
   1.8687499999999979     1.1937499999999981   
   1.8687499999999979     1.2062499999999978   
   1.8687499999999979     1.2187499999999978   
   1.8687499999999981     1.2312499999999980   
   1.8687499999999984     1.2437499999999977   
   1.8687499999999981     1.2562499999999976   
   1.8687499999999986     1.2687499999999976   
   1.8687499999999986     1.2812499999999976   
   1.8687499999999986     1.2937499999999973   
   1.8687499999999986     1.3062499999999975   
   1.8687499999999986     1.3187499999999974   
   1.8687499999999986     1.3312499999999974   
   1.8687499999999986     1.3437499999999973   
   1.8687499999999986     1.3562499999999973   
   1.8687499999999986     1.3687499999999975   
   1.8687499999999986     1.3812499999999974   
   1.8687499999999986     1.3937499999999972   
   1.8687499999999988     1.4062499999999971   
   1.8687499999999988     1.4187499999999973   
   1.8687499999999986     1.4312499999999972   
   1.8687499999999986     1.4437499999999970   
   1.8687499999999988     1.4562499999999969   
   1.8687499999999988     1.4687499999999969   
   1.8687499999999986     1.4812499999999971   
   1.8687499999999988     1.4937499999999968   
   1.8687499999999988     1.5062499999999968   
   1.8687499999999988     1.5187499999999967   
   1.8687499999999990     1.5312499999999969   
   1.8687499999999990     1.5437499999999968   
   1.8812499999999979     0.9812499999999987   
   1.8812499999999979     0.9937499999999987   
   1.8812499999999979     1.0062499999999988   
   1.8812499999999979     1.0187499999999985   
   1.8812499999999979     1.0312499999999987   
   1.8812499999999979     1.0437499999999986   
   1.8812499999999979     1.0562499999999986   
   1.8812499999999979     1.0687499999999983   
   1.8812499999999979     1.0812499999999985   
   1.8812499999999979     1.0937499999999982   
   1.8812499999999979     1.1062499999999980   
   1.8812499999999979     1.1187499999999981   
   1.8812499999999983     1.1312499999999983   
   1.8812499999999983     1.1437499999999980   
   1.8812499999999983     1.1562499999999978   
   1.8812499999999983     1.1687499999999980   
   1.8812499999999979     1.1812499999999981   
   1.8812499999999979     1.1937499999999979   
   1.8812499999999979     1.2062499999999978   
   1.8812499999999979     1.2187499999999978   
   1.8812499999999983     1.2312499999999980   
   1.8812499999999983     1.2437499999999977   
   1.8812499999999983     1.2562499999999976   
   1.8812499999999983     1.2687499999999976   
   1.8812499999999983     1.2812499999999978   
   1.8812499999999988     1.2937499999999975   
   1.8812499999999988     1.3062499999999972   
   1.8812499999999988     1.3187499999999974   
   1.8812499999999988     1.3312499999999976   
   1.8812499999999988     1.3437499999999973   
   1.8812499999999988     1.3562499999999971   
   1.8812499999999983     1.3687499999999972   
   1.8812499999999985     1.3812499999999974   
   1.8812499999999988     1.3937499999999969   
   1.8812499999999988     1.4062499999999971   
   1.8812499999999988     1.4187499999999971   
   1.8812499999999988     1.4312499999999972   
   1.8812499999999988     1.4437499999999970   
   1.8812499999999988     1.4562499999999967   
   1.8812499999999988     1.4687499999999969   
   1.8812499999999988     1.4812499999999971   
   1.8812499999999988     1.4937499999999968   
   1.8812499999999988     1.5062499999999965   
   1.8812499999999988     1.5187499999999967   
   1.8812499999999990     1.5312499999999969   
   1.8812499999999992     1.5437499999999968   
   1.8937499999999976     0.9812499999999987   
   1.8937499999999976     0.9937499999999987   
   1.8937499999999980     1.0062499999999985   
   1.8937499999999980     1.0187499999999985   
   1.8937499999999980     1.0312499999999987   
   1.8937499999999980     1.0437499999999986   
   1.8937499999999980     1.0562499999999984   
   1.8937499999999980     1.0687499999999985   
   1.8937499999999980     1.0812499999999985   
   1.8937499999999980     1.0937499999999984   
   1.8937499999999980     1.1062499999999982   
   1.8937499999999980     1.1187499999999981   
   1.8937499999999980     1.1312499999999983   
   1.8937499999999980     1.1437499999999980   
   1.8937499999999980     1.1562499999999980   
   1.8937499999999980     1.1687499999999980   
   1.8937499999999980     1.1812499999999979   
   1.8937499999999983     1.1937499999999976   
   1.8937499999999983     1.2062499999999976   
   1.8937499999999985     1.2187499999999978   
   1.8937499999999983     1.2312499999999975   
   1.8937499999999983     1.2437499999999979   
   1.8937499999999983     1.2562499999999979   
   1.8937499999999983     1.2687499999999978   
   1.8937499999999983     1.2812499999999978   
   1.8937499999999980     1.2937499999999977   
   1.8937499999999983     1.3062499999999977   
   1.8937499999999983     1.3187499999999974   
   1.8937499999999985     1.3312499999999974   
   1.8937499999999985     1.3437499999999976   
   1.8937499999999985     1.3562499999999973   
   1.8937499999999985     1.3687499999999972   
   1.8937499999999985     1.3812499999999972   
   1.8937499999999989     1.3937499999999972   
   1.8937499999999989     1.4062499999999971   
   1.8937499999999989     1.4187499999999971   
   1.8937499999999989     1.4312499999999970   
   1.8937499999999989     1.4437499999999972   
   1.8937499999999989     1.4562499999999972   
   1.8937499999999989     1.4687499999999971   
   1.8937499999999989     1.4812499999999971   
   1.8937499999999989     1.4937499999999968   
   1.8937499999999989     1.5062499999999968   
   1.8937499999999989     1.5187499999999967   
   1.8937499999999992     1.5312499999999967   
   1.8937499999999989     1.5437499999999964   
   1.9062499999999973     0.9812499999999987   
   1.9062499999999976     0.9937499999999988   
   1.9062499999999976     1.0062499999999985   
   1.9062499999999976     1.0187499999999983   
   1.9062499999999978     1.0312499999999982   
   1.9062499999999978     1.0437499999999984   
   1.9062499999999978     1.0562499999999984   
   1.9062499999999978     1.0687499999999983   
   1.9062499999999976     1.0812499999999985   
   1.9062499999999978     1.0937499999999982   
   1.9062499999999980     1.1062499999999982   
   1.9062499999999980     1.1187499999999981   
   1.9062499999999980     1.1312499999999983   
   1.9062499999999980     1.1437499999999980   
   1.9062499999999980     1.1562499999999980   
   1.9062499999999980     1.1687499999999982   
   1.9062499999999980     1.1812499999999981   
   1.9062499999999982     1.1937499999999979   
   1.9062499999999982     1.2062499999999978   
   1.9062499999999982     1.2187499999999978   
   1.9062499999999982     1.2312499999999975   
   1.9062499999999982     1.2437499999999977   
   1.9062499999999982     1.2562499999999979   
   1.9062499999999984     1.2687499999999976   
   1.9062499999999982     1.2812499999999973   
   1.9062499999999980     1.2937499999999975   
   1.9062499999999982     1.3062499999999977   
   1.9062499999999982     1.3187499999999972   
   1.9062499999999984     1.3312499999999974   
   1.9062499999999987     1.3437499999999973   
   1.9062499999999984     1.3562499999999973   
   1.9062499999999984     1.3687499999999972   
   1.9062499999999987     1.3812499999999972   
   1.9062499999999987     1.3937499999999972   
   1.9062499999999987     1.4062499999999971   
   1.9062499999999987     1.4187499999999971   
   1.9062499999999987     1.4312499999999972   
   1.9062499999999987     1.4437499999999972   
   1.9062499999999987     1.4562499999999972   
   1.9062499999999987     1.4687499999999969   
   1.9062499999999987     1.4812499999999968   
   1.9062499999999987     1.4937499999999968   
   1.9062499999999987     1.5062499999999970   
   1.9062499999999989     1.5187499999999967   
   1.9062499999999991     1.5312499999999964   
   1.9062499999999987     1.5437499999999964   
   1.9187499999999975     0.9812499999999987   
   1.9187499999999975     0.9937499999999988   
   1.9187499999999975     1.0062499999999988   
   1.9187499999999975     1.0187499999999985   
   1.9187499999999977     1.0312499999999984   
   1.9187499999999977     1.0437499999999984   
   1.9187499999999977     1.0562499999999986   
   1.9187499999999977     1.0687499999999983   
   1.9187499999999980     1.0812499999999985   
   1.9187499999999980     1.0937499999999982   
   1.9187499999999980     1.1062499999999980   
   1.9187499999999980     1.1187499999999981   
   1.9187499999999980     1.1312499999999981   
   1.9187499999999980     1.1437499999999983   
   1.9187499999999980     1.1562499999999982   
   1.9187499999999980     1.1687499999999984   
   1.9187499999999982     1.1812499999999981   
   1.9187499999999980     1.1937499999999981   
   1.9187499999999982     1.2062499999999980   
   1.9187499999999980     1.2187499999999980   
   1.9187499999999982     1.2312499999999980   
   1.9187499999999980     1.2437499999999979   
   1.9187499999999982     1.2562499999999979   
   1.9187499999999984     1.2687499999999976   
   1.9187499999999984     1.2812499999999976   
   1.9187499999999984     1.2937499999999975   
   1.9187499999999984     1.3062499999999977   
   1.9187499999999984     1.3187499999999974   
   1.9187499999999984     1.3312499999999976   
   1.9187499999999986     1.3437499999999976   
   1.9187499999999986     1.3562499999999975   
   1.9187499999999984     1.3687499999999972   
   1.9187499999999986     1.3812499999999972   
   1.9187499999999986     1.3937499999999972   
   1.9187499999999986     1.4062499999999969   
   1.9187499999999986     1.4187499999999973   
   1.9187499999999986     1.4312499999999972   
   1.9187499999999986     1.4437499999999972   
   1.9187499999999986     1.4562499999999972   
   1.9187499999999986     1.4687499999999969   
   1.9187499999999986     1.4812499999999971   
   1.9187499999999986     1.4937499999999968   
   1.9187499999999986     1.5062499999999968   
   1.9187499999999986     1.5187499999999967   
   1.9187499999999986     1.5312499999999964   
   1.9187499999999986     1.5437499999999966   
   1.9312499999999972     0.9812499999999987   
   1.9312499999999977     0.9937499999999986   
   1.9312499999999977     1.0062499999999985   
   1.9312499999999977     1.0187499999999987   
   1.9312499999999977     1.0312499999999987   
   1.9312499999999977     1.0437499999999984   
   1.9312499999999977     1.0562499999999984   
   1.9312499999999977     1.0687499999999983   
   1.9312499999999977     1.0812499999999985   
   1.9312499999999979     1.0937499999999982   
   1.9312499999999977     1.1062499999999984   
   1.9312499999999977     1.1187499999999981   
   1.9312499999999979     1.1312499999999981   
   1.9312499999999979     1.1437499999999983   
   1.9312499999999979     1.1562499999999980   
   1.9312499999999979     1.1687499999999982   
   1.9312499999999979     1.1812499999999981   
   1.9312499999999979     1.1937499999999981   
   1.9312499999999979     1.2062499999999980   
   1.9312499999999979     1.2187499999999980   
   1.9312499999999979     1.2312499999999980   
   1.9312499999999979     1.2437499999999979   
   1.9312499999999984     1.2562499999999979   
   1.9312499999999984     1.2687499999999978   
   1.9312499999999979     1.2812499999999978   
   1.9312499999999986     1.2937499999999977   
   1.9312499999999986     1.3062499999999975   
   1.9312499999999981     1.3187499999999974   
   1.9312499999999986     1.3312499999999976   
   1.9312499999999986     1.3437499999999973   
   1.9312499999999981     1.3562499999999973   
   1.9312499999999986     1.3687499999999972   
   1.9312499999999986     1.3812499999999974   
   1.9312499999999986     1.3937499999999972   
   1.9312499999999986     1.4062499999999973   
   1.9312499999999986     1.4187499999999971   
   1.9312499999999986     1.4312499999999972   
   1.9312499999999990     1.4437499999999972   
   1.9312499999999988     1.4562499999999969   
   1.9312499999999990     1.4687499999999969   
   1.9312499999999988     1.4812499999999971   
   1.9312499999999990     1.4937499999999968   
   1.9312499999999988     1.5062499999999965   
   1.9312499999999990     1.5187499999999967   
   1.9312499999999988     1.5312499999999967   
   1.9312499999999990     1.5437499999999968   
   1.9437499999999974     0.9812499999999987   
   1.9437499999999974     0.9937499999999986   
   1.9437499999999974     1.0062499999999985   
   1.9437499999999979     1.0187499999999987   
   1.9437499999999979     1.0312499999999987   
   1.9437499999999974     1.0437499999999984   
   1.9437499999999979     1.0562499999999984   
   1.9437499999999979     1.0687499999999983   
   1.9437499999999976     1.0812499999999980   
   1.9437499999999979     1.0937499999999982   
   1.9437499999999979     1.1062499999999982   
   1.9437499999999979     1.1187499999999981   
   1.9437499999999979     1.1312499999999981   
   1.9437499999999979     1.1437499999999980   
   1.9437499999999979     1.1562499999999978   
   1.9437499999999979     1.1687499999999980   
   1.9437499999999979     1.1812499999999979   
   1.9437499999999979     1.1937499999999979   
   1.9437499999999981     1.2062499999999978   
   1.9437499999999983     1.2187499999999978   
   1.9437499999999981     1.2312499999999975   
   1.9437499999999983     1.2437499999999977   
   1.9437499999999983     1.2562499999999976   
   1.9437499999999983     1.2687499999999976   
   1.9437499999999983     1.2812499999999976   
   1.9437499999999983     1.2937499999999975   
   1.9437499999999983     1.3062499999999972   
   1.9437499999999983     1.3187499999999974   
   1.9437499999999983     1.3312499999999974   
   1.9437499999999983     1.3437499999999973   
   1.9437499999999983     1.3562499999999971   
   1.9437499999999983     1.3687499999999972   
   1.9437499999999983     1.3812499999999972   
   1.9437499999999983     1.3937499999999969   
   1.9437499999999983     1.4062499999999971   
   1.9437499999999983     1.4187499999999971   
   1.9437499999999988     1.4312499999999968   
   1.9437499999999990     1.4437499999999970   
   1.9437499999999988     1.4562499999999972   
   1.9437499999999988     1.4687499999999969   
   1.9437499999999988     1.4812499999999971   
   1.9437499999999988     1.4937499999999968   
   1.9437499999999990     1.5062499999999965   
   1.9437499999999990     1.5187499999999967   
   1.9437499999999990     1.5312499999999969   
   1.9437499999999988     1.5437499999999966   
   1.9562499999999974     0.9812499999999987   
   1.9562499999999976     0.9937499999999986   
   1.9562499999999974     1.0062499999999985   
   1.9562499999999976     1.0187499999999985   
   1.9562499999999976     1.0312499999999984   
   1.9562499999999976     1.0437499999999984   
   1.9562499999999976     1.0562499999999986   
   1.9562499999999976     1.0687499999999983   
   1.9562499999999978     1.0812499999999980   
   1.9562499999999976     1.0937499999999982   
   1.9562499999999976     1.1062499999999982   
   1.9562499999999976     1.1187499999999981   
   1.9562499999999976     1.1312499999999983   
   1.9562499999999978     1.1437499999999980   
   1.9562499999999980     1.1562499999999978   
   1.9562499999999980     1.1687499999999980   
   1.9562499999999976     1.1812499999999979   
   1.9562499999999976     1.1937499999999979   
   1.9562499999999980     1.2062499999999980   
   1.9562499999999980     1.2187499999999978   
   1.9562499999999983     1.2312499999999977   
   1.9562499999999983     1.2437499999999977   
   1.9562499999999983     1.2562499999999976   
   1.9562499999999983     1.2687499999999976   
   1.9562499999999983     1.2812499999999976   
   1.9562499999999983     1.2937499999999975   
   1.9562499999999983     1.3062499999999972   
   1.9562499999999983     1.3187499999999974   
   1.9562499999999983     1.3312499999999972   
   1.9562499999999983     1.3437499999999971   
   1.9562499999999983     1.3562499999999971   
   1.9562499999999983     1.3687499999999968   
   1.9562499999999983     1.3812499999999970   
   1.9562499999999983     1.3937499999999972   
   1.9562499999999983     1.4062499999999969   
   1.9562499999999983     1.4187499999999971   
   1.9562499999999983     1.4312499999999968   
   1.9562499999999985     1.4437499999999970   
   1.9562499999999985     1.4562499999999972   
   1.9562499999999987     1.4687499999999969   
   1.9562499999999987     1.4812499999999968   
   1.9562499999999987     1.4937499999999968   
   1.9562499999999989     1.5062499999999965   
   1.9562499999999989     1.5187499999999967   
   1.9562499999999989     1.5312499999999969   
   1.9562499999999987     1.5437499999999966   
   1.9687499999999976     0.9812499999999986   
   1.9687499999999976     0.9937499999999986   
   1.9687499999999976     1.0062499999999983   
   1.9687499999999976     1.0187499999999985   
   1.9687499999999976     1.0312499999999984   
   1.9687499999999976     1.0437499999999984   
   1.9687499999999976     1.0562499999999986   
   1.9687499999999976     1.0687499999999983   
   1.9687499999999976     1.0812499999999980   
   1.9687499999999978     1.0937499999999982   
   1.9687499999999978     1.1062499999999982   
   1.9687499999999980     1.1187499999999979   
   1.9687499999999980     1.1312499999999981   
   1.9687499999999980     1.1437499999999980   
   1.9687499999999976     1.1562499999999982   
   1.9687499999999978     1.1687499999999980   
   1.9687499999999978     1.1812499999999979   
   1.9687499999999980     1.1937499999999979   
   1.9687499999999980     1.2062499999999976   
   1.9687499999999980     1.2187499999999976   
   1.9687499999999982     1.2312499999999975   
   1.9687499999999982     1.2437499999999975   
   1.9687499999999982     1.2562499999999974   
   1.9687499999999982     1.2687499999999976   
   1.9687499999999982     1.2812499999999973   
   1.9687499999999982     1.2937499999999973   
   1.9687499999999982     1.3062499999999975   
   1.9687499999999982     1.3187499999999974   
   1.9687499999999982     1.3312499999999974   
   1.9687499999999982     1.3437499999999973   
   1.9687499999999987     1.3562499999999971   
   1.9687499999999984     1.3687499999999972   
   1.9687499999999982     1.3812499999999970   
   1.9687499999999982     1.3937499999999969   
   1.9687499999999982     1.4062499999999971   
   1.9687499999999982     1.4187499999999971   
   1.9687499999999987     1.4312499999999968   
   1.9687499999999987     1.4437499999999972   
   1.9687499999999989     1.4562499999999972   
   1.9687499999999991     1.4687499999999969   
   1.9687499999999987     1.4812499999999971   
   1.9687499999999987     1.4937499999999968   
   1.9687499999999987     1.5062499999999968   
   1.9687499999999987     1.5187499999999967   
   1.9687499999999989     1.5312499999999967   
   1.9687499999999991     1.5437499999999966   
   1.9812499999999975     0.9812499999999986   
   1.9812499999999975     0.9937499999999986   
   1.9812499999999975     1.0062499999999983   
   1.9812499999999977     1.0187499999999985   
   1.9812499999999977     1.0312499999999984   
   1.9812499999999975     1.0437499999999982   
   1.9812499999999975     1.0562499999999984   
   1.9812499999999975     1.0687499999999983   
   1.9812499999999977     1.0812499999999980   
   1.9812499999999977     1.0937499999999982   
   1.9812499999999977     1.1062499999999980   
   1.9812499999999980     1.1187499999999979   
   1.9812499999999980     1.1312499999999979   
   1.9812499999999977     1.1437499999999980   
   1.9812499999999977     1.1562499999999980   
   1.9812499999999980     1.1687499999999980   
   1.9812499999999982     1.1812499999999979   
   1.9812499999999980     1.1937499999999979   
   1.9812499999999980     1.2062499999999976   
   1.9812499999999984     1.2187499999999976   
   1.9812499999999980     1.2312499999999975   
   1.9812499999999980     1.2437499999999977   
   1.9812499999999984     1.2562499999999974   
   1.9812499999999984     1.2687499999999976   
   1.9812499999999984     1.2812499999999973   
   1.9812499999999984     1.2937499999999973   
   1.9812499999999984     1.3062499999999975   
   1.9812499999999984     1.3187499999999974   
   1.9812499999999984     1.3312499999999972   
   1.9812499999999984     1.3437499999999971   
   1.9812499999999986     1.3562499999999973   
   1.9812499999999986     1.3687499999999972   
   1.9812499999999984     1.3812499999999972   
   1.9812499999999984     1.3937499999999972   
   1.9812499999999984     1.4062499999999969   
   1.9812499999999984     1.4187499999999968   
   1.9812499999999986     1.4312499999999970   
   1.9812499999999986     1.4437499999999972   
   1.9812499999999988     1.4562499999999969   
   1.9812499999999988     1.4687499999999964   
   1.9812499999999986     1.4812499999999968   
   1.9812499999999986     1.4937499999999968   
   1.9812499999999986     1.5062499999999965   
   1.9812499999999986     1.5187499999999967   
   1.9812499999999988     1.5312499999999964   
   1.9812499999999993     1.5437499999999966   
   1.9937499999999986     0.9812499999999986   
   1.9937499999999986     0.9937499999999986   
   1.9937499999999986     1.0062499999999983   
   1.9937499999999986     1.0187499999999983   
   1.9937499999999986     1.0312499999999982   
   1.9937499999999986     1.0437499999999984   
   1.9937499999999986     1.0562499999999984   
   1.9937499999999986     1.0687499999999983   
   1.9937499999999986     1.0812499999999980   
   1.9937499999999986     1.0937499999999982   
   1.9937499999999986     1.1062499999999980   
   1.9937499999999986     1.1187499999999981   
   1.9937499999999986     1.1312499999999979   
   1.9937499999999986     1.1437499999999978   
   1.9937499999999986     1.1562499999999978   
   1.9937499999999988     1.1687499999999980   
   1.9937499999999990     1.1812499999999977   
   1.9937499999999990     1.1937499999999979   
   1.9937499999999988     1.2062499999999976   
   1.9937499999999990     1.2187499999999978   
   1.9937499999999990     1.2312499999999975   
   1.9937499999999988     1.2437499999999977   
   1.9937499999999990     1.2562499999999974   
   1.9937499999999992     1.2687499999999976   
   1.9937499999999990     1.2812499999999976   
   1.9937499999999990     1.2937499999999975   
   1.9937499999999995     1.3062499999999975   
   1.9937499999999995     1.3187499999999974   
   1.9937499999999995     1.3312499999999972   
   1.9937499999999995     1.3437499999999971   
   1.9937499999999995     1.3562499999999971   
   1.9937499999999995     1.3687499999999972   
   1.9937499999999995     1.3812499999999974   
   1.9937499999999995     1.3937499999999972   
   1.9937499999999995     1.4062499999999969   
   1.9937499999999995     1.4187499999999971   
   1.9937499999999995     1.4312499999999968   
   1.9937499999999995     1.4437499999999970   
   1.9937499999999995     1.4562499999999967   
   1.9937499999999995     1.4687499999999967   
   1.9937499999999995     1.4812499999999966   
   1.9937499999999995     1.4937499999999968   
   1.9937499999999995     1.5062499999999968   
   1.9937499999999995     1.5187499999999967   
   1.9937499999999995     1.5312499999999964   
   1.9937499999999995     1.5437499999999964   
