   1.5312499999999987     1.4062499999999978   
   1.5312499999999987     1.4187499999999975   
   1.5312499999999987     1.4312499999999977   
   1.5312499999999987     1.4437499999999976   
   1.5312499999999987     1.4562499999999976   
   1.5312499999999987     1.4687499999999976   
   1.5312499999999987     1.4812499999999975   
   1.5312499999999991     1.4937499999999972   
   1.5312499999999987     1.5062499999999974   
   1.5312499999999987     1.5187499999999972   
   1.5312499999999987     1.5312499999999976   
   1.5312499999999987     1.5437499999999975   
   1.5312499999999991     1.5562499999999972   
   1.5312499999999991     1.5687499999999974   
   1.5312499999999991     1.5812499999999972   
   1.5312499999999991     1.5937499999999971   
   1.5312499999999991     1.6062499999999971   
   1.5312499999999991     1.6187499999999970   
   1.5312499999999991     1.6312499999999970   
   1.5312499999999991     1.6437499999999972   
   1.5312499999999991     1.6562499999999971   
   1.5437499999999988     1.4062499999999978   
   1.5437499999999988     1.4187499999999975   
   1.5437499999999988     1.4312499999999977   
   1.5437499999999988     1.4437499999999974   
   1.5437499999999988     1.4562499999999976   
   1.5437499999999988     1.4687499999999978   
   1.5437499999999988     1.4812499999999975   
   1.5437499999999988     1.4937499999999972   
   1.5437499999999988     1.5062499999999972   
   1.5437499999999988     1.5187499999999972   
   1.5437499999999988     1.5312499999999973   
   1.5437499999999988     1.5437499999999973   
   1.5437499999999988     1.5562499999999975   
   1.5437499999999988     1.5687499999999974   
   1.5437499999999988     1.5812499999999972   
   1.5437499999999988     1.5937499999999971   
   1.5437499999999988     1.6062499999999971   
   1.5437499999999993     1.6187499999999968   
   1.5437499999999993     1.6312499999999970   
   1.5437499999999993     1.6437499999999972   
   1.5437499999999993     1.6562499999999971   
   1.5562499999999988     1.4062499999999976   
   1.5562499999999988     1.4187499999999975   
   1.5562499999999988     1.4312499999999977   
   1.5562499999999990     1.4437499999999976   
   1.5562499999999990     1.4562499999999976   
   1.5562499999999990     1.4687499999999976   
   1.5562499999999990     1.4812499999999973   
   1.5562499999999990     1.4937499999999972   
   1.5562499999999990     1.5062499999999974   
   1.5562499999999990     1.5187499999999972   
   1.5562499999999990     1.5312499999999976   
   1.5562499999999990     1.5437499999999975   
   1.5562499999999990     1.5562499999999972   
   1.5562499999999990     1.5687499999999974   
   1.5562499999999990     1.5812499999999972   
   1.5562499999999990     1.5937499999999969   
   1.5562499999999990     1.6062499999999968   
   1.5562499999999990     1.6187499999999968   
   1.5562499999999990     1.6312499999999970   
   1.5562499999999990     1.6437499999999972   
   1.5562499999999990     1.6562499999999969   
   1.5687499999999988     1.4062499999999978   
   1.5687499999999988     1.4187499999999975   
   1.5687499999999988     1.4312499999999975   
   1.5687499999999990     1.4437499999999974   
   1.5687499999999990     1.4562499999999972   
   1.5687499999999990     1.4687499999999973   
   1.5687499999999990     1.4812499999999975   
   1.5687499999999990     1.4937499999999972   
   1.5687499999999990     1.5062499999999972   
   1.5687499999999990     1.5187499999999974   
   1.5687499999999990     1.5312499999999976   
   1.5687499999999990     1.5437499999999973   
   1.5687499999999990     1.5562499999999972   
   1.5687499999999990     1.5687499999999972   
   1.5687499999999990     1.5812499999999972   
   1.5687499999999990     1.5937499999999971   
   1.5687499999999990     1.6062499999999971   
   1.5687499999999990     1.6187499999999970   
   1.5687499999999992     1.6312499999999972   
   1.5687499999999992     1.6437499999999972   
   1.5687499999999992     1.6562499999999969   
   1.5812499999999989     1.4062499999999978   
   1.5812499999999989     1.4187499999999975   
   1.5812499999999989     1.4312499999999975   
   1.5812499999999989     1.4437499999999974   
   1.5812499999999989     1.4562499999999972   
   1.5812499999999989     1.4687499999999973   
   1.5812499999999989     1.4812499999999975   
   1.5812499999999989     1.4937499999999975   
   1.5812499999999989     1.5062499999999974   
   1.5812499999999989     1.5187499999999974   
   1.5812499999999989     1.5312499999999973   
   1.5812499999999989     1.5437499999999971   
   1.5812499999999989     1.5562499999999972   
   1.5812499999999989     1.5687499999999972   
   1.5812499999999989     1.5812499999999972   
   1.5812499999999989     1.5937499999999971   
   1.5812499999999989     1.6062499999999971   
   1.5812499999999992     1.6187499999999968   
   1.5812499999999992     1.6312499999999970   
   1.5812499999999992     1.6437499999999972   
   1.5812499999999992     1.6562499999999971   
   1.5937499999999987     1.4062499999999976   
   1.5937499999999987     1.4187499999999975   
   1.5937499999999991     1.4312499999999972   
   1.5937499999999987     1.4437499999999974   
   1.5937499999999987     1.4562499999999974   
   1.5937499999999991     1.4687499999999973   
   1.5937499999999991     1.4812499999999973   
   1.5937499999999991     1.4937499999999972   
   1.5937499999999991     1.5062499999999974   
   1.5937499999999991     1.5187499999999972   
   1.5937499999999991     1.5312499999999973   
   1.5937499999999991     1.5437499999999971   
   1.5937499999999991     1.5562499999999972   
   1.5937499999999991     1.5687499999999970   
   1.5937499999999991     1.5812499999999972   
   1.5937499999999991     1.5937499999999971   
   1.5937499999999991     1.6062499999999971   
   1.5937499999999991     1.6187499999999968   
   1.5937499999999991     1.6312499999999968   
   1.5937499999999991     1.6437499999999972   
   1.5937499999999991     1.6562499999999969   
   1.6062499999999988     1.4062499999999978   
   1.6062499999999988     1.4187499999999975   
   1.6062499999999988     1.4312499999999977   
   1.6062499999999988     1.4437499999999976   
   1.6062499999999988     1.4562499999999976   
   1.6062499999999993     1.4687499999999976   
   1.6062499999999993     1.4812499999999975   
   1.6062499999999988     1.4937499999999972   
   1.6062499999999988     1.5062499999999972   
   1.6062499999999988     1.5187499999999972   
   1.6062499999999993     1.5312499999999971   
   1.6062499999999993     1.5437499999999971   
   1.6062499999999993     1.5562499999999968   
   1.6062499999999993     1.5687499999999970   
   1.6062499999999993     1.5812499999999972   
   1.6062499999999993     1.5937499999999969   
   1.6062499999999993     1.6062499999999966   
   1.6062499999999993     1.6187499999999966   
   1.6062499999999993     1.6312499999999970   
   1.6062499999999993     1.6437499999999972   
   1.6062499999999993     1.6562499999999971   
   1.6187499999999986     1.4062499999999973   
   1.6187499999999988     1.4187499999999975   
   1.6187499999999990     1.4312499999999975   
   1.6187499999999988     1.4437499999999974   
   1.6187499999999988     1.4562499999999976   
   1.6187499999999990     1.4687499999999976   
   1.6187499999999988     1.4812499999999975   
   1.6187499999999990     1.4937499999999972   
   1.6187499999999990     1.5062499999999972   
   1.6187499999999990     1.5187499999999972   
   1.6187499999999990     1.5312499999999969   
   1.6187499999999990     1.5437499999999968   
   1.6187499999999990     1.5562499999999972   
   1.6187499999999990     1.5687499999999970   
   1.6187499999999990     1.5812499999999972   
   1.6187499999999990     1.5937499999999969   
   1.6187499999999990     1.6062499999999966   
   1.6187499999999990     1.6187499999999968   
   1.6187499999999992     1.6312499999999968   
   1.6187499999999995     1.6437499999999969   
   1.6187499999999995     1.6562499999999971   
   1.6187499999999995     1.6687499999999971   
   1.6187499999999995     1.6812499999999968   
   1.6187499999999995     1.6937499999999968   
   1.6187499999999995     1.7062499999999967   
   1.6187499999999995     1.7187499999999969   
   1.6187499999999995     1.7312499999999968   
   1.6187499999999995     1.7437499999999968   
   1.6187499999999995     1.7562499999999968   
   1.6187499999999995     1.7687499999999967   
   1.6187499999999995     1.7812499999999964   
   1.6187499999999995     1.7937499999999966   
   1.6187499999999995     1.8062499999999966   
   1.6187499999999995     1.8187499999999965   
   1.6187499999999995     1.8312499999999965   
   1.6187499999999995     1.8437499999999962   
   1.6187499999999995     1.8562499999999964   
   1.6187499999999995     1.8687499999999964   
   1.6187499999999997     1.8812499999999963   
   1.6187499999999997     1.8937499999999960   
   1.6187499999999995     1.9062499999999960   
   1.6187499999999997     1.9187499999999962   
   1.6187499999999997     1.9312499999999961   
   1.6187499999999997     1.9437499999999961   
   1.6187499999999997     1.9562499999999958   
   1.6187499999999997     1.9687499999999960   
   1.6187499999999997     1.9812499999999957   
   1.6187499999999997     1.9937499999999979   
   1.6312499999999988     1.4062499999999973   
   1.6312499999999988     1.4187499999999975   
   1.6312499999999990     1.4312499999999972   
   1.6312499999999988     1.4437499999999974   
   1.6312499999999988     1.4562499999999972   
   1.6312499999999990     1.4687499999999971   
   1.6312499999999988     1.4812499999999975   
   1.6312499999999990     1.4937499999999972   
   1.6312499999999990     1.5062499999999972   
   1.6312499999999990     1.5187499999999972   
   1.6312499999999990     1.5312499999999969   
   1.6312499999999990     1.5437499999999971   
   1.6312499999999990     1.5562499999999972   
   1.6312499999999990     1.5687499999999972   
   1.6312499999999990     1.5812499999999972   
   1.6312499999999990     1.5937499999999971   
   1.6312499999999990     1.6062499999999968   
   1.6312499999999990     1.6187499999999968   
   1.6312499999999990     1.6312499999999968   
   1.6312499999999990     1.6437499999999972   
   1.6312499999999992     1.6562499999999969   
   1.6312499999999990     1.6687499999999968   
   1.6312499999999990     1.6812499999999966   
   1.6312499999999992     1.6937499999999965   
   1.6312499999999990     1.7062499999999965   
   1.6312499999999990     1.7187499999999967   
   1.6312499999999992     1.7312499999999966   
   1.6312499999999992     1.7437499999999966   
   1.6312499999999992     1.7562499999999968   
   1.6312499999999992     1.7687499999999965   
   1.6312499999999994     1.7812499999999964   
   1.6312499999999994     1.7937499999999964   
   1.6312499999999992     1.8062499999999966   
   1.6312499999999994     1.8187499999999961   
   1.6312499999999994     1.8312499999999963   
   1.6312499999999994     1.8437499999999964   
   1.6312499999999994     1.8562499999999962   
   1.6312499999999994     1.8687499999999964   
   1.6312499999999996     1.8812499999999961   
   1.6312499999999996     1.8937499999999960   
   1.6312499999999994     1.9062499999999960   
   1.6312499999999996     1.9187499999999962   
   1.6312499999999996     1.9312499999999959   
   1.6312499999999996     1.9437499999999961   
   1.6312499999999996     1.9562499999999958   
   1.6312499999999996     1.9687499999999960   
   1.6312499999999996     1.9812499999999957   
   1.6312499999999996     1.9937499999999979   
   1.6437499999999989     1.4062499999999973   
   1.6437499999999989     1.4187499999999975   
   1.6437499999999989     1.4312499999999975   
   1.6437499999999989     1.4437499999999974   
   1.6437499999999989     1.4562499999999972   
   1.6437499999999989     1.4687499999999971   
   1.6437499999999989     1.4812499999999973   
   1.6437499999999989     1.4937499999999972   
   1.6437499999999989     1.5062499999999972   
   1.6437499999999989     1.5187499999999972   
   1.6437499999999989     1.5312499999999969   
   1.6437499999999989     1.5437499999999968   
   1.6437499999999989     1.5562499999999968   
   1.6437499999999989     1.5687499999999970   
   1.6437499999999989     1.5812499999999972   
   1.6437499999999989     1.5937499999999969   
   1.6437499999999992     1.6062499999999968   
   1.6437499999999992     1.6187499999999966   
   1.6437499999999989     1.6312499999999968   
   1.6437499999999992     1.6437499999999969   
   1.6437499999999994     1.6562499999999964   
   1.6437499999999994     1.6687499999999966   
   1.6437499999999994     1.6812499999999966   
   1.6437499999999994     1.6937499999999965   
   1.6437499999999994     1.7062499999999967   
   1.6437499999999994     1.7187499999999964   
   1.6437499999999994     1.7312499999999964   
   1.6437499999999994     1.7437499999999964   
   1.6437499999999994     1.7562499999999965   
   1.6437499999999994     1.7687499999999967   
   1.6437499999999994     1.7812499999999967   
   1.6437499999999994     1.7937499999999966   
   1.6437499999999994     1.8062499999999966   
   1.6437499999999994     1.8187499999999961   
   1.6437499999999998     1.8312499999999965   
   1.6437499999999998     1.8437499999999964   
   1.6437499999999998     1.8562499999999960   
   1.6437499999999998     1.8687499999999959   
   1.6437499999999998     1.8812499999999961   
   1.6437499999999998     1.8937499999999958   
   1.6437499999999998     1.9062499999999964   
   1.6437499999999998     1.9187499999999962   
   1.6437499999999998     1.9312499999999959   
   1.6437499999999998     1.9437499999999959   
   1.6437499999999998     1.9562499999999960   
   1.6437499999999998     1.9687499999999960   
   1.6437499999999998     1.9812499999999957   
   1.6437499999999998     1.9937499999999981   
   1.6562499999999991     1.4062499999999973   
   1.6562499999999991     1.4187499999999975   
   1.6562499999999991     1.4312499999999972   
   1.6562499999999991     1.4437499999999972   
   1.6562499999999991     1.4562499999999974   
   1.6562499999999991     1.4687499999999973   
   1.6562499999999991     1.4812499999999971   
   1.6562499999999991     1.4937499999999970   
   1.6562499999999991     1.5062499999999970   
   1.6562499999999991     1.5187499999999972   
   1.6562499999999991     1.5312499999999969   
   1.6562499999999991     1.5437499999999968   
   1.6562499999999991     1.5562499999999968   
   1.6562499999999991     1.5687499999999970   
   1.6562499999999991     1.5812499999999972   
   1.6562499999999991     1.5937499999999969   
   1.6562499999999991     1.6062499999999968   
   1.6562499999999991     1.6187499999999968   
   1.6562499999999993     1.6312499999999968   
   1.6562499999999993     1.6437499999999967   
   1.6562499999999993     1.6562499999999967   
   1.6562499999999993     1.6687499999999966   
   1.6562499999999993     1.6812499999999968   
   1.6562499999999993     1.6937499999999965   
   1.6562499999999993     1.7062499999999967   
   1.6562499999999993     1.7187499999999964   
   1.6562499999999996     1.7312499999999964   
   1.6562499999999996     1.7437499999999966   
   1.6562499999999996     1.7562499999999965   
   1.6562499999999996     1.7687499999999967   
   1.6562499999999996     1.7812499999999964   
   1.6562499999999996     1.7937499999999964   
   1.6562499999999996     1.8062499999999964   
   1.6562499999999996     1.8187499999999963   
   1.6562499999999996     1.8312499999999965   
   1.6562499999999996     1.8437499999999962   
   1.6562499999999998     1.8562499999999957   
   1.6562499999999996     1.8687499999999959   
   1.6562500000000000     1.8812499999999961   
   1.6562500000000000     1.8937499999999960   
   1.6562500000000000     1.9062499999999962   
   1.6562500000000000     1.9187499999999962   
   1.6562500000000000     1.9312499999999961   
   1.6562500000000000     1.9437499999999961   
   1.6562500000000000     1.9562499999999960   
   1.6562500000000000     1.9687499999999960   
   1.6562500000000000     1.9812499999999957   
   1.6562500000000000     1.9937499999999977   
   1.6687499999999991     1.5562499999999970   
   1.6687499999999988     1.5687499999999972   
   1.6687499999999993     1.5812499999999969   
   1.6687499999999993     1.5937499999999969   
   1.6687499999999991     1.6062499999999971   
   1.6687499999999988     1.6187499999999968   
   1.6687499999999993     1.6312499999999965   
   1.6687499999999993     1.6437499999999967   
   1.6687499999999993     1.6562499999999969   
   1.6687499999999993     1.6687499999999968   
   1.6687499999999993     1.6812499999999968   
   1.6687499999999993     1.6937499999999968   
   1.6687499999999993     1.7062499999999967   
   1.6687499999999995     1.7187499999999964   
   1.6687499999999993     1.7312499999999966   
   1.6687499999999993     1.7437499999999968   
   1.6687499999999995     1.7562499999999961   
   1.6687499999999995     1.7687499999999963   
   1.6687499999999995     1.7812499999999964   
   1.6687499999999995     1.7937499999999962   
   1.6687499999999997     1.8062499999999964   
   1.6687499999999995     1.8187499999999965   
   1.6687499999999997     1.8312499999999963   
   1.6687499999999995     1.8437499999999960   
   1.6687499999999997     1.8562499999999960   
   1.6687499999999997     1.8687499999999961   
   1.6687499999999997     1.8812499999999961   
   1.6687499999999997     1.8937499999999960   
   1.6687499999999997     1.9062499999999960   
   1.6687499999999997     1.9187499999999960   
   1.6687499999999997     1.9312499999999959   
   1.6687499999999997     1.9437499999999959   
   1.6687499999999997     1.9562499999999958   
   1.6687499999999997     1.9687499999999960   
   1.6687499999999997     1.9812499999999957   
   1.6687499999999997     1.9937499999999979   
   1.6812499999999990     1.5562499999999972   
   1.6812499999999990     1.5687499999999972   
   1.6812499999999990     1.5812499999999969   
   1.6812499999999990     1.5937499999999969   
   1.6812499999999990     1.6062499999999971   
   1.6812499999999990     1.6187499999999968   
   1.6812499999999990     1.6312499999999968   
   1.6812499999999990     1.6437499999999967   
   1.6812499999999990     1.6562499999999969   
   1.6812499999999990     1.6687499999999971   
   1.6812499999999992     1.6812499999999968   
   1.6812499999999990     1.6937499999999965   
   1.6812499999999992     1.7062499999999967   
   1.6812499999999995     1.7187499999999964   
   1.6812499999999990     1.7312499999999966   
   1.6812499999999992     1.7437499999999966   
   1.6812499999999995     1.7562499999999961   
   1.6812499999999995     1.7687499999999963   
   1.6812499999999995     1.7812499999999964   
   1.6812499999999995     1.7937499999999966   
   1.6812499999999997     1.8062499999999966   
   1.6812499999999997     1.8187499999999965   
   1.6812499999999997     1.8312499999999963   
   1.6812499999999997     1.8437499999999960   
   1.6812499999999997     1.8562499999999962   
   1.6812499999999997     1.8687499999999964   
   1.6812499999999997     1.8812499999999963   
   1.6812499999999997     1.8937499999999960   
   1.6812499999999999     1.9062499999999960   
   1.6812500000000001     1.9187499999999957   
   1.6812500000000001     1.9312499999999959   
   1.6812500000000001     1.9437499999999959   
   1.6812500000000001     1.9562499999999960   
   1.6812500000000001     1.9687499999999956   
   1.6812500000000001     1.9812499999999957   
   1.6812499999999999     1.9937499999999979   
   1.6937499999999990     1.5562499999999968   
   1.6937499999999990     1.5687499999999970   
   1.6937499999999992     1.5812499999999972   
   1.6937499999999990     1.5937499999999969   
   1.6937499999999990     1.6062499999999966   
   1.6937499999999992     1.6187499999999968   
   1.6937499999999990     1.6312499999999965   
   1.6937499999999990     1.6437499999999965   
   1.6937499999999990     1.6562499999999967   
   1.6937499999999992     1.6687499999999968   
   1.6937499999999992     1.6812499999999966   
   1.6937499999999994     1.6937499999999961   
   1.6937499999999994     1.7062499999999967   
   1.6937499999999992     1.7187499999999964   
   1.6937499999999994     1.7312499999999966   
   1.6937499999999994     1.7437499999999964   
   1.6937499999999994     1.7562499999999961   
   1.6937499999999994     1.7687499999999963   
   1.6937499999999996     1.7812499999999962   
   1.6937499999999996     1.7937499999999964   
   1.6937499999999996     1.8062499999999964   
   1.6937499999999996     1.8187499999999961   
   1.6937499999999996     1.8312499999999963   
   1.6937499999999996     1.8437499999999960   
   1.6937499999999996     1.8562499999999962   
   1.6937499999999996     1.8687499999999959   
   1.6937499999999996     1.8812499999999961   
   1.6937499999999996     1.8937499999999960   
   1.6937499999999999     1.9062499999999960   
   1.6937500000000001     1.9187499999999957   
   1.6937500000000001     1.9312499999999959   
   1.6937500000000001     1.9437499999999956   
   1.6937500000000001     1.9562499999999958   
   1.6937500000000001     1.9687499999999958   
   1.6937500000000001     1.9812499999999957   
   1.6937500000000001     1.9937499999999979   
   1.7062499999999989     1.5562499999999970   
   1.7062499999999994     1.5687499999999970   
   1.7062499999999994     1.5812499999999969   
   1.7062499999999992     1.5937499999999964   
   1.7062499999999994     1.6062499999999966   
   1.7062499999999994     1.6187499999999966   
   1.7062499999999992     1.6312499999999968   
   1.7062499999999989     1.6437499999999965   
   1.7062499999999994     1.6562499999999964   
   1.7062499999999994     1.6687499999999968   
   1.7062499999999994     1.6812499999999966   
   1.7062499999999994     1.6937499999999963   
   1.7062499999999994     1.7062499999999965   
   1.7062499999999994     1.7187499999999964   
   1.7062499999999994     1.7312499999999966   
   1.7062499999999994     1.7437499999999964   
   1.7062499999999994     1.7562499999999961   
   1.7062499999999994     1.7687499999999963   
   1.7062499999999994     1.7812499999999962   
   1.7062499999999994     1.7937499999999964   
   1.7062499999999994     1.8062499999999964   
   1.7062499999999994     1.8187499999999961   
   1.7062499999999994     1.8312499999999963   
   1.7062499999999994     1.8437499999999960   
   1.7062499999999998     1.8562499999999960   
   1.7062499999999998     1.8687499999999959   
   1.7062499999999998     1.8812499999999959   
   1.7062499999999998     1.8937499999999960   
   1.7062499999999998     1.9062499999999960   
   1.7062499999999998     1.9187499999999957   
   1.7062499999999998     1.9312499999999959   
   1.7062499999999998     1.9437499999999956   
   1.7062499999999998     1.9562499999999958   
   1.7062499999999998     1.9687499999999960   
   1.7062499999999998     1.9812499999999957   
   1.7062499999999998     1.9937499999999981   
   1.7187499999999991     1.5562499999999968   
   1.7187499999999991     1.5687499999999970   
   1.7187499999999991     1.5812499999999967   
   1.7187499999999991     1.5937499999999969   
   1.7187499999999991     1.6062499999999968   
   1.7187499999999991     1.6187499999999968   
   1.7187499999999993     1.6312499999999968   
   1.7187499999999993     1.6437499999999967   
   1.7187499999999993     1.6562499999999964   
   1.7187499999999993     1.6687499999999966   
   1.7187499999999991     1.6812499999999964   
   1.7187499999999993     1.6937499999999965   
   1.7187499999999993     1.7062499999999965   
   1.7187499999999993     1.7187499999999964   
   1.7187499999999993     1.7312499999999966   
   1.7187499999999993     1.7437499999999964   
   1.7187499999999996     1.7562499999999963   
   1.7187499999999996     1.7687499999999963   
   1.7187499999999996     1.7812499999999962   
   1.7187499999999996     1.7937499999999962   
   1.7187499999999996     1.8062499999999961   
   1.7187499999999996     1.8187499999999961   
   1.7187499999999996     1.8312499999999960   
   1.7187499999999996     1.8437499999999960   
   1.7187499999999996     1.8562499999999962   
   1.7187499999999996     1.8687499999999961   
   1.7187499999999996     1.8812499999999961   
   1.7187499999999996     1.8937499999999958   
   1.7187499999999996     1.9062499999999960   
   1.7187500000000000     1.9187499999999957   
   1.7187500000000000     1.9312499999999959   
   1.7187500000000000     1.9437499999999956   
   1.7187500000000000     1.9562499999999958   
   1.7187500000000000     1.9687499999999958   
   1.7187500000000000     1.9812499999999957   
   1.7187500000000000     1.9937499999999979   
   1.7312499999999991     1.5562499999999970   
   1.7312499999999991     1.5687499999999970   
   1.7312499999999991     1.5812499999999972   
   1.7312499999999991     1.5937499999999971   
   1.7312499999999991     1.6062499999999968   
   1.7312499999999991     1.6187499999999968   
   1.7312499999999993     1.6312499999999968   
   1.7312499999999993     1.6437499999999967   
   1.7312499999999993     1.6562499999999964   
   1.7312499999999993     1.6687499999999966   
   1.7312499999999991     1.6812499999999964   
   1.7312499999999993     1.6937499999999965   
   1.7312499999999993     1.7062499999999965   
   1.7312499999999993     1.7187499999999964   
   1.7312499999999993     1.7312499999999964   
   1.7312499999999993     1.7437499999999964   
   1.7312499999999993     1.7562499999999961   
   1.7312499999999993     1.7687499999999963   
   1.7312499999999995     1.7812499999999960   
   1.7312499999999995     1.7937499999999960   
   1.7312499999999993     1.8062499999999961   
   1.7312499999999993     1.8187499999999963   
   1.7312499999999995     1.8312499999999963   
   1.7312499999999997     1.8437499999999960   
   1.7312499999999995     1.8562499999999960   
   1.7312499999999995     1.8687499999999959   
   1.7312499999999997     1.8812499999999959   
   1.7312499999999997     1.8937499999999958   
   1.7312499999999997     1.9062499999999960   
   1.7312499999999997     1.9187499999999957   
   1.7312499999999997     1.9312499999999957   
   1.7312499999999997     1.9437499999999959   
   1.7312499999999997     1.9562499999999954   
   1.7312499999999997     1.9687499999999953   
   1.7312499999999997     1.9812499999999957   
   1.7312499999999997     1.9937499999999979   
   1.7437499999999988     1.5562499999999972   
   1.7437499999999990     1.5687499999999970   
   1.7437499999999990     1.5812499999999967   
   1.7437499999999992     1.5937499999999969   
   1.7437499999999990     1.6062499999999968   
   1.7437499999999990     1.6187499999999968   
   1.7437499999999992     1.6312499999999965   
   1.7437499999999990     1.6437499999999965   
   1.7437499999999990     1.6562499999999964   
   1.7437499999999992     1.6687499999999966   
   1.7437499999999995     1.6812499999999966   
   1.7437499999999995     1.6937499999999961   
   1.7437499999999995     1.7062499999999963   
   1.7437499999999995     1.7187499999999967   
   1.7437499999999995     1.7312499999999966   
   1.7437499999999995     1.7437499999999961   
   1.7437499999999995     1.7562499999999961   
   1.7437499999999995     1.7687499999999963   
   1.7437499999999995     1.7812499999999964   
   1.7437499999999995     1.7937499999999962   
   1.7437499999999995     1.8062499999999961   
   1.7437499999999995     1.8187499999999961   
   1.7437499999999995     1.8312499999999963   
   1.7437499999999997     1.8437499999999960   
   1.7437499999999995     1.8562499999999957   
   1.7437499999999995     1.8687499999999959   
   1.7437499999999997     1.8812499999999959   
   1.7437499999999997     1.8937499999999958   
   1.7437499999999997     1.9062499999999958   
   1.7437499999999997     1.9187499999999957   
   1.7437499999999997     1.9312499999999959   
   1.7437499999999997     1.9437499999999956   
   1.7437499999999999     1.9562499999999954   
   1.7437499999999999     1.9687499999999953   
   1.7437499999999999     1.9812499999999957   
   1.7437499999999999     1.9937499999999981   
   1.7562499999999990     1.5562499999999968   
   1.7562499999999990     1.5687499999999970   
   1.7562499999999990     1.5812499999999967   
   1.7562499999999992     1.5937499999999969   
   1.7562499999999992     1.6062499999999968   
   1.7562499999999990     1.6187499999999968   
   1.7562499999999992     1.6312499999999965   
   1.7562499999999994     1.6437499999999965   
   1.7562499999999992     1.6562499999999964   
   1.7562499999999992     1.6687499999999964   
   1.7562499999999996     1.6812499999999964   
   1.7562499999999996     1.6937499999999961   
   1.7562499999999996     1.7062499999999963   
   1.7562499999999996     1.7187499999999964   
   1.7562499999999996     1.7312499999999964   
   1.7562499999999996     1.7437499999999964   
   1.7562499999999996     1.7562499999999961   
   1.7562499999999996     1.7687499999999963   
   1.7562499999999996     1.7812499999999964   
   1.7562499999999996     1.7937499999999962   
   1.7562499999999996     1.8062499999999961   
   1.7562499999999996     1.8187499999999961   
   1.7562499999999996     1.8312499999999963   
   1.7562499999999996     1.8437499999999960   
   1.7562499999999996     1.8562499999999957   
   1.7562499999999996     1.8687499999999957   
   1.7562499999999996     1.8812499999999959   
   1.7562499999999996     1.8937499999999958   
   1.7562499999999996     1.9062499999999960   
   1.7562499999999999     1.9187499999999957   
   1.7562499999999999     1.9312499999999957   
   1.7562499999999999     1.9437499999999956   
   1.7562499999999999     1.9562499999999954   
   1.7562499999999999     1.9687499999999953   
   1.7562499999999999     1.9812499999999957   
   1.7562500000000001     1.9937499999999979   
   1.7687499999999989     1.5562499999999968   
   1.7687499999999989     1.5687499999999970   
   1.7687499999999989     1.5812499999999972   
   1.7687499999999992     1.5937499999999969   
   1.7687499999999992     1.6062499999999971   
   1.7687499999999994     1.6187499999999968   
   1.7687499999999992     1.6312499999999968   
   1.7687499999999992     1.6437499999999965   
   1.7687499999999994     1.6562499999999964   
   1.7687499999999994     1.6687499999999962   
   1.7687499999999994     1.6812499999999964   
   1.7687499999999994     1.6937499999999961   
   1.7687499999999994     1.7062499999999965   
   1.7687499999999994     1.7187499999999964   
   1.7687499999999994     1.7312499999999962   
   1.7687499999999998     1.7437499999999964   
   1.7687499999999998     1.7562499999999961   
   1.7687499999999998     1.7687499999999960   
   1.7687499999999998     1.7812499999999962   
   1.7687499999999998     1.7937499999999964   
   1.7687499999999998     1.8062499999999964   
   1.7687499999999998     1.8187499999999959   
   1.7687499999999998     1.8312499999999960   
   1.7687499999999998     1.8437499999999960   
   1.7687499999999998     1.8562499999999960   
   1.7687499999999998     1.8687499999999961   
   1.7687499999999998     1.8812499999999961   
   1.7687499999999998     1.8937499999999958   
   1.7687499999999998     1.9062499999999960   
   1.7687499999999998     1.9187499999999957   
   1.7687499999999998     1.9312499999999955   
   1.7687499999999998     1.9437499999999956   
   1.7687499999999998     1.9562499999999954   
   1.7687499999999998     1.9687499999999953   
   1.7687499999999998     1.9812499999999955   
   1.7687499999999998     1.9937499999999977   
   1.7812499999999991     1.5562499999999968   
   1.7812499999999987     1.5687499999999968   
   1.7812499999999991     1.5812499999999969   
   1.7812499999999991     1.5937499999999969   
   1.7812499999999991     1.6062499999999966   
   1.7812499999999991     1.6187499999999964   
   1.7812499999999993     1.6312499999999965   
   1.7812499999999991     1.6437499999999965   
   1.7812499999999991     1.6562499999999962   
   1.7812499999999991     1.6687499999999964   
   1.7812499999999991     1.6812499999999964   
   1.7812499999999993     1.6937499999999961   
   1.7812499999999993     1.7062499999999963   
   1.7812499999999993     1.7187499999999964   
   1.7812499999999993     1.7312499999999962   
   1.7812499999999996     1.7437499999999964   
   1.7812499999999993     1.7562499999999961   
   1.7812499999999993     1.7687499999999960   
   1.7812499999999996     1.7812499999999960   
   1.7812499999999996     1.7937499999999962   
   1.7812499999999996     1.8062499999999961   
   1.7812499999999996     1.8187499999999961   
   1.7812499999999996     1.8312499999999958   
   1.7812499999999996     1.8437499999999960   
   1.7812499999999996     1.8562499999999962   
   1.7812499999999996     1.8687499999999959   
   1.7812499999999996     1.8812499999999959   
   1.7812499999999996     1.8937499999999958   
   1.7812499999999996     1.9062499999999956   
   1.7812500000000000     1.9187499999999957   
   1.7812499999999998     1.9312499999999957   
   1.7812499999999996     1.9437499999999956   
   1.7812499999999996     1.9562499999999954   
   1.7812500000000000     1.9687499999999951   
   1.7812500000000000     1.9812499999999953   
   1.7812500000000000     1.9937499999999977   
   1.7937499999999991     1.5562499999999968   
   1.7937499999999991     1.5687499999999970   
   1.7937499999999991     1.5812499999999969   
   1.7937499999999991     1.5937499999999964   
   1.7937499999999991     1.6062499999999964   
   1.7937499999999991     1.6187499999999968   
   1.7937499999999993     1.6312499999999965   
   1.7937499999999993     1.6437499999999963   
   1.7937499999999991     1.6562499999999960   
   1.7937499999999991     1.6687499999999962   
   1.7937499999999991     1.6812499999999964   
   1.7937499999999993     1.6937499999999965   
   1.7937499999999993     1.7062499999999965   
   1.7937499999999993     1.7187499999999964   
   1.7937499999999993     1.7312499999999960   
   1.7937499999999995     1.7437499999999961   
   1.7937499999999995     1.7562499999999961   
   1.7937499999999995     1.7687499999999960   
   1.7937499999999997     1.7812499999999960   
   1.7937499999999997     1.7937499999999962   
   1.7937499999999997     1.8062499999999961   
   1.7937499999999997     1.8187499999999961   
   1.7937499999999997     1.8312499999999958   
   1.7937499999999997     1.8437499999999960   
   1.7937499999999997     1.8562499999999962   
   1.7937499999999997     1.8687499999999959   
   1.7937499999999997     1.8812499999999956   
   1.7937499999999997     1.8937499999999958   
   1.7937499999999997     1.9062499999999958   
   1.7937499999999997     1.9187499999999957   
   1.7937499999999997     1.9312499999999955   
   1.7937499999999997     1.9437499999999956   
   1.7937499999999997     1.9562499999999954   
   1.7937499999999997     1.9687499999999953   
   1.7937499999999997     1.9812499999999953   
   1.7937500000000000     1.9937499999999977   
   1.8062499999999990     1.5562499999999970   
   1.8062499999999990     1.5687499999999970   
   1.8062499999999990     1.5812499999999967   
   1.8062499999999990     1.5937499999999967   
   1.8062499999999990     1.6062499999999966   
   1.8062499999999990     1.6187499999999966   
   1.8062499999999990     1.6312499999999968   
   1.8062499999999992     1.6437499999999965   
   1.8062499999999990     1.6562499999999964   
   1.8062499999999990     1.6687499999999962   
   1.8062499999999992     1.6812499999999968   
   1.8062499999999990     1.6937499999999965   
   1.8062499999999990     1.7062499999999963   
   1.8062499999999990     1.7187499999999964   
   1.8062499999999992     1.7312499999999962   
   1.8062499999999995     1.7437499999999961   
   1.8062499999999995     1.7562499999999961   
   1.8062499999999995     1.7687499999999960   
   1.8062499999999997     1.7812499999999960   
   1.8062499999999997     1.7937499999999957   
   1.8062499999999997     1.8062499999999959   
   1.8062499999999997     1.8187499999999959   
   1.8062499999999997     1.8312499999999960   
   1.8062499999999997     1.8437499999999960   
   1.8062499999999997     1.8562499999999957   
   1.8062499999999997     1.8687499999999959   
   1.8062499999999997     1.8812499999999956   
   1.8062499999999997     1.8937499999999958   
   1.8062499999999997     1.9062499999999956   
   1.8062499999999997     1.9187499999999957   
   1.8062499999999997     1.9312499999999957   
   1.8062499999999997     1.9437499999999954   
   1.8062499999999997     1.9562499999999954   
   1.8062499999999997     1.9687499999999953   
   1.8062499999999999     1.9812499999999955   
   1.8062499999999999     1.9937499999999977   
   1.8187499999999990     1.5562499999999968   
   1.8187499999999990     1.5687499999999968   
   1.8187499999999990     1.5812499999999967   
   1.8187499999999988     1.5937499999999969   
   1.8187499999999990     1.6062499999999966   
   1.8187499999999990     1.6187499999999964   
   1.8187499999999990     1.6312499999999965   
   1.8187499999999990     1.6437499999999967   
   1.8187499999999990     1.6562499999999962   
   1.8187499999999990     1.6687499999999964   
   1.8187499999999990     1.6812499999999964   
   1.8187499999999990     1.6937499999999961   
   1.8187499999999992     1.7062499999999963   
   1.8187499999999992     1.7187499999999964   
   1.8187499999999990     1.7312499999999962   
   1.8187499999999996     1.7437499999999961   
   1.8187499999999996     1.7562499999999961   
   1.8187499999999996     1.7687499999999960   
   1.8187499999999996     1.7812499999999960   
   1.8187499999999996     1.7937499999999957   
   1.8187499999999996     1.8062499999999957   
   1.8187499999999996     1.8187499999999959   
   1.8187499999999996     1.8312499999999958   
   1.8187499999999996     1.8437499999999960   
   1.8187499999999996     1.8562499999999957   
   1.8187499999999996     1.8687499999999959   
   1.8187499999999996     1.8812499999999956   
   1.8187499999999996     1.8937499999999958   
   1.8187500000000001     1.9062499999999956   
   1.8187499999999999     1.9187499999999957   
   1.8187499999999996     1.9312499999999957   
   1.8187499999999996     1.9437499999999956   
   1.8187499999999996     1.9562499999999954   
   1.8187500000000001     1.9687499999999953   
   1.8187500000000001     1.9812499999999957   
   1.8187500000000001     1.9937499999999977   
   1.8312499999999989     1.5562499999999966   
   1.8312499999999989     1.5687499999999965   
   1.8312499999999989     1.5812499999999965   
   1.8312499999999989     1.5937499999999967   
   1.8312499999999989     1.6062499999999966   
   1.8312499999999994     1.6187499999999968   
   1.8312499999999992     1.6312499999999965   
   1.8312499999999992     1.6437499999999965   
   1.8312499999999994     1.6562499999999964   
   1.8312499999999994     1.6687499999999962   
   1.8312499999999992     1.6812499999999964   
   1.8312499999999994     1.6937499999999961   
   1.8312499999999994     1.7062499999999963   
   1.8312499999999992     1.7187499999999964   
   1.8312499999999994     1.7312499999999964   
   1.8312499999999994     1.7437499999999964   
   1.8312499999999994     1.7562499999999961   
   1.8312499999999994     1.7687499999999960   
   1.8312499999999994     1.7812499999999960   
   1.8312499999999994     1.7937499999999957   
   1.8312499999999994     1.8062499999999957   
   1.8312499999999994     1.8187499999999961   
   1.8312499999999994     1.8312499999999958   
   1.8312499999999994     1.8437499999999958   
   1.8312499999999994     1.8562499999999957   
   1.8312499999999994     1.8687499999999961   
   1.8312499999999998     1.8812499999999956   
   1.8312499999999998     1.8937499999999958   
   1.8312499999999998     1.9062499999999956   
   1.8312499999999998     1.9187499999999957   
   1.8312499999999998     1.9312499999999955   
   1.8312500000000000     1.9437499999999954   
   1.8312499999999998     1.9562499999999954   
   1.8312499999999998     1.9687499999999956   
   1.8312499999999998     1.9812499999999957   
   1.8312500000000000     1.9937499999999977   
   1.8437499999999987     1.5562499999999968   
   1.8437499999999991     1.5687499999999965   
   1.8437499999999991     1.5812499999999967   
   1.8437499999999989     1.5937499999999969   
   1.8437499999999989     1.6062499999999966   
   1.8437499999999993     1.6187499999999966   
   1.8437499999999991     1.6312499999999965   
   1.8437499999999991     1.6437499999999963   
   1.8437499999999993     1.6562499999999964   
   1.8437499999999993     1.6687499999999962   
   1.8437499999999993     1.6812499999999961   
   1.8437499999999993     1.6937499999999963   
   1.8437499999999996     1.7062499999999963   
   1.8437499999999996     1.7187499999999962   
   1.8437499999999993     1.7312499999999957   
   1.8437499999999993     1.7437499999999959   
   1.8437499999999996     1.7562499999999959   
   1.8437499999999996     1.7687499999999958   
   1.8437499999999996     1.7812499999999960   
   1.8437499999999996     1.7937499999999960   
   1.8437499999999996     1.8062499999999961   
   1.8437499999999996     1.8187499999999961   
   1.8437499999999996     1.8312499999999958   
   1.8437499999999996     1.8437499999999960   
   1.8437499999999996     1.8562499999999957   
   1.8437499999999996     1.8687499999999959   
   1.8437499999999996     1.8812499999999959   
   1.8437499999999996     1.8937499999999958   
   1.8437499999999996     1.9062499999999956   
   1.8437499999999996     1.9187499999999957   
   1.8437499999999996     1.9312499999999955   
   1.8437500000000000     1.9437499999999956   
   1.8437499999999998     1.9562499999999954   
   1.8437499999999998     1.9687499999999953   
   1.8437499999999998     1.9812499999999953   
   1.8437500000000000     1.9937499999999977   
   1.8562499999999991     1.5562499999999968   
   1.8562499999999991     1.5687499999999968   
   1.8562499999999991     1.5812499999999967   
   1.8562499999999991     1.5937499999999969   
   1.8562499999999993     1.6062499999999966   
   1.8562499999999993     1.6187499999999964   
   1.8562499999999993     1.6312499999999965   
   1.8562499999999993     1.6437499999999963   
   1.8562499999999993     1.6562499999999964   
   1.8562499999999993     1.6687499999999964   
   1.8562499999999993     1.6812499999999964   
   1.8562499999999995     1.6937499999999961   
   1.8562499999999995     1.7062499999999963   
   1.8562499999999995     1.7187499999999960   
   1.8562499999999995     1.7312499999999962   
   1.8562499999999995     1.7437499999999961   
   1.8562499999999995     1.7562499999999961   
   1.8562499999999995     1.7687499999999960   
   1.8562499999999995     1.7812499999999962   
   1.8562499999999995     1.7937499999999962   
   1.8562499999999995     1.8062499999999964   
   1.8562499999999997     1.8187499999999959   
   1.8562499999999995     1.8312499999999958   
   1.8562499999999997     1.8437499999999960   
   1.8562499999999995     1.8562499999999957   
   1.8562499999999997     1.8687499999999957   
   1.8562499999999995     1.8812499999999956   
   1.8562499999999997     1.8937499999999958   
   1.8562499999999997     1.9062499999999956   
   1.8562499999999997     1.9187499999999955   
   1.8562499999999997     1.9312499999999955   
   1.8562500000000000     1.9437499999999954   
   1.8562499999999997     1.9562499999999954   
   1.8562500000000000     1.9687499999999951   
   1.8562500000000002     1.9812499999999951   
   1.8562500000000002     1.9937499999999975   
   1.8687499999999990     1.5562499999999966   
   1.8687499999999990     1.5687499999999965   
   1.8687499999999990     1.5812499999999965   
   1.8687499999999995     1.5937499999999964   
   1.8687499999999995     1.6062499999999964   
   1.8687499999999990     1.6187499999999964   
   1.8687499999999990     1.6312499999999965   
   1.8687499999999990     1.6437499999999963   
   1.8687499999999995     1.6562499999999962   
   1.8687499999999995     1.6687499999999962   
   1.8687499999999995     1.6812499999999964   
   1.8687499999999995     1.6937499999999961   
   1.8687499999999995     1.7062499999999960   
   1.8687499999999995     1.7187499999999962   
   1.8687499999999995     1.7312499999999962   
   1.8687499999999995     1.7437499999999964   
   1.8687499999999995     1.7562499999999961   
   1.8687499999999995     1.7687499999999960   
   1.8687499999999995     1.7812499999999960   
   1.8687499999999995     1.7937499999999957   
   1.8687499999999995     1.8062499999999957   
   1.8687499999999997     1.8187499999999956   
   1.8687499999999997     1.8312499999999958   
   1.8687499999999997     1.8437499999999960   
   1.8687499999999997     1.8562499999999957   
   1.8687499999999997     1.8687499999999955   
   1.8687499999999997     1.8812499999999956   
   1.8687499999999997     1.8937499999999954   
   1.8687499999999997     1.9062499999999953   
   1.8687499999999997     1.9187499999999953   
   1.8687499999999997     1.9312499999999952   
   1.8687499999999999     1.9437499999999956   
   1.8687499999999999     1.9562499999999954   
   1.8687499999999999     1.9687499999999953   
   1.8687500000000004     1.9812499999999953   
   1.8687500000000004     1.9937499999999977   
   1.8812499999999990     1.5562499999999964   
   1.8812499999999988     1.5687499999999965   
   1.8812499999999990     1.5812499999999965   
   1.8812499999999992     1.5937499999999964   
   1.8812499999999992     1.6062499999999964   
   1.8812499999999992     1.6187499999999964   
   1.8812499999999992     1.6312499999999961   
   1.8812499999999990     1.6437499999999963   
   1.8812499999999992     1.6562499999999964   
   1.8812499999999994     1.6687499999999962   
   1.8812499999999992     1.6812499999999964   
   1.8812499999999996     1.6937499999999961   
   1.8812499999999996     1.7062499999999963   
   1.8812499999999996     1.7187499999999960   
   1.8812499999999996     1.7312499999999962   
   1.8812499999999996     1.7437499999999961   
   1.8812499999999996     1.7562499999999961   
   1.8812499999999996     1.7687499999999960   
   1.8812499999999996     1.7812499999999960   
   1.8812499999999996     1.7937499999999957   
   1.8812499999999996     1.8062499999999957   
   1.8812499999999996     1.8187499999999956   
   1.8812499999999996     1.8312499999999958   
   1.8812499999999996     1.8437499999999960   
   1.8812499999999996     1.8562499999999957   
   1.8812499999999996     1.8687499999999957   
   1.8812499999999996     1.8812499999999956   
   1.8812499999999996     1.8937499999999956   
   1.8812499999999996     1.9062499999999956   
   1.8812499999999996     1.9187499999999953   
   1.8812499999999999     1.9312499999999955   
   1.8812499999999999     1.9437499999999954   
   1.8812499999999999     1.9562499999999954   
   1.8812499999999999     1.9687499999999951   
   1.8812499999999999     1.9812499999999953   
   1.8812500000000001     1.9937499999999975   
   1.8937499999999989     1.5562499999999964   
   1.8937499999999992     1.5687499999999965   
   1.8937499999999989     1.5812499999999965   
   1.8937499999999989     1.5937499999999964   
   1.8937499999999989     1.6062499999999964   
   1.8937499999999992     1.6187499999999964   
   1.8937499999999994     1.6312499999999965   
   1.8937499999999992     1.6437499999999963   
   1.8937499999999992     1.6562499999999964   
   1.8937499999999994     1.6687499999999962   
   1.8937499999999994     1.6812499999999964   
   1.8937499999999992     1.6937499999999963   
   1.8937499999999992     1.7062499999999963   
   1.8937499999999994     1.7187499999999960   
   1.8937499999999994     1.7312499999999962   
   1.8937499999999994     1.7437499999999959   
   1.8937499999999994     1.7562499999999961   
   1.8937499999999994     1.7687499999999958   
   1.8937499999999994     1.7812499999999960   
   1.8937499999999994     1.7937499999999957   
   1.8937499999999994     1.8062499999999957   
   1.8937499999999994     1.8187499999999956   
   1.8937499999999994     1.8312499999999956   
   1.8937499999999994     1.8437499999999960   
   1.8937499999999994     1.8562499999999962   
   1.8937499999999994     1.8687499999999957   
   1.8937499999999998     1.8812499999999956   
   1.8937499999999998     1.8937499999999954   
   1.8937499999999998     1.9062499999999953   
   1.8937499999999998     1.9187499999999955   
   1.8937499999999998     1.9312499999999955   
   1.8937499999999998     1.9437499999999954   
   1.8937499999999998     1.9562499999999954   
   1.8937499999999998     1.9687499999999951   
   1.8937499999999998     1.9812499999999951   
   1.8937499999999998     1.9937499999999975   
   1.9062499999999989     1.5562499999999964   
   1.9062499999999991     1.5687499999999965   
   1.9062499999999987     1.5812499999999967   
   1.9062499999999987     1.5937499999999967   
   1.9062499999999989     1.6062499999999966   
   1.9062499999999991     1.6187499999999966   
   1.9062499999999991     1.6312499999999965   
   1.9062499999999991     1.6437499999999963   
   1.9062499999999991     1.6562499999999962   
   1.9062499999999991     1.6687499999999962   
   1.9062499999999991     1.6812499999999961   
   1.9062499999999993     1.6937499999999961   
   1.9062499999999991     1.7062499999999960   
   1.9062499999999996     1.7187499999999960   
   1.9062499999999993     1.7312499999999962   
   1.9062499999999993     1.7437499999999961   
   1.9062499999999993     1.7562499999999961   
   1.9062499999999998     1.7687499999999960   
   1.9062499999999996     1.7812499999999960   
   1.9062499999999996     1.7937499999999957   
   1.9062499999999996     1.8062499999999957   
   1.9062499999999996     1.8187499999999959   
   1.9062499999999998     1.8312499999999958   
   1.9062499999999998     1.8437499999999958   
   1.9062499999999998     1.8562499999999957   
   1.9062499999999998     1.8687499999999957   
   1.9062499999999998     1.8812499999999956   
   1.9062499999999998     1.8937499999999954   
   1.9062499999999998     1.9062499999999953   
   1.9062499999999998     1.9187499999999953   
   1.9062499999999998     1.9312499999999955   
   1.9062499999999998     1.9437499999999954   
   1.9062499999999998     1.9562499999999952   
   1.9062499999999998     1.9687499999999951   
   1.9062500000000000     1.9812499999999953   
   1.9062500000000000     1.9937499999999975   
   1.9187499999999988     1.5562499999999966   
   1.9187499999999991     1.5687499999999965   
   1.9187499999999991     1.5812499999999967   
   1.9187499999999991     1.5937499999999964   
   1.9187499999999991     1.6062499999999964   
   1.9187499999999991     1.6187499999999964   
   1.9187499999999991     1.6312499999999961   
   1.9187499999999991     1.6437499999999963   
   1.9187499999999991     1.6562499999999962   
   1.9187499999999991     1.6687499999999962   
   1.9187499999999991     1.6812499999999964   
   1.9187499999999993     1.6937499999999961   
   1.9187499999999995     1.7062499999999960   
   1.9187499999999995     1.7187499999999960   
   1.9187499999999993     1.7312499999999957   
   1.9187499999999993     1.7437499999999959   
   1.9187499999999995     1.7562499999999961   
   1.9187499999999997     1.7687499999999960   
   1.9187499999999995     1.7812499999999958   
   1.9187499999999995     1.7937499999999957   
   1.9187499999999995     1.8062499999999955   
   1.9187499999999995     1.8187499999999956   
   1.9187499999999997     1.8312499999999958   
   1.9187499999999997     1.8437499999999960   
   1.9187499999999997     1.8562499999999957   
   1.9187499999999997     1.8687499999999955   
   1.9187500000000002     1.8812499999999956   
   1.9187500000000002     1.8937499999999954   
   1.9187499999999997     1.9062499999999956   
   1.9187499999999997     1.9187499999999955   
   1.9187499999999997     1.9312499999999955   
   1.9187499999999997     1.9437499999999954   
   1.9187499999999997     1.9562499999999954   
   1.9187499999999997     1.9687499999999951   
   1.9187500000000000     1.9812499999999951   
   1.9187500000000002     1.9937499999999975   
   1.9312499999999990     1.5562499999999968   
   1.9312499999999990     1.5687499999999961   
   1.9312499999999990     1.5812499999999963   
   1.9312499999999990     1.5937499999999964   
   1.9312499999999990     1.6062499999999962   
   1.9312499999999990     1.6187499999999964   
   1.9312499999999990     1.6312499999999963   
   1.9312499999999990     1.6437499999999963   
   1.9312499999999990     1.6562499999999962   
   1.9312499999999995     1.6687499999999962   
   1.9312499999999990     1.6812499999999961   
   1.9312499999999990     1.6937499999999961   
   1.9312499999999990     1.7062499999999958   
   1.9312499999999995     1.7187499999999960   
   1.9312499999999995     1.7312499999999960   
   1.9312499999999995     1.7437499999999959   
   1.9312499999999995     1.7562499999999959   
   1.9312499999999995     1.7687499999999958   
   1.9312499999999995     1.7812499999999960   
   1.9312499999999995     1.7937499999999957   
   1.9312499999999995     1.8062499999999957   
   1.9312499999999995     1.8187499999999956   
   1.9312499999999995     1.8312499999999954   
   1.9312499999999995     1.8437499999999958   
   1.9312499999999995     1.8562499999999957   
   1.9312499999999997     1.8687499999999957   
   1.9312499999999999     1.8812499999999956   
   1.9312499999999999     1.8937499999999954   
   1.9312499999999997     1.9062499999999953   
   1.9312499999999997     1.9187499999999953   
   1.9312499999999997     1.9312499999999955   
   1.9312499999999997     1.9437499999999952   
   1.9312499999999997     1.9562499999999952   
   1.9312499999999997     1.9687499999999951   
   1.9312499999999997     1.9812499999999951   
   1.9312499999999999     1.9937499999999975   
   1.9437499999999988     1.5562499999999966   
   1.9437499999999990     1.5687499999999963   
   1.9437499999999992     1.5812499999999963   
   1.9437499999999992     1.5937499999999964   
   1.9437499999999992     1.6062499999999966   
   1.9437499999999992     1.6187499999999964   
   1.9437499999999990     1.6312499999999961   
   1.9437499999999990     1.6437499999999963   
   1.9437499999999992     1.6562499999999962   
   1.9437499999999992     1.6687499999999962   
   1.9437499999999992     1.6812499999999961   
   1.9437499999999992     1.6937499999999961   
   1.9437499999999992     1.7062499999999963   
   1.9437499999999992     1.7187499999999960   
   1.9437499999999996     1.7312499999999957   
   1.9437499999999996     1.7437499999999959   
   1.9437499999999996     1.7562499999999961   
   1.9437499999999996     1.7687499999999960   
   1.9437499999999996     1.7812499999999960   
   1.9437499999999996     1.7937499999999957   
   1.9437499999999996     1.8062499999999957   
   1.9437499999999996     1.8187499999999956   
   1.9437499999999996     1.8312499999999954   
   1.9437499999999996     1.8437499999999956   
   1.9437499999999996     1.8562499999999957   
   1.9437499999999996     1.8687499999999955   
   1.9437499999999996     1.8812499999999954   
   1.9437499999999996     1.8937499999999954   
   1.9437499999999996     1.9062499999999951   
   1.9437499999999999     1.9187499999999953   
   1.9437500000000001     1.9312499999999955   
   1.9437499999999999     1.9437499999999952   
   1.9437499999999996     1.9562499999999949   
   1.9437500000000001     1.9687499999999951   
   1.9437500000000001     1.9812499999999951   
   1.9437500000000001     1.9937499999999975   
   1.9562499999999987     1.5562499999999964   
   1.9562499999999989     1.5687499999999965   
   1.9562499999999989     1.5812499999999963   
   1.9562499999999989     1.5937499999999964   
   1.9562499999999989     1.6062499999999964   
   1.9562499999999989     1.6187499999999961   
   1.9562499999999989     1.6312499999999963   
   1.9562499999999989     1.6437499999999965   
   1.9562499999999989     1.6562499999999964   
   1.9562499999999989     1.6687499999999962   
   1.9562499999999989     1.6812499999999959   
   1.9562499999999989     1.6937499999999961   
   1.9562499999999989     1.7062499999999960   
   1.9562499999999989     1.7187499999999960   
   1.9562499999999989     1.7312499999999957   
   1.9562499999999989     1.7437499999999957   
   1.9562499999999992     1.7562499999999959   
   1.9562499999999994     1.7687499999999958   
   1.9562499999999994     1.7812499999999958   
   1.9562499999999994     1.7937499999999955   
   1.9562499999999994     1.8062499999999957   
   1.9562499999999994     1.8187499999999956   
   1.9562499999999996     1.8312499999999954   
   1.9562499999999994     1.8437499999999956   
   1.9562499999999994     1.8562499999999957   
   1.9562499999999996     1.8687499999999955   
   1.9562499999999994     1.8812499999999956   
   1.9562499999999996     1.8937499999999956   
   1.9562499999999994     1.9062499999999956   
   1.9562499999999998     1.9187499999999953   
   1.9562499999999998     1.9312499999999955   
   1.9562499999999998     1.9437499999999954   
   1.9562499999999998     1.9562499999999954   
   1.9562499999999998     1.9687499999999951   
   1.9562499999999998     1.9812499999999951   
   1.9562500000000000     1.9937499999999975   
   1.9687499999999987     1.5562499999999964   
   1.9687499999999989     1.5687499999999965   
   1.9687499999999991     1.5812499999999963   
   1.9687499999999991     1.5937499999999962   
   1.9687499999999991     1.6062499999999964   
   1.9687499999999991     1.6187499999999964   
   1.9687499999999991     1.6312499999999963   
   1.9687499999999991     1.6437499999999963   
   1.9687499999999991     1.6562499999999964   
   1.9687499999999991     1.6687499999999962   
   1.9687499999999991     1.6812499999999959   
   1.9687499999999991     1.6937499999999961   
   1.9687499999999991     1.7062499999999958   
   1.9687499999999991     1.7187499999999958   
   1.9687499999999991     1.7312499999999957   
   1.9687499999999991     1.7437499999999957   
   1.9687499999999991     1.7562499999999956   
   1.9687499999999993     1.7687499999999958   
   1.9687499999999993     1.7812499999999958   
   1.9687499999999993     1.7937499999999957   
   1.9687499999999993     1.8062499999999957   
   1.9687499999999996     1.8187499999999956   
   1.9687499999999996     1.8312499999999956   
   1.9687499999999996     1.8437499999999956   
   1.9687499999999998     1.8562499999999953   
   1.9687499999999998     1.8687499999999955   
   1.9687499999999996     1.8812499999999956   
   1.9687499999999998     1.8937499999999954   
   1.9687499999999998     1.9062499999999953   
   1.9687499999999998     1.9187499999999955   
   1.9687499999999998     1.9312499999999955   
   1.9687499999999998     1.9437499999999952   
   1.9687499999999998     1.9562499999999952   
   1.9687499999999998     1.9687499999999951   
   1.9687499999999998     1.9812499999999951   
   1.9687500000000000     1.9937499999999975   
   1.9812499999999991     1.5562499999999964   
   1.9812499999999988     1.5687499999999965   
   1.9812499999999993     1.5812499999999963   
   1.9812499999999993     1.5937499999999964   
   1.9812499999999993     1.6062499999999962   
   1.9812499999999993     1.6187499999999964   
   1.9812499999999993     1.6312499999999961   
   1.9812499999999993     1.6437499999999963   
   1.9812499999999993     1.6562499999999962   
   1.9812499999999993     1.6687499999999962   
   1.9812499999999993     1.6812499999999959   
   1.9812499999999993     1.6937499999999961   
   1.9812499999999995     1.7062499999999960   
   1.9812499999999995     1.7187499999999960   
   1.9812499999999993     1.7312499999999957   
   1.9812499999999993     1.7437499999999959   
   1.9812499999999993     1.7562499999999961   
   1.9812499999999995     1.7687499999999958   
   1.9812499999999995     1.7812499999999958   
   1.9812499999999993     1.7937499999999955   
   1.9812499999999995     1.8062499999999955   
   1.9812499999999995     1.8187499999999954   
   1.9812499999999995     1.8312499999999958   
   1.9812499999999995     1.8437499999999956   
   1.9812499999999997     1.8562499999999953   
   1.9812499999999997     1.8687499999999950   
   1.9812499999999997     1.8812499999999954   
   1.9812499999999997     1.8937499999999954   
   1.9812500000000002     1.9062499999999953   
   1.9812500000000002     1.9187499999999953   
   1.9812499999999997     1.9312499999999955   
   1.9812499999999997     1.9437499999999952   
   1.9812500000000002     1.9562499999999954   
   1.9812500000000002     1.9687499999999951   
   1.9812500000000002     1.9812499999999948   
   1.9812500000000002     1.9937499999999972   
   1.9937499999999995     1.5562499999999964   
   1.9937499999999995     1.5687499999999965   
   1.9937499999999995     1.5812499999999965   
   1.9937499999999995     1.5937499999999964   
   1.9937499999999995     1.6062499999999964   
   1.9937499999999995     1.6187499999999964   
   1.9937499999999995     1.6312499999999961   
   1.9937499999999995     1.6437499999999963   
   1.9937499999999995     1.6562499999999960   
   1.9937499999999995     1.6687499999999962   
   1.9937499999999995     1.6812499999999961   
   1.9937499999999995     1.6937499999999961   
   1.9937499999999995     1.7062499999999958   
   1.9937499999999995     1.7187499999999958   
   1.9937499999999995     1.7312499999999957   
   1.9937499999999995     1.7437499999999959   
   1.9937499999999995     1.7562499999999959   
   1.9937499999999995     1.7687499999999960   
   1.9937499999999995     1.7812499999999958   
   1.9937499999999995     1.7937499999999957   
   1.9937499999999995     1.8062499999999955   
   1.9937499999999995     1.8187499999999956   
   1.9937499999999995     1.8312499999999954   
   1.9937499999999995     1.8437499999999953   
   1.9937499999999995     1.8562499999999953   
   1.9937499999999997     1.8687499999999952   
   1.9937499999999999     1.8812499999999952   
   1.9937499999999999     1.8937499999999954   
   1.9937499999999999     1.9062499999999951   
   1.9937499999999999     1.9187499999999951   
   1.9937500000000001     1.9312499999999950   
   1.9937499999999999     1.9437499999999950   
   1.9937499999999999     1.9562499999999952   
   1.9937500000000004     1.9687499999999951   
   1.9937500000000001     1.9812499999999948   
   1.9937499999999999     1.9937499999999975   
