   1.1062499999999997     1.1187499999999995   
   1.1062499999999997     1.1312499999999994   
   1.1062499999999997     1.1437499999999994   
   1.1062499999999997     1.1562499999999993   
   1.1062499999999997     1.1687499999999993   
   1.1062499999999997     1.1812499999999992   
   1.1062499999999997     1.1937499999999992   
   1.1062499999999997     1.2062499999999989   
   1.1062499999999997     1.2187499999999991   
   1.1062499999999997     1.2312499999999988   
   1.1062499999999997     1.2437499999999990   
   1.1062500000000000     1.2562499999999988   
   1.1062500000000002     1.2687499999999989   
   1.1062500000000002     1.2812499999999987   
   1.1062500000000002     1.2937499999999986   
   1.1062500000000002     1.3062499999999986   
   1.1062500000000002     1.3187499999999988   
   1.1062500000000002     1.3312499999999987   
   1.1062500000000002     1.3437499999999984   
   1.1187499999999997     1.1187499999999995   
   1.1187499999999999     1.1312499999999992   
   1.1187499999999999     1.1437499999999992   
   1.1187499999999999     1.1562499999999991   
   1.1187499999999999     1.1687499999999993   
   1.1187499999999999     1.1812499999999990   
   1.1187499999999999     1.1937499999999992   
   1.1187499999999999     1.2062499999999989   
   1.1187499999999999     1.2187499999999989   
   1.1187499999999999     1.2312499999999991   
   1.1187499999999999     1.2437499999999990   
   1.1187499999999999     1.2562499999999988   
   1.1187499999999999     1.2687499999999989   
   1.1187499999999999     1.2812499999999987   
   1.1187499999999999     1.2937499999999986   
   1.1187499999999999     1.3062499999999986   
   1.1187499999999999     1.3187499999999988   
   1.1187499999999999     1.3312499999999985   
   1.1187499999999999     1.3437499999999987   
   1.1312499999999996     1.1187499999999995   
   1.1312499999999996     1.1312499999999994   
   1.1312499999999996     1.1437499999999994   
   1.1312499999999996     1.1562499999999991   
   1.1312499999999999     1.1687499999999993   
   1.1312500000000001     1.1812499999999990   
   1.1312500000000001     1.1937499999999992   
   1.1312500000000001     1.2062499999999989   
   1.1312500000000001     1.2187499999999991   
   1.1312500000000001     1.2312499999999988   
   1.1312500000000001     1.2437499999999990   
   1.1312500000000001     1.2562499999999988   
   1.1312500000000001     1.2687499999999989   
   1.1312500000000001     1.2812499999999989   
   1.1312500000000001     1.2937499999999988   
   1.1312500000000001     1.3062499999999986   
   1.1312500000000001     1.3187499999999985   
   1.1312500000000001     1.3312499999999985   
   1.1312500000000001     1.3437499999999987   
   1.1437499999999996     1.1187499999999992   
   1.1437499999999996     1.1312499999999992   
   1.1437499999999996     1.1437499999999992   
   1.1437499999999996     1.1562499999999991   
   1.1437499999999998     1.1687499999999991   
   1.1437499999999998     1.1812499999999990   
   1.1437499999999998     1.1937499999999990   
   1.1437499999999998     1.2062499999999989   
   1.1437499999999998     1.2187499999999989   
   1.1437499999999998     1.2312499999999988   
   1.1437499999999998     1.2437499999999988   
   1.1437499999999998     1.2562499999999988   
   1.1437499999999998     1.2687499999999987   
   1.1437499999999998     1.2812499999999987   
   1.1437499999999998     1.2937499999999986   
   1.1437499999999998     1.3062499999999986   
   1.1437499999999998     1.3187499999999985   
   1.1437499999999998     1.3312499999999985   
   1.1437499999999998     1.3437499999999984   
   1.1562499999999996     1.1187499999999995   
   1.1562499999999996     1.1312499999999994   
   1.1562499999999996     1.1437499999999994   
   1.1562499999999996     1.1562499999999991   
   1.1562499999999998     1.1687499999999993   
   1.1562500000000000     1.1812499999999990   
   1.1562499999999998     1.1937499999999990   
   1.1562499999999998     1.2062499999999992   
   1.1562500000000000     1.2187499999999989   
   1.1562499999999998     1.2312499999999988   
   1.1562499999999998     1.2437499999999990   
   1.1562500000000000     1.2562499999999988   
   1.1562500000000000     1.2687499999999985   
   1.1562500000000000     1.2812499999999987   
   1.1562500000000000     1.2937499999999988   
   1.1562500000000000     1.3062499999999986   
   1.1562500000000000     1.3187499999999985   
   1.1562500000000000     1.3312499999999985   
   1.1562500000000000     1.3437499999999982   
   1.1687499999999993     1.1187499999999995   
   1.1687499999999995     1.1312499999999992   
   1.1687499999999997     1.1437499999999992   
   1.1687499999999997     1.1562499999999991   
   1.1687499999999997     1.1687499999999993   
   1.1687499999999997     1.1812499999999990   
   1.1687499999999997     1.1937499999999992   
   1.1687499999999997     1.2062499999999989   
   1.1687499999999997     1.2187499999999987   
   1.1687499999999997     1.2312499999999988   
   1.1687499999999997     1.2437499999999990   
   1.1687499999999997     1.2562499999999988   
   1.1687499999999997     1.2687499999999985   
   1.1687499999999997     1.2812499999999984   
   1.1687499999999997     1.2937499999999984   
   1.1687499999999997     1.3062499999999986   
   1.1687499999999997     1.3187499999999983   
   1.1687499999999997     1.3312499999999985   
   1.1687499999999997     1.3437499999999984   
   1.1812499999999995     1.1187499999999995   
   1.1812499999999995     1.1312499999999994   
   1.1812499999999997     1.1437499999999992   
   1.1812499999999999     1.1562499999999991   
   1.1812499999999999     1.1687499999999991   
   1.1812499999999999     1.1812499999999990   
   1.1812499999999999     1.1937499999999992   
   1.1812499999999999     1.2062499999999989   
   1.1812499999999999     1.2187499999999989   
   1.1812499999999999     1.2312499999999988   
   1.1812499999999999     1.2437499999999986   
   1.1812499999999999     1.2562499999999990   
   1.1812499999999999     1.2687499999999987   
   1.1812499999999999     1.2812499999999984   
   1.1812499999999999     1.2937499999999984   
   1.1812499999999999     1.3062499999999984   
   1.1812499999999999     1.3187499999999985   
   1.1812499999999999     1.3312499999999985   
   1.1812499999999999     1.3437499999999982   
   1.1937499999999996     1.1187499999999992   
   1.1937499999999996     1.1312499999999992   
   1.1937499999999996     1.1437499999999992   
   1.1937499999999996     1.1562499999999991   
   1.1937499999999996     1.1687499999999993   
   1.1937499999999996     1.1812499999999992   
   1.1937499999999996     1.1937499999999992   
   1.1937499999999996     1.2062499999999989   
   1.1937499999999996     1.2187499999999987   
   1.1937499999999996     1.2312499999999986   
   1.1937499999999996     1.2437499999999986   
   1.1937499999999996     1.2562499999999988   
   1.1937499999999996     1.2687499999999987   
   1.1937499999999996     1.2812499999999987   
   1.1937499999999996     1.2937499999999986   
   1.1937499999999996     1.3062499999999986   
   1.1937499999999996     1.3187499999999985   
   1.1937499999999996     1.3312499999999983   
   1.1937499999999999     1.3437499999999982   
   1.2062499999999994     1.1187499999999990   
   1.2062499999999994     1.1312499999999992   
   1.2062499999999994     1.1437499999999994   
   1.2062499999999996     1.1562499999999991   
   1.2062499999999996     1.1687499999999991   
   1.2062499999999994     1.1812499999999992   
   1.2062499999999996     1.1937499999999990   
   1.2062499999999998     1.2062499999999989   
   1.2062499999999998     1.2187499999999987   
   1.2062499999999998     1.2312499999999988   
   1.2062499999999998     1.2437499999999986   
   1.2062499999999998     1.2562499999999988   
   1.2062499999999998     1.2687499999999985   
   1.2062499999999998     1.2812499999999984   
   1.2062499999999998     1.2937499999999984   
   1.2062499999999998     1.3062499999999986   
   1.2062499999999998     1.3187499999999985   
   1.2062499999999998     1.3312499999999983   
   1.2062499999999998     1.3437499999999982   
   1.2187499999999993     1.1062499999999991   
   1.2187499999999993     1.1187499999999990   
   1.2187499999999993     1.1312499999999990   
   1.2187499999999996     1.1437499999999992   
   1.2187499999999996     1.1562499999999991   
   1.2187499999999996     1.1687499999999991   
   1.2187499999999996     1.1812499999999990   
   1.2187499999999996     1.1937499999999988   
   1.2187499999999996     1.2062499999999989   
   1.2187499999999996     1.2187499999999987   
   1.2187499999999996     1.2312499999999988   
   1.2187499999999996     1.2437499999999988   
   1.2187499999999996     1.2562499999999988   
   1.2187499999999996     1.2687499999999985   
   1.2187499999999996     1.2812499999999987   
   1.2187499999999996     1.2937499999999984   
   1.2187499999999996     1.3062499999999984   
   1.2187499999999996     1.3187499999999983   
   1.2187499999999996     1.3312499999999980   
   1.2187499999999996     1.3437499999999982   
   1.2312499999999993     1.1062499999999991   
   1.2312499999999993     1.1187499999999990   
   1.2312499999999993     1.1312499999999990   
   1.2312499999999995     1.1437499999999989   
   1.2312499999999995     1.1562499999999991   
   1.2312499999999993     1.1687499999999988   
   1.2312499999999995     1.1812499999999988   
   1.2312499999999997     1.1937499999999988   
   1.2312499999999997     1.2062499999999989   
   1.2312499999999995     1.2187499999999989   
   1.2312499999999995     1.2312499999999986   
   1.2312499999999997     1.2437499999999986   
   1.2312499999999997     1.2562499999999988   
   1.2312499999999997     1.2687499999999987   
   1.2312499999999997     1.2812499999999984   
   1.2312499999999997     1.2937499999999984   
   1.2312499999999997     1.3062499999999984   
   1.2312499999999997     1.3187499999999983   
   1.2312499999999997     1.3312499999999983   
   1.2312499999999997     1.3437499999999982   
   1.2437499999999990     1.1062499999999993   
   1.2437499999999992     1.1187499999999990   
   1.2437499999999995     1.1312499999999990   
   1.2437499999999995     1.1437499999999989   
   1.2437499999999992     1.1562499999999991   
   1.2437499999999992     1.1687499999999991   
   1.2437499999999995     1.1812499999999988   
   1.2437499999999995     1.1937499999999988   
   1.2437499999999995     1.2062499999999987   
   1.2437499999999995     1.2187499999999989   
   1.2437499999999995     1.2312499999999986   
   1.2437499999999995     1.2437499999999986   
   1.2437499999999995     1.2562499999999988   
   1.2437499999999995     1.2687499999999987   
   1.2437499999999995     1.2812499999999984   
   1.2437499999999995     1.2937499999999984   
   1.2437499999999995     1.3062499999999986   
   1.2437499999999995     1.3187499999999983   
   1.2437499999999995     1.3312499999999985   
   1.2437499999999995     1.3437499999999982   
   1.2562499999999992     1.1062499999999993   
   1.2562499999999992     1.1187499999999992   
   1.2562499999999992     1.1312499999999990   
   1.2562499999999992     1.1437499999999989   
   1.2562499999999992     1.1562499999999991   
   1.2562499999999992     1.1687499999999988   
   1.2562499999999994     1.1812499999999990   
   1.2562499999999996     1.1937499999999988   
   1.2562499999999996     1.2062499999999987   
   1.2562499999999996     1.2187499999999987   
   1.2562499999999996     1.2312499999999988   
   1.2562499999999996     1.2437499999999986   
   1.2562499999999996     1.2562499999999985   
   1.2562499999999996     1.2687499999999985   
   1.2562499999999996     1.2812499999999987   
   1.2562499999999996     1.2937499999999986   
   1.2562499999999996     1.3062499999999984   
   1.2562499999999996     1.3187499999999985   
   1.2562499999999996     1.3312499999999983   
   1.2562499999999996     1.3437499999999982   
   1.2687499999999989     1.0812499999999994   
   1.2687499999999989     1.0937499999999993   
   1.2687499999999994     1.1062499999999991   
   1.2687499999999994     1.1187499999999990   
   1.2687499999999994     1.1312499999999990   
   1.2687499999999994     1.1437499999999989   
   1.2687499999999994     1.1562499999999989   
   1.2687499999999994     1.1687499999999991   
   1.2687499999999994     1.1812499999999988   
   1.2687499999999994     1.1937499999999988   
   1.2687499999999994     1.2062499999999987   
   1.2687499999999994     1.2187499999999987   
   1.2687499999999994     1.2312499999999988   
   1.2687499999999994     1.2437499999999986   
   1.2687499999999994     1.2562499999999988   
   1.2687499999999994     1.2687499999999987   
   1.2687499999999994     1.2812499999999987   
   1.2687499999999994     1.2937499999999984   
   1.2687499999999994     1.3062499999999984   
   1.2687499999999994     1.3187499999999983   
   1.2687499999999996     1.3312499999999985   
   1.2687499999999996     1.3437499999999982   
   1.2687499999999996     1.3562499999999984   
   1.2687499999999996     1.3687499999999984   
   1.2687499999999996     1.3812499999999983   
   1.2812499999999991     1.0812499999999994   
   1.2812499999999991     1.0937499999999993   
   1.2812499999999991     1.1062499999999993   
   1.2812499999999991     1.1187499999999990   
   1.2812499999999991     1.1312499999999990   
   1.2812499999999991     1.1437499999999989   
   1.2812499999999993     1.1562499999999989   
   1.2812499999999996     1.1687499999999988   
   1.2812499999999993     1.1812499999999988   
   1.2812499999999991     1.1937499999999988   
   1.2812499999999993     1.2062499999999989   
   1.2812499999999996     1.2187499999999987   
   1.2812499999999996     1.2312499999999988   
   1.2812499999999996     1.2437499999999988   
   1.2812499999999996     1.2562499999999985   
   1.2812499999999996     1.2687499999999985   
   1.2812499999999996     1.2812499999999987   
   1.2812499999999996     1.2937499999999986   
   1.2812499999999996     1.3062499999999986   
   1.2812499999999996     1.3187499999999983   
   1.2812499999999996     1.3312499999999983   
   1.2812499999999996     1.3437499999999982   
   1.2812499999999996     1.3562499999999982   
   1.2812499999999996     1.3687499999999981   
   1.2812499999999996     1.3812499999999983   
   1.2937499999999991     1.0812499999999994   
   1.2937499999999991     1.0937499999999991   
   1.2937499999999991     1.1062499999999993   
   1.2937499999999988     1.1187499999999992   
   1.2937499999999991     1.1312499999999990   
   1.2937499999999993     1.1437499999999989   
   1.2937499999999993     1.1562499999999991   
   1.2937499999999993     1.1687499999999988   
   1.2937499999999991     1.1812499999999990   
   1.2937499999999993     1.1937499999999990   
   1.2937499999999993     1.2062499999999989   
   1.2937499999999993     1.2187499999999987   
   1.2937499999999993     1.2312499999999984   
   1.2937499999999993     1.2437499999999986   
   1.2937499999999993     1.2562499999999985   
   1.2937499999999993     1.2687499999999985   
   1.2937499999999993     1.2812499999999984   
   1.2937499999999993     1.2937499999999984   
   1.2937499999999993     1.3062499999999984   
   1.2937499999999993     1.3187499999999985   
   1.2937499999999995     1.3312499999999985   
   1.2937499999999995     1.3437499999999982   
   1.2937499999999993     1.3562499999999984   
   1.2937499999999993     1.3687499999999981   
   1.2937499999999993     1.3812499999999981   
   1.3062499999999990     1.0812499999999992   
   1.3062499999999990     1.0937499999999991   
   1.3062499999999990     1.1062499999999993   
   1.3062499999999990     1.1187499999999990   
   1.3062499999999990     1.1312499999999990   
   1.3062499999999992     1.1437499999999989   
   1.3062499999999992     1.1562499999999991   
   1.3062499999999992     1.1687499999999991   
   1.3062499999999992     1.1812499999999990   
   1.3062499999999990     1.1937499999999988   
   1.3062499999999992     1.2062499999999989   
   1.3062499999999995     1.2187499999999987   
   1.3062499999999995     1.2312499999999986   
   1.3062499999999995     1.2437499999999986   
   1.3062499999999995     1.2562499999999985   
   1.3062499999999995     1.2687499999999985   
   1.3062499999999995     1.2812499999999984   
   1.3062499999999995     1.2937499999999984   
   1.3062499999999995     1.3062499999999981   
   1.3062499999999995     1.3187499999999983   
   1.3062499999999995     1.3312499999999985   
   1.3062499999999995     1.3437499999999982   
   1.3062499999999995     1.3562499999999984   
   1.3062499999999995     1.3687499999999984   
   1.3062499999999995     1.3812499999999983   
   1.3062499999999995     1.3937499999999983   
   1.3187499999999988     1.0187499999999994   
   1.3187499999999988     1.0312499999999993   
   1.3187499999999990     1.0437499999999993   
   1.3187499999999990     1.0562499999999995   
   1.3187499999999988     1.0687499999999994   
   1.3187499999999988     1.0812499999999992   
   1.3187499999999990     1.0937499999999991   
   1.3187499999999990     1.1062499999999993   
   1.3187499999999990     1.1187499999999992   
   1.3187499999999992     1.1312499999999990   
   1.3187499999999992     1.1437499999999989   
   1.3187499999999992     1.1562499999999991   
   1.3187499999999992     1.1687499999999988   
   1.3187499999999992     1.1812499999999988   
   1.3187499999999992     1.1937499999999988   
   1.3187499999999992     1.2062499999999989   
   1.3187499999999992     1.2187499999999989   
   1.3187499999999992     1.2312499999999988   
   1.3187499999999992     1.2437499999999986   
   1.3187499999999992     1.2562499999999985   
   1.3187499999999992     1.2687499999999985   
   1.3187499999999992     1.2812499999999987   
   1.3187499999999992     1.2937499999999986   
   1.3187499999999992     1.3062499999999984   
   1.3187499999999992     1.3187499999999983   
   1.3187499999999992     1.3312499999999985   
   1.3187499999999994     1.3437499999999982   
   1.3187499999999994     1.3562499999999984   
   1.3187499999999992     1.3687499999999981   
   1.3187499999999992     1.3812499999999979   
   1.3187499999999994     1.3937499999999980   
   1.3312499999999989     1.0187499999999994   
   1.3312499999999989     1.0312499999999993   
   1.3312499999999989     1.0437499999999993   
   1.3312499999999989     1.0562499999999995   
   1.3312499999999989     1.0687499999999992   
   1.3312499999999989     1.0812499999999992   
   1.3312499999999989     1.0937499999999991   
   1.3312499999999989     1.1062499999999993   
   1.3312499999999989     1.1187499999999990   
   1.3312499999999989     1.1312499999999990   
   1.3312499999999989     1.1437499999999989   
   1.3312499999999992     1.1562499999999989   
   1.3312499999999994     1.1687499999999988   
   1.3312499999999994     1.1812499999999988   
   1.3312499999999994     1.1937499999999988   
   1.3312499999999992     1.2062499999999987   
   1.3312499999999989     1.2187499999999987   
   1.3312499999999992     1.2312499999999988   
   1.3312499999999994     1.2437499999999988   
   1.3312499999999994     1.2562499999999985   
   1.3312499999999994     1.2687499999999985   
   1.3312499999999994     1.2812499999999984   
   1.3312499999999994     1.2937499999999984   
   1.3312499999999994     1.3062499999999986   
   1.3312499999999994     1.3187499999999983   
   1.3312499999999994     1.3312499999999985   
   1.3312499999999994     1.3437499999999982   
   1.3312499999999994     1.3562499999999984   
   1.3312499999999994     1.3687499999999984   
   1.3312499999999994     1.3812499999999981   
   1.3312499999999994     1.3937499999999983   
   1.3437499999999987     1.0187499999999996   
   1.3437499999999987     1.0312499999999996   
   1.3437499999999987     1.0437499999999995   
   1.3437499999999987     1.0562499999999995   
   1.3437499999999987     1.0687499999999992   
   1.3437499999999987     1.0812499999999994   
   1.3437499999999991     1.0937499999999991   
   1.3437499999999991     1.1062499999999991   
   1.3437499999999991     1.1187499999999990   
   1.3437499999999991     1.1312499999999990   
   1.3437499999999991     1.1437499999999989   
   1.3437499999999991     1.1562499999999989   
   1.3437499999999991     1.1687499999999988   
   1.3437499999999993     1.1812499999999988   
   1.3437499999999993     1.1937499999999988   
   1.3437499999999991     1.2062499999999989   
   1.3437499999999991     1.2187499999999987   
   1.3437499999999993     1.2312499999999988   
   1.3437499999999993     1.2437499999999988   
   1.3437499999999993     1.2562499999999988   
   1.3437499999999993     1.2687499999999985   
   1.3437499999999993     1.2812499999999987   
   1.3437499999999993     1.2937499999999986   
   1.3437499999999993     1.3062499999999984   
   1.3437499999999993     1.3187499999999985   
   1.3437499999999993     1.3312499999999985   
   1.3437499999999993     1.3437499999999982   
   1.3437499999999993     1.3562499999999982   
   1.3437499999999993     1.3687499999999984   
   1.3437499999999993     1.3812499999999983   
   1.3437499999999996     1.3937499999999983   
   1.3562499999999988     0.9937499999999995   
   1.3562499999999988     1.0062499999999996   
   1.3562499999999986     1.0187499999999996   
   1.3562499999999988     1.0312499999999993   
   1.3562499999999988     1.0437499999999993   
   1.3562499999999988     1.0562499999999995   
   1.3562499999999988     1.0687499999999992   
   1.3562499999999986     1.0812499999999994   
   1.3562499999999988     1.0937499999999993   
   1.3562499999999991     1.1062499999999991   
   1.3562499999999991     1.1187499999999990   
   1.3562499999999988     1.1312499999999990   
   1.3562499999999991     1.1437499999999987   
   1.3562499999999991     1.1562499999999991   
   1.3562499999999991     1.1687499999999988   
   1.3562499999999993     1.1812499999999986   
   1.3562499999999993     1.1937499999999988   
   1.3562499999999991     1.2062499999999987   
   1.3562499999999991     1.2187499999999987   
   1.3562499999999993     1.2312499999999986   
   1.3562499999999993     1.2437499999999986   
   1.3562499999999993     1.2562499999999988   
   1.3562499999999993     1.2687499999999987   
   1.3562499999999993     1.2812499999999987   
   1.3562499999999993     1.2937499999999982   
   1.3562499999999993     1.3062499999999984   
   1.3562499999999993     1.3187499999999983   
   1.3562499999999993     1.3312499999999985   
   1.3562499999999993     1.3437499999999982   
   1.3562499999999993     1.3562499999999980   
   1.3562499999999993     1.3687499999999981   
   1.3562499999999993     1.3812499999999983   
   1.3562499999999993     1.3937499999999983   
   1.3687499999999988     0.9937499999999995   
   1.3687499999999988     1.0062499999999994   
   1.3687499999999986     1.0187499999999994   
   1.3687499999999988     1.0312499999999991   
   1.3687499999999988     1.0437499999999993   
   1.3687499999999988     1.0562499999999995   
   1.3687499999999988     1.0687499999999992   
   1.3687499999999986     1.0812499999999994   
   1.3687499999999988     1.0937499999999993   
   1.3687499999999990     1.1062499999999993   
   1.3687499999999988     1.1187499999999990   
   1.3687499999999988     1.1312499999999990   
   1.3687499999999990     1.1437499999999989   
   1.3687499999999990     1.1562499999999989   
   1.3687499999999990     1.1687499999999988   
   1.3687499999999990     1.1812499999999988   
   1.3687499999999990     1.1937499999999988   
   1.3687499999999990     1.2062499999999985   
   1.3687499999999990     1.2187499999999987   
   1.3687499999999990     1.2312499999999988   
   1.3687499999999990     1.2437499999999986   
   1.3687499999999990     1.2562499999999988   
   1.3687499999999990     1.2687499999999987   
   1.3687499999999990     1.2812499999999987   
   1.3687499999999990     1.2937499999999984   
   1.3687499999999990     1.3062499999999984   
   1.3687499999999990     1.3187499999999983   
   1.3687499999999990     1.3312499999999983   
   1.3687499999999990     1.3437499999999982   
   1.3687499999999990     1.3562499999999984   
   1.3687499999999990     1.3687499999999984   
   1.3687499999999990     1.3812499999999981   
   1.3687499999999990     1.3937499999999980   
   1.3812499999999988     0.9937499999999995   
   1.3812499999999988     1.0062499999999994   
   1.3812499999999988     1.0187499999999994   
   1.3812499999999988     1.0312499999999993   
   1.3812499999999988     1.0437499999999993   
   1.3812499999999988     1.0562499999999992   
   1.3812499999999988     1.0687499999999992   
   1.3812499999999988     1.0812499999999994   
   1.3812499999999988     1.0937499999999991   
   1.3812499999999988     1.1062499999999993   
   1.3812499999999988     1.1187499999999990   
   1.3812499999999988     1.1312499999999990   
   1.3812499999999990     1.1437499999999989   
   1.3812499999999990     1.1562499999999989   
   1.3812499999999990     1.1687499999999986   
   1.3812499999999990     1.1812499999999988   
   1.3812499999999990     1.1937499999999988   
   1.3812499999999990     1.2062499999999987   
   1.3812499999999990     1.2187499999999987   
   1.3812499999999990     1.2312499999999986   
   1.3812499999999990     1.2437499999999986   
   1.3812499999999990     1.2562499999999985   
   1.3812499999999990     1.2687499999999985   
   1.3812499999999990     1.2812499999999982   
   1.3812499999999990     1.2937499999999986   
   1.3812499999999990     1.3062499999999986   
   1.3812499999999990     1.3187499999999985   
   1.3812499999999990     1.3312499999999985   
   1.3812499999999990     1.3437499999999982   
   1.3812499999999990     1.3562499999999982   
   1.3812499999999990     1.3687499999999981   
   1.3812499999999990     1.3812499999999979   
   1.3812499999999990     1.3937499999999978   
   1.3937499999999985     0.9937499999999994   
   1.3937499999999985     1.0062499999999994   
   1.3937499999999989     1.0187499999999994   
   1.3937499999999989     1.0312499999999996   
   1.3937499999999989     1.0437499999999993   
   1.3937499999999989     1.0562499999999990   
   1.3937499999999989     1.0687499999999990   
   1.3937499999999987     1.0812499999999989   
   1.3937499999999989     1.0937499999999989   
   1.3937499999999989     1.1062499999999993   
   1.3937499999999989     1.1187499999999990   
   1.3937499999999989     1.1312499999999988   
   1.3937499999999989     1.1437499999999987   
   1.3937499999999989     1.1562499999999989   
   1.3937499999999989     1.1687499999999986   
   1.3937499999999989     1.1812499999999988   
   1.3937499999999989     1.1937499999999988   
   1.3937499999999989     1.2062499999999985   
   1.3937499999999989     1.2187499999999987   
   1.3937499999999989     1.2312499999999986   
   1.3937499999999989     1.2437499999999986   
   1.3937499999999989     1.2562499999999988   
   1.3937499999999989     1.2687499999999985   
   1.3937499999999989     1.2812499999999984   
   1.3937499999999989     1.2937499999999984   
   1.3937499999999989     1.3062499999999984   
   1.3937499999999989     1.3187499999999983   
   1.3937499999999989     1.3312499999999985   
   1.3937499999999989     1.3437499999999982   
   1.3937499999999994     1.3562499999999980   
   1.3937499999999992     1.3687499999999979   
   1.3937499999999989     1.3812499999999979   
   1.3937499999999994     1.3937499999999978   
   1.4062499999999982     0.9937499999999995   
   1.4062499999999982     1.0062499999999994   
   1.4062499999999982     1.0187499999999994   
   1.4062499999999982     1.0312499999999991   
   1.4062499999999987     1.0437499999999991   
   1.4062499999999987     1.0562499999999990   
   1.4062499999999989     1.0687499999999990   
   1.4062499999999991     1.0812499999999989   
   1.4062499999999987     1.0937499999999989   
   1.4062499999999987     1.1062499999999988   
   1.4062499999999987     1.1187499999999988   
   1.4062499999999987     1.1312499999999988   
   1.4062499999999987     1.1437499999999987   
   1.4062499999999989     1.1562499999999987   
   1.4062499999999991     1.1687499999999986   
   1.4062499999999987     1.1812499999999988   
   1.4062499999999987     1.1937499999999988   
   1.4062499999999989     1.2062499999999987   
   1.4062499999999991     1.2187499999999987   
   1.4062499999999991     1.2312499999999984   
   1.4062499999999991     1.2437499999999984   
   1.4062499999999991     1.2562499999999985   
   1.4062499999999991     1.2687499999999985   
   1.4062499999999991     1.2812499999999984   
   1.4062499999999991     1.2937499999999984   
   1.4062499999999991     1.3062499999999981   
   1.4062499999999991     1.3187499999999983   
   1.4062499999999991     1.3312499999999985   
   1.4062499999999991     1.3437499999999982   
   1.4062499999999991     1.3562499999999982   
   1.4062499999999991     1.3687499999999981   
   1.4062499999999991     1.3812499999999979   
   1.4062499999999991     1.3937499999999976   
   1.4187499999999984     0.9937499999999995   
   1.4187499999999984     1.0062499999999992   
   1.4187499999999984     1.0187499999999992   
   1.4187499999999984     1.0312499999999991   
   1.4187499999999986     1.0437499999999991   
   1.4187499999999986     1.0562499999999990   
   1.4187499999999986     1.0687499999999992   
   1.4187499999999986     1.0812499999999989   
   1.4187499999999986     1.0937499999999989   
   1.4187499999999986     1.1062499999999988   
   1.4187499999999988     1.1187499999999990   
   1.4187499999999986     1.1312499999999988   
   1.4187499999999986     1.1437499999999987   
   1.4187499999999986     1.1562499999999987   
   1.4187499999999986     1.1687499999999988   
   1.4187499999999986     1.1812499999999988   
   1.4187499999999988     1.1937499999999985   
   1.4187499999999988     1.2062499999999985   
   1.4187499999999988     1.2187499999999984   
   1.4187499999999986     1.2312499999999986   
   1.4187499999999986     1.2437499999999986   
   1.4187499999999988     1.2562499999999983   
   1.4187499999999988     1.2687499999999985   
   1.4187499999999988     1.2812499999999982   
   1.4187499999999988     1.2937499999999982   
   1.4187499999999988     1.3062499999999984   
   1.4187499999999988     1.3187499999999983   
   1.4187499999999988     1.3312499999999980   
   1.4187499999999988     1.3437499999999982   
   1.4187499999999988     1.3562499999999980   
   1.4187499999999988     1.3687499999999979   
   1.4187499999999991     1.3812499999999981   
   1.4187499999999991     1.3937499999999980   
   1.4312499999999986     0.9937499999999995   
   1.4312499999999986     1.0062499999999992   
   1.4312499999999986     1.0187499999999992   
   1.4312499999999986     1.0312499999999991   
   1.4312499999999986     1.0437499999999991   
   1.4312499999999986     1.0562499999999992   
   1.4312499999999986     1.0687499999999992   
   1.4312499999999986     1.0812499999999989   
   1.4312499999999986     1.0937499999999991   
   1.4312499999999986     1.1062499999999991   
   1.4312499999999986     1.1187499999999990   
   1.4312499999999986     1.1312499999999988   
   1.4312499999999986     1.1437499999999989   
   1.4312499999999986     1.1562499999999989   
   1.4312499999999986     1.1687499999999988   
   1.4312499999999990     1.1812499999999986   
   1.4312499999999988     1.1937499999999985   
   1.4312499999999988     1.2062499999999985   
   1.4312499999999990     1.2187499999999984   
   1.4312499999999988     1.2312499999999986   
   1.4312499999999990     1.2437499999999986   
   1.4312499999999990     1.2562499999999983   
   1.4312499999999990     1.2687499999999983   
   1.4312499999999990     1.2812499999999984   
   1.4312499999999990     1.2937499999999984   
   1.4312499999999990     1.3062499999999984   
   1.4312499999999990     1.3187499999999983   
   1.4312499999999990     1.3312499999999980   
   1.4312499999999990     1.3437499999999982   
   1.4312499999999990     1.3562499999999980   
   1.4312499999999990     1.3687499999999979   
   1.4312499999999990     1.3812499999999979   
   1.4312499999999990     1.3937499999999978   
   1.4437499999999983     0.9812499999999994   
   1.4437499999999983     0.9937499999999995   
   1.4437499999999983     1.0062499999999994   
   1.4437499999999983     1.0187499999999994   
   1.4437499999999983     1.0312499999999991   
   1.4437499999999985     1.0437499999999991   
   1.4437499999999988     1.0562499999999990   
   1.4437499999999983     1.0687499999999992   
   1.4437499999999983     1.0812499999999992   
   1.4437499999999988     1.0937499999999991   
   1.4437499999999983     1.1062499999999988   
   1.4437499999999983     1.1187499999999988   
   1.4437499999999983     1.1312499999999988   
   1.4437499999999988     1.1437499999999989   
   1.4437499999999988     1.1562499999999989   
   1.4437499999999988     1.1687499999999988   
   1.4437499999999988     1.1812499999999986   
   1.4437499999999983     1.1937499999999988   
   1.4437499999999988     1.2062499999999985   
   1.4437499999999988     1.2187499999999984   
   1.4437499999999988     1.2312499999999984   
   1.4437499999999990     1.2437499999999986   
   1.4437499999999990     1.2562499999999983   
   1.4437499999999990     1.2687499999999983   
   1.4437499999999990     1.2812499999999982   
   1.4437499999999990     1.2937499999999984   
   1.4437499999999990     1.3062499999999981   
   1.4437499999999990     1.3187499999999981   
   1.4437499999999990     1.3312499999999980   
   1.4437499999999990     1.3437499999999982   
   1.4437499999999990     1.3562499999999982   
   1.4437499999999990     1.3687499999999981   
   1.4437499999999990     1.3812499999999979   
   1.4437499999999992     1.3937499999999978   
   1.4562499999999983     0.9812499999999993   
   1.4562499999999985     0.9937499999999994   
   1.4562499999999985     1.0062499999999994   
   1.4562499999999983     1.0187499999999994   
   1.4562499999999985     1.0312499999999991   
   1.4562499999999985     1.0437499999999993   
   1.4562499999999983     1.0562499999999992   
   1.4562499999999983     1.0687499999999992   
   1.4562499999999983     1.0812499999999992   
   1.4562499999999987     1.0937499999999991   
   1.4562499999999987     1.1062499999999988   
   1.4562499999999985     1.1187499999999990   
   1.4562499999999987     1.1312499999999988   
   1.4562499999999985     1.1437499999999989   
   1.4562499999999987     1.1562499999999989   
   1.4562499999999987     1.1687499999999988   
   1.4562499999999985     1.1812499999999988   
   1.4562499999999985     1.1937499999999988   
   1.4562499999999987     1.2062499999999985   
   1.4562499999999987     1.2187499999999987   
   1.4562499999999987     1.2312499999999984   
   1.4562499999999989     1.2437499999999984   
   1.4562499999999989     1.2562499999999983   
   1.4562499999999989     1.2687499999999983   
   1.4562499999999989     1.2812499999999982   
   1.4562499999999989     1.2937499999999984   
   1.4562499999999989     1.3062499999999981   
   1.4562499999999989     1.3187499999999983   
   1.4562499999999989     1.3312499999999980   
   1.4562499999999989     1.3437499999999982   
   1.4562499999999989     1.3562499999999980   
   1.4562499999999989     1.3687499999999981   
   1.4562499999999989     1.3812499999999981   
   1.4562499999999989     1.3937499999999980   
   1.4687499999999982     0.9812499999999993   
   1.4687499999999984     0.9937499999999995   
   1.4687499999999984     1.0062499999999994   
   1.4687499999999982     1.0187499999999994   
   1.4687499999999987     1.0312499999999993   
   1.4687499999999984     1.0437499999999993   
   1.4687499999999982     1.0562499999999992   
   1.4687499999999982     1.0687499999999992   
   1.4687499999999982     1.0812499999999989   
   1.4687499999999987     1.0937499999999991   
   1.4687499999999984     1.1062499999999991   
   1.4687499999999984     1.1187499999999990   
   1.4687499999999987     1.1312499999999988   
   1.4687499999999984     1.1437499999999989   
   1.4687499999999987     1.1562499999999987   
   1.4687499999999987     1.1687499999999986   
   1.4687499999999984     1.1812499999999988   
   1.4687499999999987     1.1937499999999988   
   1.4687499999999987     1.2062499999999987   
   1.4687499999999987     1.2187499999999987   
   1.4687499999999987     1.2312499999999986   
   1.4687499999999987     1.2437499999999986   
   1.4687499999999987     1.2562499999999983   
   1.4687499999999987     1.2687499999999980   
   1.4687499999999987     1.2812499999999982   
   1.4687499999999987     1.2937499999999984   
   1.4687499999999987     1.3062499999999984   
   1.4687499999999987     1.3187499999999983   
   1.4687499999999987     1.3312499999999980   
   1.4687499999999987     1.3437499999999980   
   1.4687499999999989     1.3562499999999980   
   1.4687499999999991     1.3687499999999981   
   1.4687499999999987     1.3812499999999979   
   1.4687499999999989     1.3937499999999978   
   1.4812499999999984     0.9812499999999993   
   1.4812499999999984     0.9937499999999995   
   1.4812499999999984     1.0062499999999996   
   1.4812499999999984     1.0187499999999994   
   1.4812499999999984     1.0312499999999993   
   1.4812499999999984     1.0437499999999993   
   1.4812499999999984     1.0562499999999990   
   1.4812499999999984     1.0687499999999992   
   1.4812499999999984     1.0812499999999992   
   1.4812499999999986     1.0937499999999991   
   1.4812499999999986     1.1062499999999988   
   1.4812499999999984     1.1187499999999988   
   1.4812499999999986     1.1312499999999988   
   1.4812499999999986     1.1437499999999989   
   1.4812499999999986     1.1562499999999987   
   1.4812499999999986     1.1687499999999984   
   1.4812499999999984     1.1812499999999986   
   1.4812499999999986     1.1937499999999988   
   1.4812499999999986     1.2062499999999985   
   1.4812499999999986     1.2187499999999987   
   1.4812499999999986     1.2312499999999988   
   1.4812499999999984     1.2437499999999986   
   1.4812499999999986     1.2562499999999983   
   1.4812499999999986     1.2687499999999985   
   1.4812499999999986     1.2812499999999982   
   1.4812499999999986     1.2937499999999982   
   1.4812499999999986     1.3062499999999984   
   1.4812499999999986     1.3187499999999983   
   1.4812499999999986     1.3312499999999980   
   1.4812499999999986     1.3437499999999982   
   1.4812499999999986     1.3562499999999980   
   1.4812499999999988     1.3687499999999981   
   1.4812499999999986     1.3812499999999979   
   1.4812499999999986     1.3937499999999976   
   1.4937499999999981     0.9812499999999993   
   1.4937499999999981     0.9937499999999992   
   1.4937499999999981     1.0062499999999996   
   1.4937499999999981     1.0187499999999994   
   1.4937499999999981     1.0312499999999993   
   1.4937499999999981     1.0437499999999993   
   1.4937499999999986     1.0562499999999990   
   1.4937499999999986     1.0687499999999992   
   1.4937499999999986     1.0812499999999989   
   1.4937499999999986     1.0937499999999989   
   1.4937499999999986     1.1062499999999988   
   1.4937499999999986     1.1187499999999988   
   1.4937499999999986     1.1312499999999988   
   1.4937499999999986     1.1437499999999989   
   1.4937499999999986     1.1562499999999989   
   1.4937499999999986     1.1687499999999986   
   1.4937499999999986     1.1812499999999986   
   1.4937499999999986     1.1937499999999988   
   1.4937499999999986     1.2062499999999985   
   1.4937499999999986     1.2187499999999984   
   1.4937499999999986     1.2312499999999984   
   1.4937499999999986     1.2437499999999986   
   1.4937499999999986     1.2562499999999985   
   1.4937499999999986     1.2687499999999985   
   1.4937499999999988     1.2812499999999984   
   1.4937499999999988     1.2937499999999984   
   1.4937499999999986     1.3062499999999981   
   1.4937499999999986     1.3187499999999981   
   1.4937499999999986     1.3312499999999980   
   1.4937499999999986     1.3437499999999980   
   1.4937499999999990     1.3562499999999982   
   1.4937499999999990     1.3687499999999979   
   1.4937499999999990     1.3812499999999981   
   1.4937499999999990     1.3937499999999980   
   1.5062499999999983     0.9812499999999992   
   1.5062499999999981     0.9937499999999992   
   1.5062499999999981     1.0062499999999994   
   1.5062499999999983     1.0187499999999992   
   1.5062499999999983     1.0312499999999993   
   1.5062499999999983     1.0437499999999993   
   1.5062499999999983     1.0562499999999990   
   1.5062499999999983     1.0687499999999992   
   1.5062499999999983     1.0812499999999989   
   1.5062499999999983     1.0937499999999989   
   1.5062499999999983     1.1062499999999988   
   1.5062499999999983     1.1187499999999990   
   1.5062499999999983     1.1312499999999988   
   1.5062499999999983     1.1437499999999989   
   1.5062499999999983     1.1562499999999989   
   1.5062499999999983     1.1687499999999988   
   1.5062499999999983     1.1812499999999986   
   1.5062499999999985     1.1937499999999985   
   1.5062499999999988     1.2062499999999985   
   1.5062499999999988     1.2187499999999984   
   1.5062499999999988     1.2312499999999982   
   1.5062499999999988     1.2437499999999984   
   1.5062499999999988     1.2562499999999985   
   1.5062499999999983     1.2687499999999985   
   1.5062499999999988     1.2812499999999982   
   1.5062499999999988     1.2937499999999982   
   1.5062499999999988     1.3062499999999981   
   1.5062499999999988     1.3187499999999981   
   1.5062499999999988     1.3312499999999978   
   1.5062499999999988     1.3437499999999978   
   1.5062499999999988     1.3562499999999980   
   1.5062499999999988     1.3687499999999979   
   1.5062499999999988     1.3812499999999979   
   1.5062499999999988     1.3937499999999978   
   1.5187499999999983     0.9812499999999991   
   1.5187499999999980     0.9937499999999992   
   1.5187499999999980     1.0062499999999992   
   1.5187499999999983     1.0187499999999989   
   1.5187499999999983     1.0312499999999991   
   1.5187499999999983     1.0437499999999991   
   1.5187499999999983     1.0562499999999990   
   1.5187499999999983     1.0687499999999992   
   1.5187499999999983     1.0812499999999989   
   1.5187499999999983     1.0937499999999989   
   1.5187499999999983     1.1062499999999988   
   1.5187499999999983     1.1187499999999988   
   1.5187499999999985     1.1312499999999990   
   1.5187499999999983     1.1437499999999989   
   1.5187499999999983     1.1562499999999987   
   1.5187499999999983     1.1687499999999986   
   1.5187499999999983     1.1812499999999984   
   1.5187499999999983     1.1937499999999985   
   1.5187499999999983     1.2062499999999987   
   1.5187499999999985     1.2187499999999987   
   1.5187499999999983     1.2312499999999982   
   1.5187499999999983     1.2437499999999981   
   1.5187499999999987     1.2562499999999983   
   1.5187499999999987     1.2687499999999983   
   1.5187499999999985     1.2812499999999982   
   1.5187499999999985     1.2937499999999982   
   1.5187499999999985     1.3062499999999981   
   1.5187499999999983     1.3187499999999981   
   1.5187499999999983     1.3312499999999978   
   1.5187499999999987     1.3437499999999978   
   1.5187499999999987     1.3562499999999980   
   1.5187499999999987     1.3687499999999979   
   1.5187499999999987     1.3812499999999979   
   1.5187499999999987     1.3937499999999976   
   1.5312499999999982     0.9812499999999991   
   1.5312499999999982     0.9937499999999991   
   1.5312499999999982     1.0062499999999992   
   1.5312499999999982     1.0187499999999992   
   1.5312499999999982     1.0312499999999989   
   1.5312499999999982     1.0437499999999988   
   1.5312499999999982     1.0562499999999990   
   1.5312499999999982     1.0687499999999990   
   1.5312499999999982     1.0812499999999989   
   1.5312499999999982     1.0937499999999987   
   1.5312499999999982     1.1062499999999988   
   1.5312499999999987     1.1187499999999988   
   1.5312499999999987     1.1312499999999990   
   1.5312499999999984     1.1437499999999989   
   1.5312499999999982     1.1562499999999982   
   1.5312499999999982     1.1687499999999984   
   1.5312499999999984     1.1812499999999984   
   1.5312499999999984     1.1937499999999983   
   1.5312499999999982     1.2062499999999985   
   1.5312499999999984     1.2187499999999984   
   1.5312499999999984     1.2312499999999984   
   1.5312499999999987     1.2437499999999981   
   1.5312499999999987     1.2562499999999983   
   1.5312499999999987     1.2687499999999985   
   1.5312499999999987     1.2812499999999982   
   1.5312499999999987     1.2937499999999982   
   1.5312499999999987     1.3062499999999981   
   1.5312499999999984     1.3187499999999981   
   1.5312499999999987     1.3312499999999976   
   1.5312499999999987     1.3437499999999978   
   1.5312499999999987     1.3562499999999980   
   1.5312499999999987     1.3687499999999981   
   1.5312499999999987     1.3812499999999979   
   1.5312499999999987     1.3937499999999980   
   1.5437499999999980     0.9812499999999993   
   1.5437499999999980     0.9937499999999991   
   1.5437499999999984     1.0062499999999992   
   1.5437499999999980     1.0187499999999992   
   1.5437499999999980     1.0312499999999989   
   1.5437499999999980     1.0437499999999988   
   1.5437499999999984     1.0562499999999988   
   1.5437499999999984     1.0687499999999988   
   1.5437499999999980     1.0812499999999987   
   1.5437499999999982     1.0937499999999989   
   1.5437499999999984     1.1062499999999988   
   1.5437499999999984     1.1187499999999986   
   1.5437499999999984     1.1312499999999988   
   1.5437499999999984     1.1437499999999987   
   1.5437499999999984     1.1562499999999984   
   1.5437499999999984     1.1687499999999984   
   1.5437499999999984     1.1812499999999986   
   1.5437499999999986     1.1937499999999983   
   1.5437499999999984     1.2062499999999985   
   1.5437499999999984     1.2187499999999982   
   1.5437499999999986     1.2312499999999982   
   1.5437499999999986     1.2437499999999984   
   1.5437499999999986     1.2562499999999983   
   1.5437499999999986     1.2687499999999983   
   1.5437499999999988     1.2812499999999980   
   1.5437499999999986     1.2937499999999980   
   1.5437499999999986     1.3062499999999981   
   1.5437499999999986     1.3187499999999979   
   1.5437499999999988     1.3312499999999978   
   1.5437499999999988     1.3437499999999978   
   1.5437499999999988     1.3562499999999980   
   1.5437499999999988     1.3687499999999979   
   1.5437499999999988     1.3812499999999979   
   1.5437499999999988     1.3937499999999978   
   1.5562499999999981     0.9812499999999992   
   1.5562499999999981     0.9937499999999992   
   1.5562499999999981     1.0062499999999990   
   1.5562499999999984     1.0187499999999989   
   1.5562499999999981     1.0312499999999989   
   1.5562499999999981     1.0437499999999988   
   1.5562499999999981     1.0562499999999988   
   1.5562499999999984     1.0687499999999988   
   1.5562499999999981     1.0812499999999989   
   1.5562499999999981     1.0937499999999987   
   1.5562499999999986     1.1062499999999988   
   1.5562499999999984     1.1187499999999986   
   1.5562499999999984     1.1312499999999985   
   1.5562499999999984     1.1437499999999987   
   1.5562499999999986     1.1562499999999984   
   1.5562499999999986     1.1687499999999984   
   1.5562499999999986     1.1812499999999986   
   1.5562499999999986     1.1937499999999985   
   1.5562499999999986     1.2062499999999985   
   1.5562499999999986     1.2187499999999982   
   1.5562499999999986     1.2312499999999982   
   1.5562499999999986     1.2437499999999981   
   1.5562499999999986     1.2562499999999981   
   1.5562499999999988     1.2687499999999980   
   1.5562499999999988     1.2812499999999980   
   1.5562499999999988     1.2937499999999980   
   1.5562499999999986     1.3062499999999981   
   1.5562499999999986     1.3187499999999979   
   1.5562499999999988     1.3312499999999980   
   1.5562499999999990     1.3437499999999978   
   1.5562499999999990     1.3562499999999980   
   1.5562499999999990     1.3687499999999979   
   1.5562499999999988     1.3812499999999976   
   1.5562499999999988     1.3937499999999976   
   1.5687499999999981     0.9812499999999993   
   1.5687499999999981     0.9937499999999991   
   1.5687499999999981     1.0062499999999992   
   1.5687499999999983     1.0187499999999989   
   1.5687499999999983     1.0312499999999989   
   1.5687499999999983     1.0437499999999988   
   1.5687499999999983     1.0562499999999988   
   1.5687499999999983     1.0687499999999988   
   1.5687499999999983     1.0812499999999989   
   1.5687499999999983     1.0937499999999989   
   1.5687499999999983     1.1062499999999988   
   1.5687499999999983     1.1187499999999986   
   1.5687499999999983     1.1312499999999988   
   1.5687499999999988     1.1437499999999985   
   1.5687499999999983     1.1562499999999984   
   1.5687499999999981     1.1687499999999984   
   1.5687499999999983     1.1812499999999986   
   1.5687499999999983     1.1937499999999983   
   1.5687499999999983     1.2062499999999985   
   1.5687499999999983     1.2187499999999984   
   1.5687499999999983     1.2312499999999982   
   1.5687499999999983     1.2437499999999981   
   1.5687499999999983     1.2562499999999981   
   1.5687499999999988     1.2687499999999980   
   1.5687499999999988     1.2812499999999982   
   1.5687499999999988     1.2937499999999982   
   1.5687499999999985     1.3062499999999979   
   1.5687499999999985     1.3187499999999979   
   1.5687499999999988     1.3312499999999978   
   1.5687499999999990     1.3437499999999980   
   1.5687499999999990     1.3562499999999982   
   1.5687499999999990     1.3687499999999981   
   1.5687499999999990     1.3812499999999979   
   1.5687499999999988     1.3937499999999976   
   1.5812499999999980     0.9812499999999993   
   1.5812499999999980     0.9937499999999991   
   1.5812499999999980     1.0062499999999990   
   1.5812499999999983     1.0187499999999989   
   1.5812499999999983     1.0312499999999989   
   1.5812499999999983     1.0437499999999988   
   1.5812499999999983     1.0562499999999988   
   1.5812499999999983     1.0687499999999988   
   1.5812499999999983     1.0812499999999989   
   1.5812499999999983     1.0937499999999989   
   1.5812499999999983     1.1062499999999988   
   1.5812499999999983     1.1187499999999986   
   1.5812499999999983     1.1312499999999985   
   1.5812499999999983     1.1437499999999987   
   1.5812499999999983     1.1562499999999987   
   1.5812499999999980     1.1687499999999986   
   1.5812499999999983     1.1812499999999986   
   1.5812499999999985     1.1937499999999985   
   1.5812499999999983     1.2062499999999985   
   1.5812499999999983     1.2187499999999982   
   1.5812499999999985     1.2312499999999984   
   1.5812499999999985     1.2437499999999984   
   1.5812499999999983     1.2562499999999981   
   1.5812499999999983     1.2687499999999980   
   1.5812499999999985     1.2812499999999980   
   1.5812499999999989     1.2937499999999980   
   1.5812499999999989     1.3062499999999979   
   1.5812499999999989     1.3187499999999979   
   1.5812499999999989     1.3312499999999978   
   1.5812499999999989     1.3437499999999978   
   1.5812499999999989     1.3562499999999980   
   1.5812499999999989     1.3687499999999979   
   1.5812499999999989     1.3812499999999979   
   1.5812499999999989     1.3937499999999978   
   1.5937499999999982     0.9812499999999993   
   1.5937499999999982     0.9937499999999992   
   1.5937499999999982     1.0062499999999990   
   1.5937499999999982     1.0187499999999989   
   1.5937499999999982     1.0312499999999991   
   1.5937499999999982     1.0437499999999988   
   1.5937499999999982     1.0562499999999990   
   1.5937499999999982     1.0687499999999988   
   1.5937499999999982     1.0812499999999989   
   1.5937499999999982     1.0937499999999987   
   1.5937499999999987     1.1062499999999988   
   1.5937499999999984     1.1187499999999986   
   1.5937499999999982     1.1312499999999988   
   1.5937499999999982     1.1437499999999985   
   1.5937499999999982     1.1562499999999987   
   1.5937499999999987     1.1687499999999986   
   1.5937499999999987     1.1812499999999984   
   1.5937499999999987     1.1937499999999983   
   1.5937499999999984     1.2062499999999985   
   1.5937499999999987     1.2187499999999984   
   1.5937499999999987     1.2312499999999984   
   1.5937499999999987     1.2437499999999981   
   1.5937499999999984     1.2562499999999981   
   1.5937499999999987     1.2687499999999980   
   1.5937499999999987     1.2812499999999980   
   1.5937499999999987     1.2937499999999980   
   1.5937499999999987     1.3062499999999981   
   1.5937499999999987     1.3187499999999979   
   1.5937499999999987     1.3312499999999980   
   1.5937499999999987     1.3437499999999980   
   1.5937499999999987     1.3562499999999980   
   1.5937499999999987     1.3687499999999979   
   1.5937499999999987     1.3812499999999976   
   1.5937499999999987     1.3937499999999976   
   1.6062499999999980     0.9812499999999993   
   1.6062499999999980     0.9937499999999991   
   1.6062499999999980     1.0062499999999990   
   1.6062499999999980     1.0187499999999989   
   1.6062499999999984     1.0312499999999991   
   1.6062499999999980     1.0437499999999991   
   1.6062499999999980     1.0562499999999988   
   1.6062499999999980     1.0687499999999988   
   1.6062499999999984     1.0812499999999987   
   1.6062499999999984     1.0937499999999989   
   1.6062499999999984     1.1062499999999986   
   1.6062499999999980     1.1187499999999986   
   1.6062499999999984     1.1312499999999985   
   1.6062499999999984     1.1437499999999987   
   1.6062499999999984     1.1562499999999984   
   1.6062499999999984     1.1687499999999982   
   1.6062499999999986     1.1812499999999981   
   1.6062499999999986     1.1937499999999983   
   1.6062499999999984     1.2062499999999985   
   1.6062499999999984     1.2187499999999984   
   1.6062499999999984     1.2312499999999984   
   1.6062499999999984     1.2437499999999984   
   1.6062499999999984     1.2562499999999983   
   1.6062499999999986     1.2687499999999985   
   1.6062499999999986     1.2812499999999982   
   1.6062499999999986     1.2937499999999980   
   1.6062499999999986     1.3062499999999981   
   1.6062499999999986     1.3187499999999979   
   1.6062499999999986     1.3312499999999980   
   1.6062499999999986     1.3437499999999980   
   1.6062499999999986     1.3562499999999975   
   1.6062499999999986     1.3687499999999977   
   1.6062499999999988     1.3812499999999974   
   1.6062499999999988     1.3937499999999976   
   1.6187499999999979     0.9812499999999993   
   1.6187499999999979     0.9937499999999991   
   1.6187499999999979     1.0062499999999990   
   1.6187499999999979     1.0187499999999989   
   1.6187499999999979     1.0312499999999991   
   1.6187499999999979     1.0437499999999988   
   1.6187499999999979     1.0562499999999986   
   1.6187499999999979     1.0687499999999985   
   1.6187499999999979     1.0812499999999987   
   1.6187499999999981     1.0937499999999987   
   1.6187499999999981     1.1062499999999984   
   1.6187499999999979     1.1187499999999986   
   1.6187499999999984     1.1312499999999988   
   1.6187499999999986     1.1437499999999985   
   1.6187499999999979     1.1562499999999982   
   1.6187499999999984     1.1687499999999980   
   1.6187499999999986     1.1812499999999986   
   1.6187499999999986     1.1937499999999985   
   1.6187499999999981     1.2062499999999985   
   1.6187499999999984     1.2187499999999984   
   1.6187499999999984     1.2312499999999982   
   1.6187499999999984     1.2437499999999984   
   1.6187499999999984     1.2562499999999983   
   1.6187499999999986     1.2687499999999983   
   1.6187499999999986     1.2812499999999982   
   1.6187499999999986     1.2937499999999982   
   1.6187499999999986     1.3062499999999979   
   1.6187499999999986     1.3187499999999979   
   1.6187499999999986     1.3312499999999978   
   1.6187499999999986     1.3437499999999978   
   1.6187499999999986     1.3562499999999975   
   1.6187499999999986     1.3687499999999977   
   1.6187499999999988     1.3812499999999979   
   1.6187499999999988     1.3937499999999976   
   1.6312499999999979     0.9812499999999993   
   1.6312499999999979     0.9937499999999992   
   1.6312499999999979     1.0062499999999990   
   1.6312499999999979     1.0187499999999989   
   1.6312499999999979     1.0312499999999991   
   1.6312499999999979     1.0437499999999991   
   1.6312499999999983     1.0562499999999986   
   1.6312499999999981     1.0687499999999985   
   1.6312499999999979     1.0812499999999987   
   1.6312499999999981     1.0937499999999987   
   1.6312499999999981     1.1062499999999984   
   1.6312499999999979     1.1187499999999984   
   1.6312499999999981     1.1312499999999985   
   1.6312499999999983     1.1437499999999987   
   1.6312499999999983     1.1562499999999984   
   1.6312499999999983     1.1687499999999984   
   1.6312499999999983     1.1812499999999986   
   1.6312499999999981     1.1937499999999985   
   1.6312499999999983     1.2062499999999983   
   1.6312499999999983     1.2187499999999982   
   1.6312499999999983     1.2312499999999982   
   1.6312499999999983     1.2437499999999981   
   1.6312499999999983     1.2562499999999983   
   1.6312499999999983     1.2687499999999980   
   1.6312499999999983     1.2812499999999980   
   1.6312499999999983     1.2937499999999980   
   1.6312499999999988     1.3062499999999979   
   1.6312499999999983     1.3187499999999981   
   1.6312499999999983     1.3312499999999978   
   1.6312499999999983     1.3437499999999978   
   1.6312499999999985     1.3562499999999977   
   1.6312499999999988     1.3687499999999979   
   1.6312499999999988     1.3812499999999976   
   1.6312499999999988     1.3937499999999978   
   1.6437499999999980     0.9812499999999991   
   1.6437499999999980     0.9937499999999990   
   1.6437499999999980     1.0062499999999990   
   1.6437499999999980     1.0187499999999989   
   1.6437499999999980     1.0312499999999991   
   1.6437499999999980     1.0437499999999988   
   1.6437499999999983     1.0562499999999988   
   1.6437499999999983     1.0687499999999988   
   1.6437499999999980     1.0812499999999987   
   1.6437499999999980     1.0937499999999987   
   1.6437499999999980     1.1062499999999986   
   1.6437499999999980     1.1187499999999986   
   1.6437499999999980     1.1312499999999985   
   1.6437499999999983     1.1437499999999985   
   1.6437499999999983     1.1562499999999984   
   1.6437499999999983     1.1687499999999984   
   1.6437499999999983     1.1812499999999984   
   1.6437499999999980     1.1937499999999983   
   1.6437499999999983     1.2062499999999983   
   1.6437499999999983     1.2187499999999982   
   1.6437499999999983     1.2312499999999984   
   1.6437499999999983     1.2437499999999984   
   1.6437499999999985     1.2562499999999983   
   1.6437499999999985     1.2687499999999980   
   1.6437499999999980     1.2812499999999980   
   1.6437499999999987     1.2937499999999980   
   1.6437499999999989     1.3062499999999979   
   1.6437499999999987     1.3187499999999979   
   1.6437499999999987     1.3312499999999978   
   1.6437499999999987     1.3437499999999976   
   1.6437499999999987     1.3562499999999980   
   1.6437499999999989     1.3687499999999979   
   1.6437499999999989     1.3812499999999974   
   1.6437499999999989     1.3937499999999976   
   1.6562499999999982     0.9812499999999990   
   1.6562499999999982     0.9937499999999990   
   1.6562499999999982     1.0062499999999988   
   1.6562499999999982     1.0187499999999989   
   1.6562499999999982     1.0312499999999989   
   1.6562499999999982     1.0437499999999988   
   1.6562499999999982     1.0562499999999988   
   1.6562499999999982     1.0687499999999988   
   1.6562499999999982     1.0812499999999987   
   1.6562499999999982     1.0937499999999987   
   1.6562499999999984     1.1062499999999984   
   1.6562499999999982     1.1187499999999986   
   1.6562499999999982     1.1312499999999983   
   1.6562499999999984     1.1437499999999985   
   1.6562499999999982     1.1562499999999982   
   1.6562499999999984     1.1687499999999982   
   1.6562499999999984     1.1812499999999981   
   1.6562499999999984     1.1937499999999981   
   1.6562499999999982     1.2062499999999983   
   1.6562499999999984     1.2187499999999982   
   1.6562499999999984     1.2312499999999984   
   1.6562499999999984     1.2437499999999984   
   1.6562499999999987     1.2562499999999981   
   1.6562499999999987     1.2687499999999980   
   1.6562499999999987     1.2812499999999980   
   1.6562499999999987     1.2937499999999980   
   1.6562499999999987     1.3062499999999979   
   1.6562499999999991     1.3187499999999979   
   1.6562499999999991     1.3312499999999978   
   1.6562499999999991     1.3437499999999978   
   1.6562499999999991     1.3562499999999975   
   1.6562499999999991     1.3687499999999975   
   1.6562499999999991     1.3812499999999979   
   1.6562499999999991     1.3937499999999976   
