   0.3847383181561798     0.9687498948238037   
   0.3847383154182422     0.9812499965383403   
   0.3847383130537189     0.9937500021351303   
   0.3972383223600440     0.9687498932485571   
   0.3972383268405480     0.9812499983476937   
   0.3972383251369076     0.9937499988314185   
   0.3972383191898197     1.0062499987862874   
   0.3972383136771918     1.0187500088369210   
   0.4097383186361804     0.9687498953291817   
   0.4097383206634428     0.9812500010254628   
   0.4097383233898576     0.9937499983300736   
   0.4097383269387149     1.0062499959851039   
   0.4097383257486795     1.0187500044751878   
   0.4097383201166876     1.0312501045325382   
   0.4097383164861242     1.0437512214929714   
   0.4097383133940707     1.0562596225192067   
   0.4222383176639785     0.9687498958699060   
   0.4222383184622456     0.9812500023558027   
   0.4222383191659994     0.9937500004196843   
   0.4222383206169716     1.0062499987633786   
   0.4222383232221974     1.0187500037121422   
   0.4222383259818743     1.0312501020149518   
   0.4222383278072032     1.0437512210627922   
   0.4222383255309362     1.0562596185349211   
   0.4222383194781930     1.0687995765687142   
   0.4222381848776927     1.0814174952335538   
   0.4221905087597484     1.0941101642290068   
   0.4206049063800104     1.1065748002216125   
   0.4189012261654096     1.1188462475826690   
   0.4187638472281011     1.1312664842598390   
   0.4347383175078138     0.9687498959584973   
   0.4347383180914130     0.9812500025277160   
   0.4347383181977471     0.9937500009180519   
   0.4347383184230332     1.0062500001891683   
   0.4347383190149204     1.0187500057073446   
   0.4347383197510574     1.0312501029437051   
   0.4347383208171323     1.0437512227629038   
   0.4347383230467720     1.0562596177069832   
   0.4347383243152366     1.0687995733646452   
   0.4347381943785701     1.0814174938099674   
   0.4346905164201365     1.0941101613125246   
   0.4331049328895387     1.1065747866156996   
   0.4314012348301439     1.1188462484367852   
   0.4312638266031910     1.1312665033023690   
   0.4312500000000021     1.1437500000000005   
   0.4312500000000021     1.1562500000000004   
   0.4312500000000021     1.1687500000000004   
   0.4312500000000022     1.1812500000000001   
   0.4312500000000022     1.1937500000000003   
   0.4312500000000022     1.2062500000000003   
   0.4312500000000022     1.2187500000000000   
   0.4472383174890305     0.9687498959681661   
   0.4472383180375757     0.9812500025446871   
   0.4472383180488996     0.9937500010032740   
   0.4472383180772538     1.0062500004136179   
   0.4472383181576308     1.0187500060544146   
   0.4472383182785664     1.0312501032163772   
   0.4472383184079411     1.0437512239136173   
   0.4472383188067404     1.0562596196688803   
   0.4472383189181026     1.0687995737189797   
   0.4472381883129467     1.0814174924768949   
   0.4471905115509124     1.0941101602561625   
   0.4456049343860606     1.1065747785400337   
   0.4439012605474459     1.1188462261635104   
   0.4437638325905741     1.1312665054984654   
   0.4437500000000021     1.1437500000000003   
   0.4437500000000021     1.1562500000000004   
   0.4437500000000022     1.1687500000000004   
   0.4437500000000022     1.1812500000000001   
   0.4437500000000022     1.1937500000000001   
   0.4437500000000022     1.2062500000000003   
   0.4437500000000023     1.2187500000000000   
   0.4437500000000023     1.2312500000000002   
   0.4437500000000023     1.2437499999999999   
   0.4437500000000023     1.2562499999999999   
   0.4437500000000023     1.2687499999999998   
   0.4437500000000023     1.2812499999999998   
   0.4437500000000023     1.2937500000000000   
   0.4437500000000024     1.3062499999999997   
   0.4437500000000024     1.3187499999999996   
   0.4437500000000025     1.3312499999999996   
   0.4437500000000024     1.3437499999999996   
   0.4597383174864415     0.9687498959688541   
   0.4597383180301284     0.9812500025474815   
   0.4597383180314694     0.9937500010131360   
   0.4597383180347779     1.0062500004403698   
   0.4597383180438807     1.0187500060990464   
   0.4597383180596956     1.0312501032777546   
   0.4597383180209931     1.0437512240974285   
   0.4597383179755865     1.0562596199800256   
   0.4597383177678790     1.0687995738058429   
   0.4597381876071562     1.0814174923693247   
   0.4596905113427268     1.0941101603841847   
   0.4581049251809545     1.1065747815730593   
   0.4564012552471223     1.1188462206895684   
   0.4562638418453431     1.1312664967227093   
   0.4562500000000022     1.1437500000000003   
   0.4562500000000022     1.1562500000000002   
   0.4562500000000021     1.1687500000000004   
   0.4562500000000022     1.1812500000000001   
   0.4562500000000022     1.1937500000000001   
   0.4562500000000023     1.2062500000000003   
   0.4562500000000023     1.2187500000000002   
   0.4562500000000023     1.2312500000000002   
   0.4562500000000023     1.2437499999999999   
   0.4562500000000023     1.2562499999999999   
   0.4562500000000023     1.2687499999999998   
   0.4562500000000023     1.2812499999999998   
   0.4562500000000023     1.2937499999999997   
   0.4562500000000024     1.3062499999999997   
   0.4562500000000024     1.3187499999999996   
   0.4562500000000024     1.3312499999999994   
   0.4562500000000024     1.3437499999999996   
   0.4562500000000024     1.3562499999999993   
   0.4722383174759404     0.9687498959661421   
   0.4722383180146243     0.9812500025479884   
   0.4722383180196078     0.9937500010168687   
   0.4722383180268968     1.0062500004448458   
   0.4722383180313530     1.0187500061042991   
   0.4722383180345359     1.0312501032861690   
   0.4722383179734195     1.0437512241210274   
   0.4722383178698848     1.0562596200183612   
   0.4722383176231411     1.0687995738196590   
   0.4722381875248573     1.0814174923563125   
   0.4721905113331795     1.0941101603815091   
   0.4706049249661065     1.1065747815899138   
   0.4689012503030647     1.1188462222717621   
   0.4687638403114901     1.1312664950292513   
   0.4687500000000021     1.1437500000000003   
   0.4687500000000021     1.1562500000000002   
   0.4687500000000021     1.1687500000000002   
   0.4687500000000021     1.1812500000000004   
   0.4687500000000021     1.1937500000000001   
   0.4687500000000022     1.2062500000000003   
   0.4687500000000021     1.2187500000000000   
   0.4687500000000022     1.2312500000000000   
   0.4687500000000022     1.2437499999999999   
   0.4687500000000022     1.2562499999999999   
   0.4687500000000022     1.2687499999999998   
   0.4687500000000023     1.2812499999999998   
   0.4687500000000023     1.2937499999999997   
   0.4687500000000023     1.3062499999999997   
   0.4687500000000023     1.3187499999999996   
   0.4687500000000023     1.3312499999999996   
   0.4687500000000023     1.3437499999999996   
   0.4687500000000024     1.3562499999999995   
   0.4847383173742263     0.9687498959379072   
   0.4847383178689665     0.9812500025510018   
   0.4847383179209168     0.9937500010448479   
   0.4847383179924311     1.0062500004629391   
   0.4847383180248572     1.0187500061096655   
   0.4847383180317743     1.0312501032875960   
   0.4847383179689416     1.0437512241234401   
   0.4847383178592941     1.0562596200234675   
   0.4847383176081246     1.0687995738260301   
   0.4847381875148299     1.0814174923533408   
   0.4846905113281376     1.0941101603784213   
   0.4831049249082234     1.1065747815737352   
   0.4814012501634412     1.1188462222620406   
   0.4812638402812568     1.1312664949912326   
   0.4812500000000021     1.1437500000000003   
   0.4812500000000021     1.1562500000000000   
   0.4812500000000021     1.1687500000000002   
   0.4812500000000021     1.1812500000000001   
   0.4812500000000021     1.1937500000000001   
   0.4812500000000021     1.2062500000000000   
   0.4812500000000021     1.2187500000000000   
   0.4812500000000021     1.2312499999999997   
   0.4812500000000022     1.2437499999999999   
   0.4812500000000023     1.2562499999999999   
   0.4812500000000023     1.2687499999999998   
   0.4812500000000023     1.2812499999999998   
   0.4812500000000023     1.2937499999999997   
   0.4812500000000023     1.3062499999999995   
   0.4812500000000023     1.3187499999999996   
   0.4812500000000023     1.3312499999999998   
   0.4812500000000023     1.3437499999999996   
   0.4812500000000023     1.3562499999999993   
   0.4972383166005239     0.9687498956906413   
   0.4972383167490405     0.9812500025871453   
   0.4972383171970302     0.9937500012683405   
   0.4972383177726507     1.0062500005863892   
   0.4972383179848234     1.0187500061472934   
   0.4972383180293305     1.0312501032908206   
   0.4972383179685747     1.0437512241237832   
   0.4972383178583616     1.0562596200249645   
   0.4972383176066559     1.0687995738309573   
   0.4972381875129089     1.0814174923495350   
   0.4971905113211272     1.0941101603754666   
   0.4956049248838935     1.1065747815834990   
   0.4939012501313363     1.1188462222505997   
   0.4937638402793798     1.1312664949891034   
   0.4937500000000020     1.1437500000000003   
   0.4937500000000020     1.1562500000000002   
   0.4937500000000020     1.1687500000000002   
   0.4937500000000020     1.1812499999999999   
   0.4937500000000021     1.1937499999999999   
   0.4937500000000021     1.2062499999999998   
   0.4937500000000021     1.2187500000000000   
   0.4937500000000021     1.2312499999999997   
   0.4937500000000021     1.2437499999999997   
   0.4937500000000022     1.2562499999999996   
   0.4937500000000022     1.2687499999999998   
   0.4937500000000022     1.2812499999999998   
   0.4937500000000022     1.2937499999999997   
   0.4937500000000022     1.3062499999999997   
   0.4937500000000022     1.3187499999999996   
   0.4937500000000022     1.3312499999999998   
   0.4937500000000024     1.3437499999999998   
   0.4937500000000024     1.3562499999999993   
   0.5097383130795031     0.9687498941248913   
   0.5097383116306516     0.9812500027067882   
   0.5097383138475611     0.9937500027419026   
   0.5097383167859750     1.0062500015229328   
   0.5097383178314377     1.0187500063333979   
   0.5097383180249908     1.0312501033005608   
   0.5097383179685162     1.0437512241240035   
   0.5097383178581908     1.0562596200258751   
   0.5097383176063615     1.0687995738354481   
   0.5097381875120368     1.0814174923436348   
   0.5096905113115734     1.0941101603719818   
   0.5081049248915654     1.1065747816190796   
   0.5064012501264881     1.1188462222684630   
   0.5062638402787162     1.1312664949893179   
   0.5062500000000019     1.1437500000000003   
   0.5062500000000019     1.1562500000000002   
   0.5062500000000019     1.1687500000000002   
   0.5062500000000021     1.1812499999999999   
   0.5062500000000022     1.1937500000000001   
   0.5062500000000021     1.2062499999999998   
   0.5062500000000022     1.2187499999999998   
   0.5062500000000022     1.2312499999999997   
   0.5062500000000022     1.2437499999999999   
   0.5062500000000022     1.2562499999999996   
   0.5062500000000022     1.2687499999999998   
   0.5062500000000022     1.2812499999999998   
   0.5062500000000022     1.2937499999999997   
   0.5062500000000022     1.3062499999999995   
   0.5062500000000022     1.3187499999999996   
   0.5062500000000022     1.3312499999999996   
   0.5062500000000022     1.3437499999999996   
   0.5062500000000023     1.3562499999999993   
   0.5222383170378156     0.9687498942870313   
   0.5222383167706599     0.9812499991177376   
   0.5222383143889426     0.9937500036730313   
   0.5222383157800867     1.0062500046243674   
   0.5222383176448218     1.0187500069490982   
   0.5222383180231528     1.0312501033165844   
   0.5222383179684719     1.0437512241242457   
   0.5222383178580381     1.0562596200265144   
   0.5222383176060618     1.0687995738399128   
   0.5222381875111909     1.0814174923356574   
   0.5221905112991899     1.0941101603677126   
   0.5206049249304957     1.1065747816805171   
   0.5189012501476631     1.1188462223153985   
   0.5187638402790535     1.1312664949916023   
   0.5187500000000019     1.1437500000000003   
   0.5187500000000019     1.1562500000000000   
   0.5187500000000019     1.1687500000000002   
   0.5187500000000019     1.1812500000000001   
   0.5187500000000020     1.1937500000000001   
   0.5187500000000020     1.2062499999999998   
   0.5187500000000020     1.2187500000000000   
   0.5187500000000020     1.2312499999999997   
   0.5187500000000020     1.2437499999999999   
   0.5187500000000020     1.2562499999999996   
   0.5187500000000020     1.2687499999999998   
   0.5187500000000020     1.2812499999999996   
   0.5187500000000020     1.2937499999999997   
   0.5187500000000020     1.3062499999999997   
   0.5187500000000020     1.3187499999999996   
   0.5187500000000020     1.3312499999999994   
   0.5187500000000020     1.3437499999999993   
   0.5187500000000022     1.3562499999999995   
   0.5347383179994237     0.9937500016335882   
   0.5347383167828369     1.0062500080621211   
   0.5347383177706780     1.0187500076934393   
   0.5347383180240181     1.0312501033334971   
   0.5347383179684673     1.0437512241244655   
   0.5347383178577773     1.0562596200268017   
   0.5347383176053073     1.0687995738440674   
   0.5347381875096104     1.0814174923257398   
   0.5346905112836299     1.0941101603627681   
   0.5331049250006259     1.1065747817684939   
   0.5314012501945659     1.1188462223916225   
   0.5312638402803684     1.1312664949959450   
   0.5312500000000018     1.1437500000000003   
   0.5312500000000018     1.1562500000000000   
   0.5312500000000018     1.1687500000000000   
   0.5312500000000020     1.1812500000000001   
   0.5312500000000020     1.1937500000000001   
   0.5312500000000020     1.2062499999999998   
   0.5312500000000020     1.2187499999999998   
   0.5312500000000021     1.2312500000000000   
   0.5312500000000021     1.2437499999999999   
   0.5312500000000021     1.2562499999999996   
   0.5312500000000021     1.2687499999999998   
   0.5312500000000021     1.2812499999999996   
   0.5312500000000021     1.2937499999999997   
   0.5312500000000021     1.3062499999999995   
   0.5312500000000021     1.3187499999999996   
   0.5312500000000021     1.3312499999999994   
   0.5312500000000021     1.3437499999999993   
   0.5312500000000021     1.3562499999999993   
   0.5472383179234308     0.9937499995924115   
   0.5472383180292149     1.0062500091565785   
   0.5472383180003793     1.0187500079892458   
   0.5472383180278078     1.0312501033457684   
   0.5472383179684474     1.0437512241245732   
   0.5472383178572766     1.0562596200264966   
   0.5472383176032174     1.0687995738467335   
   0.5472381875057865     1.0814174923142792   
   0.5471905112643966     1.0941101603578058   
   0.5456049251026653     1.1065747818843734   
   0.5439012502675056     1.1188462224980846   
   0.5437638402826623     1.1312664950023863   
   0.5437500000000018     1.1437500000000003   
   0.5437500000000018     1.1562500000000000   
   0.5437500000000018     1.1687500000000002   
   0.5437500000000018     1.1812499999999999   
   0.5437500000000018     1.1937500000000001   
   0.5437500000000020     1.2062500000000000   
   0.5437500000000020     1.2187500000000000   
   0.5437500000000020     1.2312499999999997   
   0.5437500000000020     1.2437499999999999   
   0.5437500000000020     1.2562499999999996   
   0.5437500000000020     1.2687499999999998   
   0.5437500000000020     1.2812499999999996   
   0.5437500000000020     1.2937499999999997   
   0.5437500000000020     1.3062499999999995   
   0.5437500000000020     1.3187499999999996   
   0.5437500000000020     1.3312499999999994   
   0.5437500000000022     1.3437499999999996   
   0.5437500000000022     1.3562499999999993   
   0.5597383175744249     0.9937499991819417   
   0.5597383180375882     1.0062500090879940   
   0.5597383180312921     1.0187500080047232   
   0.5597383180315177     1.0312501033502732   
   0.5597383179680607     1.0437512241244218   
   0.5597383178560382     1.0562596200248260   
   0.5597383175983971     1.0687995738451317   
   0.5597381874966401     1.0814174923026494   
   0.5596905112407036     1.0941101603546151   
   0.5581049252381173     1.1065747820302199   
   0.5564012503674191     1.1188462226365055   
   0.5562638402859585     1.1312664950110216   
   0.5562500000000017     1.1437500000000003   
   0.5562500000000017     1.1562500000000000   
   0.5562500000000017     1.1687500000000002   
   0.5562500000000019     1.1812499999999999   
   0.5562500000000019     1.1937500000000001   
   0.5562500000000019     1.2062499999999998   
   0.5562500000000020     1.2187500000000000   
   0.5562500000000020     1.2312500000000000   
   0.5562500000000020     1.2437499999999999   
   0.5562500000000020     1.2562499999999996   
   0.5562500000000020     1.2687499999999996   
   0.5562500000000020     1.2812499999999996   
   0.5562500000000020     1.2937499999999995   
   0.5562500000000020     1.3062499999999995   
   0.5562500000000020     1.3187499999999994   
   0.5562500000000021     1.3312499999999994   
   0.5562500000000021     1.3437499999999996   
   0.5562500000000021     1.3562499999999993   
   0.5722383174948519     0.9937499991120700   
   0.5722383180281077     1.0062500090793207   
   0.5722383180272846     1.0187500080034424   
   0.5722383180280041     1.0312501033501615   
   0.5722383179636065     1.0437512241231248   
   0.5722383178512364     1.0562596200193370   
   0.5722383175866845     1.0687995738321643   
   0.5722381874745505     1.0814174922948443   
   0.5721905112112464     1.0941101603576402   
   0.5706049254093166     1.1065747822087697   
   0.5689012504958747     1.1188462228094025   
   0.5687638402903074     1.1312664950220015   
   0.5687500000000018     1.1437500000000003   
   0.5687500000000018     1.1562500000000002   
   0.5687500000000018     1.1687500000000002   
   0.5687500000000018     1.1812499999999999   
   0.5687500000000019     1.1937500000000001   
   0.5687500000000019     1.2062499999999998   
   0.5687500000000019     1.2187500000000000   
   0.5687500000000019     1.2312499999999997   
   0.5687500000000019     1.2437499999999999   
   0.5687500000000019     1.2562499999999996   
   0.5687500000000019     1.2687499999999996   
   0.5687500000000019     1.2812499999999998   
   0.5687500000000019     1.2937499999999997   
   0.5687500000000019     1.3062499999999995   
   0.5687500000000019     1.3187499999999996   
   0.5687500000000020     1.3312499999999994   
   0.5687500000000021     1.3437499999999996   
   0.5687500000000021     1.3562499999999993   
   0.5847383174471196     0.9937499991033115   
   0.5847383179911075     1.0062500090782269   
   0.5847383179912058     1.0187500080028995   
   0.5847383179894030     1.0312501033464392   
   0.5847383179170065     1.0437512241104050   
   0.5847383178207566     1.0562596200010357   
   0.5847383175615110     1.0687995737932836   
   0.5847381874236899     1.0814174923002466   
   0.5846905111760192     1.0941101603767134   
   0.5831049256195073     1.1065747824229344   
   0.5814012506550249     1.1188462230200342   
   0.5812638402957846     1.1312664950355344   
   0.5812500000000016     1.1437500000000003   
   0.5812500000000016     1.1562500000000000   
   0.5812500000000016     1.1687500000000002   
   0.5812500000000018     1.1812499999999999   
   0.5812500000000019     1.1937499999999999   
   0.5812500000000018     1.2062499999999998   
   0.5812500000000019     1.2187500000000000   
   0.5812500000000019     1.2312500000000000   
   0.5812500000000019     1.2437499999999999   
   0.5812500000000019     1.2562499999999996   
   0.5812500000000019     1.2687499999999998   
   0.5812500000000019     1.2812499999999996   
   0.5812500000000019     1.2937499999999997   
   0.5812500000000019     1.3062499999999997   
   0.5812500000000019     1.3187499999999996   
   0.5812500000000019     1.3312499999999996   
   0.5812500000000019     1.3437499999999993   
   0.5812500000000019     1.3562499999999993   
   0.5972383171375490     0.9937499991030999   
   0.5972383176836530     1.0062500090783058   
   0.5972383176835865     1.0187500080011662   
   0.5972383176654474     1.0312501033200379   
   0.5972383174920960     1.0437512239621598   
   0.5972383175377354     1.0562596198873746   
   0.5972383176285877     1.0687995736684142   
   0.5972381874966429     1.0814174922572521   
   0.5971905111675250     1.0941101604179344   
   0.5956049258736884     1.1065747826697385   
   0.5939012508473636     1.1188462232718184   
   0.5937638403024951     1.1312664950518780   
   0.5937500000000017     1.1437500000000000   
   0.5937500000000018     1.1562500000000000   
   0.5937500000000018     1.1687500000000002   
   0.5937500000000017     1.1812499999999999   
   0.5937500000000018     1.1937500000000001   
   0.5937500000000018     1.2062499999999998   
   0.5937500000000018     1.2187500000000000   
   0.5937500000000018     1.2312499999999997   
   0.5937500000000018     1.2437499999999999   
   0.5937500000000018     1.2562499999999996   
   0.5937500000000018     1.2687499999999998   
   0.5937500000000018     1.2812499999999996   
   0.5937500000000018     1.2937499999999997   
   0.5937500000000018     1.3062499999999995   
   0.5937500000000018     1.3187499999999996   
   0.5937500000000018     1.3312499999999994   
   0.5937500000000018     1.3437499999999996   
   0.5937500000000020     1.3562499999999993   
   0.6097383148577654     0.9937499991009463   
   0.6097383154011704     1.0062500090805242   
   0.6097383154107793     1.0187500080014464   
   0.6097383153302006     1.0312501031706944   
   0.6097383145530064     1.0437512229161545   
   0.6097383147068087     1.0562596148414130   
   0.6097383172492414     1.0687995670436166   
   0.6097381900460365     1.0814174912724490   
   0.6096905115172254     1.0941101602616070   
   0.6081049262070846     1.1065747828687158   
   0.6064012510735003     1.1188462235632832   
   0.6062638403105954     1.1312664950712199   
   0.6062500000000017     1.1437500000000003   
   0.6062500000000017     1.1562500000000000   
   0.6062500000000017     1.1687499999999997   
   0.6062500000000017     1.1812499999999999   
   0.6062500000000017     1.1937500000000001   
   0.6062500000000018     1.2062499999999998   
   0.6062500000000018     1.2187500000000000   
   0.6062500000000018     1.2312499999999997   
   0.6062500000000018     1.2437499999999995   
   0.6062500000000018     1.2562499999999996   
   0.6062500000000018     1.2687499999999998   
   0.6062500000000018     1.2812499999999996   
   0.6062500000000018     1.2937499999999995   
   0.6062500000000018     1.3062499999999995   
   0.6062500000000018     1.3187499999999994   
   0.6062500000000018     1.3312499999999994   
   0.6062500000000020     1.3437499999999996   
   0.6062500000000020     1.3562499999999993   
   0.6222383001126724     0.9937499990720460   
   0.6222383006397628     1.0062500091010456   
   0.6222383007782484     1.0187500081020329   
   0.6222383008635701     1.0312501027729311   
   0.6222382972350926     1.0437512144568830   
   0.6222382907745680     1.0562595866027082   
   0.6222382772893255     1.0687995801017562   
   0.6222381739316455     1.0814174851476219   
   0.6221905117828876     1.0941101613994326   
   0.6206049303930843     1.1065747799050736   
   0.6189012513709280     1.1188462238020260   
   0.6187638403207166     1.1312664950921809   
   0.6187500000000016     1.1437499999999998   
   0.6187500000000016     1.1562499999999998   
   0.6187500000000016     1.1687499999999997   
   0.6187500000000016     1.1812499999999999   
   0.6187500000000016     1.1937500000000001   
   0.6187500000000016     1.2062499999999998   
   0.6187500000000017     1.2187500000000000   
   0.6187500000000017     1.2312500000000000   
   0.6187500000000017     1.2437499999999997   
   0.6187500000000017     1.2562499999999996   
   0.6187500000000017     1.2687499999999998   
   0.6187500000000017     1.2812499999999996   
   0.6187500000000017     1.2937499999999997   
   0.6187500000000017     1.3062499999999997   
   0.6187500000000017     1.3187499999999996   
   0.6187500000000017     1.3312499999999996   
   0.6187500000000018     1.3437499999999996   
   0.6187500000000019     1.3562499999999993   
   0.6347382168122871     0.9937499988712080   
   0.6347382172726169     1.0062500092247033   
   0.6347382182359331     1.0187500090456230   
   0.6347382222764305     1.0312501043578697   
   0.6347382155497672     1.0437511908359645   
   0.6347381866852837     1.0562592851063419   
   0.6347383889792072     1.0687984099487651   
   0.6347380677639701     1.0814165941591352   
   0.6346905286153393     1.0941101214871969   
   0.6331051208153327     1.1065747793817504   
   0.6314012563178792     1.1188462183121011   
   0.6312638403641170     1.1312664950454812   
   0.6312500000000014     1.1437499999999998   
   0.6312500000000014     1.1562500000000000   
   0.6312500000000014     1.1687499999999997   
   0.6312500000000014     1.1812499999999999   
   0.6312500000000016     1.1937499999999999   
   0.6312500000000016     1.2062499999999996   
   0.6312500000000018     1.2187499999999998   
   0.6312500000000018     1.2312500000000000   
   0.6312500000000018     1.2437499999999999   
   0.6312500000000018     1.2562499999999999   
   0.6312500000000018     1.2687499999999998   
   0.6312500000000018     1.2812499999999998   
   0.6312500000000018     1.2937499999999997   
   0.6312500000000018     1.3062499999999997   
   0.6312500000000018     1.3187499999999994   
   0.6312500000000018     1.3312499999999996   
   0.6312500000000018     1.3437499999999993   
   0.6312500000000019     1.3562499999999993   
   0.6472378033824823     0.9937499980688910   
   0.6472378037407714     1.0062500098144533   
   0.6472378073342716     1.0187500135169854   
   0.6472378327827975     1.0312501239202925   
   0.6472379243022772     1.0437511632992467   
   0.6472375288191085     1.0562590063348642   
   0.6472376536668731     1.0687985125873865   
   0.6472377482598850     1.0814173374491169   
   0.6471903405878994     1.0941098703863696   
   0.6456050123236456     1.1065748135170468   
   0.6439015159118339     1.1188462383963063   
   0.6437638405152971     1.1312664942734523   
   0.6437500000000015     1.1437500000000000   
   0.6437500000000015     1.1562500000000002   
   0.6437500000000015     1.1687500000000000   
   0.6437500000000015     1.1812499999999999   
   0.6437500000000016     1.1937499999999996   
   0.6437500000000016     1.2062499999999998   
   0.6437500000000016     1.2187499999999996   
   0.6437500000000016     1.2312499999999995   
   0.6437500000000016     1.2437499999999995   
   0.6437500000000016     1.2562499999999996   
   0.6437500000000016     1.2687499999999998   
   0.6437500000000016     1.2812499999999996   
   0.6437500000000016     1.2937499999999993   
   0.6437500000000016     1.3062499999999992   
   0.6437500000000016     1.3187499999999992   
   0.6437500000000016     1.3312499999999994   
   0.6437500000000016     1.3437499999999993   
   0.6437500000000017     1.3562499999999991   
   0.6597360076721370     0.9937499972940530   
   0.6597360082462056     1.0062500103378633   
   0.6597360137516801     1.0187500320813694   
   0.6597361154577241     1.0312501896564275   
   0.6597365891313468     1.0437513510168761   
   0.6597368581802799     1.0562596745747548   
   0.6597371965767908     1.0687983441824693   
   0.6597382994946061     1.0814170262075073   
   0.6596904853215796     1.0941111705812605   
   0.6581050332229615     1.1065748226942997   
   0.6564016221690963     1.1188462677153768   
   0.6562638455299710     1.1312664979013956   
   0.6562500000000013     1.1437499999999998   
   0.6562500000000013     1.1562499999999998   
   0.6562500000000016     1.1687499999999997   
   0.6562500000000016     1.1812499999999997   
   0.6562500000000017     1.1937499999999996   
   0.6562500000000017     1.2062499999999998   
   0.6562500000000016     1.2187499999999998   
   0.6562500000000017     1.2312499999999995   
   0.6562500000000017     1.2437499999999995   
   0.6562500000000017     1.2562499999999996   
   0.6562500000000017     1.2687499999999996   
   0.6562500000000017     1.2812499999999996   
   0.6562500000000017     1.2937499999999993   
   0.6562500000000017     1.3062499999999995   
   0.6562500000000017     1.3187499999999992   
   0.6562500000000017     1.3312499999999994   
   0.6562500000000017     1.3437499999999993   
   0.6562500000000018     1.3562499999999993   
   0.6722293656057714     0.9937500068835976   
   0.6722293671248976     1.0062499994582939   
   0.6722293252664515     1.0187500551748767   
   0.6722297270835219     1.0312503057035116   
   0.6722303470088474     1.0437516119362986   
   0.6722307805250762     1.0562596286173596   
   0.6722317530162819     1.0687986367802793   
   0.6722339597844819     1.0814184522313861   
   0.6721885489806374     1.0941125262672347   
   0.6706046989400569     1.1065752437241478   
   0.6689015046051151     1.1188462925729721   
   0.6687638473404932     1.1312665010552510   
   0.6687500000000014     1.1437499999999998   
   0.6687500000000014     1.1562499999999998   
   0.6687500000000015     1.1687499999999997   
   0.6687500000000015     1.1812499999999997   
   0.6687500000000015     1.1937499999999996   
   0.6687500000000015     1.2062499999999998   
   0.6687500000000015     1.2187499999999996   
   0.6687500000000015     1.2312499999999997   
   0.6687500000000015     1.2437499999999995   
   0.6687500000000015     1.2562499999999996   
   0.6687500000000015     1.2687499999999994   
   0.6687500000000015     1.2812499999999993   
   0.6687500000000015     1.2937499999999993   
   0.6687500000000015     1.3062499999999995   
   0.6687500000000015     1.3187499999999992   
   0.6687500000000015     1.3312499999999994   
   0.6687500000000015     1.3437499999999993   
   0.6687500000000016     1.3562499999999993   
   0.6847133974744994     0.9937500182585105   
   0.6847133982351657     1.0062499869448009   
   0.6847133279168105     1.0187500293227911   
   0.6847137981536939     1.0312502637720120   
   0.6847139149407694     1.0437516158939377   
   0.6847142378305946     1.0562602552414027   
   0.6847161018721163     1.0688007741205363   
   0.6847224733047140     1.0814228439456373   
   0.6846827831776300     1.0941172736565292   
   0.6831046752326559     1.1065775651193455   
   0.6814018003654783     1.1188465425103904   
   0.6812638549847209     1.1312665194139577   
   0.6812500000000012     1.1437499999999998   
   0.6812500000000012     1.1562500000000000   
   0.6812500000000015     1.1687499999999997   
   0.6812500000000015     1.1812499999999997   
   0.6812500000000015     1.1937499999999996   
   0.6812500000000015     1.2062499999999998   
   0.6812500000000016     1.2187499999999996   
   0.6812500000000016     1.2312499999999997   
   0.6812500000000016     1.2437499999999995   
   0.6812500000000016     1.2562499999999996   
   0.6812500000000016     1.2687499999999994   
   0.6812500000000016     1.2812499999999993   
   0.6812500000000016     1.2937499999999993   
   0.6812500000000016     1.3062499999999992   
   0.6812500000000016     1.3187499999999992   
   0.6812500000000016     1.3312499999999994   
   0.6812500000000016     1.3437499999999993   
   0.6812500000000016     1.3562499999999993   
   0.6971893708040846     0.9937499922533132   
   0.6971893697614953     1.0062500151123008   
   0.6971894613676664     1.0187499830926601   
   0.6971892156583082     1.0312499061334037   
   0.6971880588575169     1.0437514621112169   
   0.6971871997481172     1.0562598250413626   
   0.6971895319483181     1.0688057830729827   
   0.6971973681540328     1.0814326219208905   
   0.6971673646041654     1.0941301980574092   
   0.6956046725426438     1.1065848274398451   
   0.6939031331774280     1.1188476845214790   
   0.6937639189420123     1.1312666311932704   
   0.6937500000000013     1.1437499999999998   
   0.6937500000000013     1.1562500000000000   
   0.6937500000000014     1.1687499999999997   
   0.6937500000000014     1.1812499999999999   
   0.6937500000000013     1.1937499999999996   
   0.6937500000000013     1.2062499999999998   
   0.6937500000000014     1.2187499999999996   
   0.6937500000000014     1.2312499999999995   
   0.6937500000000014     1.2437499999999995   
   0.6937500000000014     1.2562499999999994   
   0.6937500000000014     1.2687499999999994   
   0.6937500000000014     1.2812499999999996   
   0.6937500000000014     1.2937499999999995   
   0.6937500000000014     1.3062499999999992   
   0.6937500000000014     1.3187499999999992   
   0.6937500000000014     1.3312499999999994   
   0.6937500000000014     1.3437499999999993   
   0.6937500000000014     1.3562499999999993   
   0.6937500000000016     1.3687499999999992   
   0.7096736575084492     0.9937499911445146   
   0.7096736568006616     1.0062500178826093   
   0.7096732800971474     1.0187490829212447   
   0.7096708930287725     1.0312488349514892   
   0.7096687635355419     1.0437502456189078   
   0.7096657673659225     1.0562606965119394   
   0.7096614330560151     1.0688087679634946   
   0.7096609977417195     1.0814416738900099   
   0.7096409055945279     1.0941507957604886   
   0.7081076327895478     1.1066011450347724   
   0.7064070898977951     1.1188508655491234   
   0.7062640223118921     1.1312670178574156   
   0.7062500000000012     1.1437499999999998   
   0.7062500000000013     1.1562500000000000   
   0.7062500000000015     1.1687500000000000   
   0.7062500000000015     1.1812499999999999   
   0.7062500000000014     1.1937499999999996   
   0.7062500000000014     1.2062499999999996   
   0.7062500000000015     1.2187499999999996   
   0.7062500000000015     1.2312499999999995   
   0.7062500000000015     1.2437499999999995   
   0.7062500000000015     1.2562499999999994   
   0.7062500000000015     1.2687499999999994   
   0.7062500000000015     1.2812499999999996   
   0.7062500000000015     1.2937499999999993   
   0.7062500000000015     1.3062499999999995   
   0.7062500000000015     1.3187499999999992   
   0.7062500000000015     1.3312499999999994   
   0.7062500000000015     1.3437499999999993   
   0.7062500000000016     1.3562499999999993   
   0.7062500000000016     1.3687499999999992   
   0.7222354639693662     0.9937498373013687   
   0.7222354644858904     1.0062501721392938   
   0.7222379585212998     1.0187493662364264   
   0.7222433417552915     1.0312511504165764   
   0.7222448164991370     1.0437485473303494   
   0.7222399477325746     1.0562549721052268   
   0.7222192357431032     1.0687878142885148   
   0.7221784388347594     1.0814246473352283   
   0.7221299938364538     1.0941593356998811   
   0.7206060655738116     1.1066153880082144   
   0.7189123958269390     1.1188450695028309   
   0.7187629885542985     1.1312680245577504   
   0.7187500000000012     1.1437499999999998   
   0.7187500000000012     1.1562499999999998   
   0.7187500000000012     1.1687499999999997   
   0.7187500000000013     1.1812499999999999   
   0.7187500000000013     1.1937499999999996   
   0.7187500000000013     1.2062499999999998   
   0.7187500000000013     1.2187499999999996   
   0.7187500000000013     1.2312499999999997   
   0.7187500000000013     1.2437499999999995   
   0.7187500000000013     1.2562499999999994   
   0.7187500000000013     1.2687499999999994   
   0.7187500000000013     1.2812499999999996   
   0.7187500000000013     1.2937499999999993   
   0.7187500000000013     1.3062499999999995   
   0.7187500000000013     1.3187499999999992   
   0.7187500000000013     1.3312499999999992   
   0.7187500000000014     1.3437499999999993   
   0.7187500000000017     1.3562499999999993   
   0.7187500000000017     1.3687499999999990   
   0.7350078598882321     0.9937498274803922   
   0.7350078576708963     1.0062501805769450   
   0.7350080558533422     1.0187537593328737   
   0.7350069407615177     1.0312533837066675   
   0.7349919157372680     1.0437508487920979   
   0.7350175016580759     1.0562504202320648   
   0.7350026578216012     1.0687551286526524   
   0.7349122107118751     1.0813068307960763   
   0.7347836418267286     1.0939322900443653   
   0.7330695635476606     1.1065144333459114   
   0.7313660897867145     1.1188520958890924   
   0.7312554008713427     1.1312689748872555   
   0.7312500000000011     1.1437499999999998   
   0.7312500000000013     1.1562499999999998   
   0.7312500000000013     1.1687499999999997   
   0.7312500000000011     1.1812499999999999   
   0.7312500000000013     1.1937499999999996   
   0.7312500000000013     1.2062499999999998   
   0.7312500000000014     1.2187499999999996   
   0.7312500000000013     1.2312499999999997   
   0.7312500000000014     1.2437499999999997   
   0.7312500000000014     1.2562499999999996   
   0.7312500000000014     1.2687499999999994   
   0.7312500000000014     1.2812499999999993   
   0.7312500000000014     1.2937499999999993   
   0.7312500000000014     1.3062499999999995   
   0.7312500000000014     1.3187499999999992   
   0.7312500000000015     1.3312499999999994   
   0.7312500000000015     1.3437499999999993   
   0.7312500000000014     1.3562499999999993   
   0.7312500000000015     1.3687499999999990   
   0.7475149502591104     0.9937498837382853   
   0.7475149473218292     1.0062501191700675   
   0.7475134822551937     1.0187539452320375   
   0.7475252483856404     1.0312342140329844   
   0.7475217535996483     1.0437546626515599   
   0.7474940843900475     1.0562711822451283   
   0.7475121362120210     1.0687482000803483   
   0.7475106292709626     1.0811970294253315   
   0.7473399107969305     1.0936586903140240   
   0.7454900635359420     1.1063237989214196   
   0.7437499909339998     1.1188972368134535   
   0.7437503204579347     1.1312839937597774   
   0.7437500000000011     1.1437499999999998   
   0.7437500000000011     1.1562500000000000   
   0.7437500000000011     1.1687499999999997   
   0.7437500000000011     1.1812499999999999   
   0.7437500000000012     1.1937499999999996   
   0.7437500000000012     1.2062499999999996   
   0.7437500000000012     1.2187499999999996   
   0.7437500000000012     1.2312499999999997   
   0.7437500000000012     1.2437499999999997   
   0.7437500000000012     1.2562499999999996   
   0.7437500000000012     1.2687499999999994   
   0.7437500000000012     1.2812499999999993   
   0.7437500000000012     1.2937499999999993   
   0.7437500000000012     1.3062499999999995   
   0.7437500000000012     1.3187499999999992   
   0.7437500000000015     1.3312499999999994   
   0.7437500000000015     1.3437499999999993   
   0.7437500000000012     1.3562499999999991   
   0.7437500000000015     1.3687499999999992   
   0.7591789392863812     0.9937481412711323   
   0.7591789389499422     1.0062518589205340   
   0.7591677183545293     1.0187561125420161   
   0.7591952860939457     1.0312422375332781   
   0.7592034604490194     1.0437451555751531   
   0.7591817595804992     1.0562288745919919   
   0.7592034992785394     1.0687610424397278   
   0.7592401893256989     1.0812121651581375   
   0.7590101835989215     1.0937864097914816   
   0.7575202683058425     1.1064171061921184   
   0.7562812266970118     1.1189180915478740   
   0.7562516472556245     1.1312796145270143   
   0.7562500000000010     1.1437499999999998   
   0.7562500000000010     1.1562500000000000   
   0.7562500000000010     1.1687499999999997   
   0.7562500000000012     1.1812499999999997   
   0.7562500000000013     1.1937499999999996   
   0.7562500000000013     1.2062499999999998   
   0.7562500000000012     1.2187499999999996   
   0.7562500000000012     1.2312499999999995   
   0.7562500000000012     1.2437499999999995   
   0.7562500000000012     1.2562499999999996   
   0.7562500000000013     1.2687499999999996   
   0.7562500000000013     1.2812499999999996   
   0.7562500000000013     1.2937499999999995   
   0.7562500000000013     1.3062499999999992   
   0.7562500000000014     1.3187499999999992   
   0.7562500000000013     1.3312499999999994   
   0.7562500000000013     1.3437499999999993   
   0.7562500000000013     1.3562499999999993   
   0.7562500000000014     1.3687499999999990   
   0.7703430521097896     0.9937480105445365   
   0.7703430519817106     1.0062519895764397   
   0.7703271792386556     1.0187560087629421   
   0.7703128340588189     1.0312521370746142   
   0.7703189366078610     1.0437415191157238   
   0.7703463830745084     1.0562301119080761   
   0.7703823497156719     1.0687716530576707   
   0.7703473027358330     1.0812859644666568   
   0.7701410131886168     1.0938877305388337   
   0.7694034452230538     1.1064927666049402   
   0.7688159930175216     1.1188785728826462   
   0.7687582889549113     1.1312760465502227   
   0.7687500000000009     1.1437499999999998   
   0.7687500000000010     1.1562500000000000   
   0.7687500000000010     1.1687500000000000   
   0.7687500000000012     1.1812499999999997   
   0.7687500000000012     1.1937499999999996   
   0.7687500000000012     1.2062499999999998   
   0.7687500000000012     1.2187499999999998   
   0.7687500000000012     1.2312499999999995   
   0.7687500000000012     1.2437499999999995   
   0.7687500000000012     1.2562499999999996   
   0.7687500000000012     1.2687499999999996   
   0.7687500000000012     1.2812499999999996   
   0.7687500000000012     1.2937499999999993   
   0.7687500000000013     1.3062499999999992   
   0.7687500000000014     1.3187499999999992   
   0.7687500000000012     1.3312499999999994   
   0.7687500000000012     1.3437499999999993   
   0.7687500000000013     1.3562499999999993   
   0.7687500000000014     1.3687499999999990   
   0.7818413991222580     0.9937497951439562   
   0.7818413991605658     1.0062502048648028   
   0.7818392300945530     1.0187501545191242   
   0.7818348878798481     1.0312491721630448   
   0.7818342311100813     1.0437499324887978   
   0.7818297071374245     1.0562502943830798   
   0.7818242479351122     1.0687518951886299   
   0.7818118494243735     1.0812621080683362   
   0.7817158393855095     1.0938125680260140   
   0.7814699708074807     1.1063370999336331   
   0.7812919015437293     1.1187977630218737   
   0.7812550994965802     1.1312581961007544   
   0.7812500000000008     1.1437499999999998   
   0.7812500000000009     1.1562500000000000   
   0.7812500000000009     1.1687499999999997   
   0.7812500000000011     1.1812499999999999   
   0.7812500000000011     1.1937499999999996   
   0.7812500000000012     1.2062499999999994   
   0.7812500000000012     1.2187499999999996   
   0.7812500000000011     1.2312499999999997   
   0.7812500000000012     1.2437499999999995   
   0.7812500000000012     1.2562499999999994   
   0.7812500000000012     1.2687499999999996   
   0.7812500000000012     1.2812499999999996   
   0.7812500000000012     1.2937499999999993   
   0.7812500000000012     1.3062499999999992   
   0.7812500000000012     1.3187499999999992   
   0.7812500000000012     1.3312499999999992   
   0.7812500000000012     1.3437499999999991   
   0.7812500000000012     1.3562499999999991   
   0.7812500000000012     1.3687499999999990   
   0.7938979692199279     0.9937500259596195   
   0.7938979692329594     1.0062499740401500   
   0.7938992029204671     1.0187495882626101   
   0.7938985395394759     1.0312501206326348   
   0.7938976748772958     1.0437502168660975   
   0.7938890433332068     1.0562498716714996   
   0.7938849054987468     1.0687482192097140   
   0.7938819740726138     1.0812569795696503   
   0.7938638112677456     1.0937644668373718   
   0.7938029913042727     1.1062696991304701   
   0.7937617683127466     1.1187597594348515   
   0.7937500000000008     1.1312499999999999   
   0.7937500000000008     1.1437499999999998   
   0.7937500000000010     1.1562499999999998   
   0.7937500000000011     1.1687499999999997   
   0.7937500000000010     1.1812499999999999   
   0.7937500000000011     1.1937499999999996   
   0.7937500000000011     1.2062499999999996   
   0.7937500000000011     1.2187499999999996   
   0.7937500000000011     1.2312499999999997   
   0.7937500000000011     1.2437499999999995   
   0.7937500000000011     1.2562499999999992   
   0.7937500000000011     1.2687499999999994   
   0.7937500000000011     1.2812499999999993   
   0.7937500000000011     1.2937499999999993   
   0.7937500000000011     1.3062499999999995   
   0.7937500000000011     1.3187499999999992   
   0.7937500000000011     1.3312499999999992   
   0.7937500000000011     1.3437499999999991   
   0.7937500000000013     1.3562499999999993   
   0.7937500000000013     1.3687499999999990   
   0.8062793510386116     0.9937500099334249   
   0.8062793510394056     1.0062499900665745   
   0.8062795134687402     1.0187499677218728   
   0.8062796109722671     1.0312499312406498   
   0.8062781020990418     1.0437499794038092   
   0.8062752627375483     1.0562503183166605   
   0.8062746615261328     1.0687503621913865   
   0.8062751525831837     1.0812508407906829   
   0.8062693860380572     1.0937524925057285   
   0.8062554378455138     1.1062518476241132   
   0.8062500000000008     1.1187499999999999   
   0.8062500000000008     1.1312500000000001   
   0.8062500000000008     1.1437499999999998   
   0.8062500000000009     1.1562499999999996   
   0.8062500000000010     1.1687499999999997   
   0.8062500000000009     1.1812499999999999   
   0.8062500000000011     1.1937499999999999   
   0.8062500000000011     1.2062499999999998   
   0.8062500000000010     1.2187499999999996   
   0.8062500000000011     1.2312499999999993   
   0.8062500000000011     1.2437499999999995   
   0.8062500000000011     1.2562499999999996   
   0.8062500000000011     1.2687499999999994   
   0.8062500000000011     1.2812499999999993   
   0.8062500000000011     1.2937499999999993   
   0.8062500000000011     1.3062499999999995   
   0.8062500000000011     1.3187499999999994   
   0.8062500000000011     1.3312499999999992   
   0.8062500000000011     1.3437499999999991   
   0.8062500000000012     1.3562499999999993   
   0.8062500000000011     1.3687499999999990   
   0.8187500000000005     0.9937500000000002   
   0.8187500000000005     1.0062500000000001   
   0.8187500000000008     1.0187500000000003   
   0.8187500000000008     1.0312500000000000   
   0.8187500000000008     1.0437500000000000   
   0.8187500000000008     1.0562500000000001   
   0.8187500000000009     1.0687500000000003   
   0.8187500000000008     1.0812500000000003   
   0.8187500000000008     1.0937500000000000   
   0.8187500000000008     1.1062500000000002   
   0.8187500000000009     1.1187499999999999   
   0.8187500000000009     1.1312499999999999   
   0.8187500000000008     1.1437499999999998   
   0.8187500000000009     1.1562499999999998   
   0.8187500000000009     1.1687499999999997   
   0.8187500000000009     1.1812499999999999   
   0.8187500000000009     1.1937499999999999   
   0.8187500000000009     1.2062499999999996   
   0.8187500000000010     1.2187499999999996   
   0.8187500000000010     1.2312499999999995   
   0.8187500000000010     1.2437499999999995   
   0.8187500000000010     1.2562499999999994   
   0.8187500000000010     1.2687499999999994   
   0.8187500000000010     1.2812499999999996   
   0.8187500000000010     1.2937499999999995   
   0.8187500000000010     1.3062499999999992   
   0.8187500000000010     1.3187499999999992   
   0.8187500000000010     1.3312499999999992   
   0.8187500000000011     1.3437499999999989   
   0.8187500000000012     1.3562499999999991   
   0.8187500000000010     1.3687499999999990   
   0.8312500000000006     0.9937500000000001   
   0.8312500000000006     1.0062500000000001   
   0.8312500000000006     1.0187500000000003   
   0.8312500000000006     1.0312500000000002   
   0.8312500000000007     1.0437500000000002   
   0.8312500000000007     1.0562500000000001   
   0.8312500000000006     1.0687500000000003   
   0.8312500000000007     1.0812500000000003   
   0.8312500000000007     1.0937500000000000   
   0.8312500000000007     1.1062500000000000   
   0.8312500000000009     1.1187499999999999   
   0.8312500000000009     1.1312499999999996   
   0.8312500000000008     1.1437499999999998   
   0.8312500000000009     1.1562499999999998   
   0.8312500000000009     1.1687499999999997   
   0.8312500000000009     1.1812499999999999   
   0.8312500000000009     1.1937499999999996   
   0.8312500000000009     1.2062499999999994   
   0.8312500000000010     1.2187499999999996   
   0.8312500000000010     1.2312499999999995   
   0.8312500000000010     1.2437499999999995   
   0.8312500000000010     1.2562499999999992   
   0.8312500000000010     1.2687499999999994   
   0.8312500000000010     1.2812499999999993   
   0.8312500000000010     1.2937499999999993   
   0.8312500000000010     1.3062499999999992   
   0.8312500000000012     1.3187499999999990   
   0.8312500000000012     1.3312499999999989   
   0.8312500000000010     1.3437499999999989   
   0.8312500000000012     1.3562499999999988   
   0.8312500000000012     1.3687499999999990   
   0.8437500000000004     0.9937500000000001   
   0.8437500000000004     1.0062500000000001   
   0.8437500000000004     1.0187500000000000   
   0.8437500000000007     1.0312500000000002   
   0.8437500000000008     1.0437500000000002   
   0.8437500000000007     1.0562500000000001   
   0.8437500000000004     1.0687500000000001   
   0.8437500000000007     1.0812499999999998   
   0.8437500000000007     1.0937500000000000   
   0.8437500000000007     1.1062499999999997   
   0.8437500000000008     1.1187499999999999   
   0.8437500000000008     1.1312499999999999   
   0.8437500000000008     1.1437499999999998   
   0.8437500000000008     1.1562499999999998   
   0.8437500000000009     1.1687499999999997   
   0.8437500000000009     1.1812499999999995   
   0.8437500000000009     1.1937499999999994   
   0.8437500000000009     1.2062499999999996   
   0.8437500000000009     1.2187499999999996   
   0.8437500000000009     1.2312499999999997   
   0.8437500000000009     1.2437499999999995   
   0.8437500000000009     1.2562499999999992   
   0.8437500000000009     1.2687499999999994   
   0.8437500000000009     1.2812499999999996   
   0.8437500000000009     1.2937499999999993   
   0.8437500000000009     1.3062499999999990   
   0.8437500000000011     1.3187499999999992   
   0.8437500000000011     1.3312499999999992   
   0.8437500000000009     1.3437499999999989   
   0.8437500000000011     1.3562499999999991   
   0.8437500000000011     1.3687499999999990   
   0.8562500000000005     0.9937500000000001   
   0.8562500000000005     1.0062500000000001   
   0.8562500000000005     1.0187500000000000   
   0.8562500000000005     1.0312500000000000   
   0.8562500000000005     1.0437500000000000   
   0.8562500000000005     1.0562500000000001   
   0.8562500000000005     1.0687500000000001   
   0.8562500000000005     1.0812499999999998   
   0.8562500000000005     1.0937499999999998   
   0.8562500000000005     1.1062499999999997   
   0.8562500000000006     1.1187499999999997   
   0.8562500000000006     1.1312499999999996   
   0.8562500000000008     1.1437499999999998   
   0.8562500000000008     1.1562499999999996   
   0.8562500000000010     1.1687499999999995   
   0.8562500000000010     1.1812499999999995   
   0.8562500000000010     1.1937499999999994   
   0.8562500000000008     1.2062499999999996   
   0.8562500000000010     1.2187499999999996   
   0.8562500000000010     1.2312499999999993   
   0.8562500000000010     1.2437499999999992   
   0.8562500000000010     1.2562499999999992   
   0.8562500000000010     1.2687499999999992   
   0.8562500000000010     1.2812499999999991   
   0.8562500000000010     1.2937499999999991   
   0.8562500000000010     1.3062499999999990   
   0.8562500000000010     1.3187499999999990   
   0.8562500000000010     1.3312499999999989   
   0.8562500000000010     1.3437499999999989   
   0.8562500000000010     1.3562499999999988   
   0.8562500000000010     1.3687499999999986   
   0.8687500000000004     1.0062500000000001   
   0.8687500000000004     1.0187500000000000   
   0.8687500000000004     1.0312500000000000   
   0.8687500000000004     1.0437500000000000   
   0.8687500000000004     1.0562499999999999   
   0.8687500000000006     1.0687500000000001   
   0.8687500000000006     1.0812499999999998   
   0.8687500000000006     1.0937499999999998   
   0.8687500000000006     1.1062499999999997   
   0.8687500000000006     1.1187499999999997   
   0.8687500000000007     1.1312499999999999   
   0.8687500000000008     1.1437499999999998   
   0.8687500000000008     1.1562499999999996   
   0.8687500000000008     1.1687499999999995   
   0.8687500000000008     1.1812499999999995   
   0.8687500000000008     1.1937499999999994   
   0.8687500000000008     1.2062499999999994   
   0.8687500000000008     1.2187499999999996   
   0.8687500000000008     1.2312499999999993   
   0.8687500000000008     1.2437499999999992   
   0.8687500000000008     1.2562499999999992   
   0.8687500000000008     1.2687499999999992   
   0.8687500000000008     1.2812499999999993   
   0.8687500000000008     1.2937499999999993   
   0.8687500000000008     1.3062499999999990   
   0.8687500000000008     1.3187499999999990   
   0.8687500000000008     1.3312499999999989   
   0.8687500000000010     1.3437499999999989   
   0.8687500000000010     1.3562499999999988   
   0.8687500000000008     1.3687499999999990   
   0.8812500000000004     1.0062500000000001   
   0.8812500000000005     1.0187500000000003   
   0.8812500000000004     1.0312500000000002   
   0.8812500000000004     1.0437500000000002   
   0.8812500000000005     1.0562500000000001   
   0.8812500000000004     1.0687500000000001   
   0.8812500000000005     1.0812499999999998   
   0.8812500000000005     1.0937500000000000   
   0.8812500000000004     1.1062500000000000   
   0.8812500000000005     1.1187499999999999   
   0.8812500000000006     1.1312499999999996   
   0.8812500000000006     1.1437499999999998   
   0.8812500000000008     1.1562499999999996   
   0.8812500000000009     1.1687499999999997   
   0.8812500000000008     1.1812499999999995   
   0.8812500000000008     1.1937499999999996   
   0.8812500000000009     1.2062499999999996   
   0.8812500000000008     1.2187499999999996   
   0.8812500000000008     1.2312499999999995   
   0.8812500000000009     1.2437499999999995   
   0.8812500000000009     1.2562499999999992   
   0.8812500000000009     1.2687499999999994   
   0.8812500000000009     1.2812499999999991   
   0.8812500000000009     1.2937499999999993   
   0.8812500000000009     1.3062499999999992   
   0.8812500000000009     1.3187499999999992   
   0.8812500000000009     1.3312499999999989   
   0.8812500000000009     1.3437499999999991   
   0.8812500000000010     1.3562499999999991   
   0.8812500000000010     1.3687499999999990   
   0.8937500000000004     1.0062500000000001   
   0.8937500000000005     1.0187500000000003   
   0.8937500000000003     1.0312500000000002   
   0.8937500000000004     1.0437500000000002   
   0.8937500000000005     1.0562499999999999   
   0.8937500000000003     1.0687499999999999   
   0.8937500000000004     1.0812499999999998   
   0.8937500000000005     1.0937500000000000   
   0.8937500000000003     1.1062500000000000   
   0.8937500000000004     1.1187499999999999   
   0.8937500000000005     1.1312499999999999   
   0.8937500000000006     1.1437499999999998   
   0.8937500000000006     1.1562499999999998   
   0.8937500000000006     1.1687499999999997   
   0.8937500000000007     1.1812499999999997   
   0.8937500000000007     1.1937499999999996   
   0.8937500000000007     1.2062499999999994   
   0.8937500000000007     1.2187499999999996   
   0.8937500000000007     1.2312499999999995   
   0.8937500000000007     1.2437499999999995   
   0.8937500000000007     1.2562499999999992   
   0.8937500000000007     1.2687499999999994   
   0.8937500000000007     1.2812499999999991   
   0.8937500000000007     1.2937499999999991   
   0.8937500000000007     1.3062499999999992   
   0.8937500000000007     1.3187499999999992   
   0.8937500000000007     1.3312499999999989   
   0.8937500000000007     1.3437499999999991   
   0.8937500000000009     1.3562499999999988   
   0.8937500000000009     1.3687499999999990   
   0.9062500000000003     1.0062500000000001   
   0.9062500000000003     1.0187500000000003   
   0.9062500000000003     1.0312500000000000   
   0.9062500000000003     1.0437500000000002   
   0.9062500000000003     1.0562499999999999   
   0.9062500000000004     1.0687500000000001   
   0.9062500000000004     1.0812500000000000   
   0.9062500000000003     1.0937500000000000   
   0.9062500000000004     1.1062500000000000   
   0.9062500000000004     1.1187499999999999   
   0.9062500000000004     1.1312499999999996   
   0.9062500000000007     1.1437499999999998   
   0.9062500000000004     1.1562499999999998   
   0.9062500000000007     1.1687499999999997   
   0.9062500000000008     1.1812499999999997   
   0.9062500000000007     1.1937499999999996   
   0.9062500000000008     1.2062499999999996   
   0.9062500000000008     1.2187499999999996   
   0.9062500000000008     1.2312499999999993   
   0.9062500000000008     1.2437499999999995   
   0.9062500000000008     1.2562499999999994   
   0.9062500000000008     1.2687499999999994   
   0.9062500000000008     1.2812499999999991   
   0.9062500000000008     1.2937499999999993   
   0.9062500000000008     1.3062499999999990   
   0.9062500000000008     1.3187499999999990   
   0.9062500000000008     1.3312499999999989   
   0.9062500000000008     1.3437499999999991   
   0.9062500000000008     1.3562499999999993   
   0.9062500000000008     1.3687499999999990   
   0.9187500000000002     1.0062500000000001   
   0.9187500000000002     1.0187500000000000   
   0.9187500000000002     1.0312500000000000   
   0.9187500000000002     1.0437500000000002   
   0.9187500000000004     1.0562499999999999   
   0.9187500000000004     1.0687500000000001   
   0.9187500000000004     1.0812500000000000   
   0.9187500000000004     1.0937500000000000   
   0.9187500000000004     1.1062499999999997   
   0.9187500000000005     1.1187499999999997   
   0.9187500000000005     1.1312499999999999   
   0.9187500000000005     1.1437499999999998   
   0.9187500000000005     1.1562499999999996   
   0.9187500000000006     1.1687499999999995   
   0.9187500000000006     1.1812499999999997   
   0.9187500000000006     1.1937499999999996   
   0.9187500000000006     1.2062499999999994   
   0.9187500000000006     1.2187499999999996   
   0.9187500000000006     1.2312499999999993   
   0.9187500000000006     1.2437499999999992   
   0.9187500000000006     1.2562499999999994   
   0.9187500000000006     1.2687499999999994   
   0.9187500000000006     1.2812499999999991   
   0.9187500000000006     1.2937499999999991   
   0.9187500000000006     1.3062499999999990   
   0.9187500000000006     1.3187499999999990   
   0.9187500000000006     1.3312499999999989   
   0.9187500000000006     1.3437499999999991   
   0.9187500000000006     1.3562499999999991   
   0.9187500000000006     1.3687499999999986   
   0.9312500000000004     1.1187499999999997   
   0.9312500000000004     1.1312499999999996   
   0.9312500000000005     1.1437499999999998   
   0.9312500000000006     1.1562499999999996   
   0.9312500000000007     1.1687499999999995   
   0.9312500000000006     1.1812499999999995   
   0.9312500000000007     1.1937499999999996   
   0.9312500000000007     1.2062499999999994   
   0.9312500000000006     1.2187499999999993   
   0.9312500000000006     1.2312499999999993   
   0.9312500000000006     1.2437499999999992   
   0.9312500000000007     1.2562499999999994   
   0.9312500000000007     1.2687499999999994   
   0.9312500000000007     1.2812499999999991   
   0.9312500000000007     1.2937499999999991   
   0.9312500000000007     1.3062499999999992   
   0.9312500000000008     1.3187499999999992   
   0.9312500000000008     1.3312499999999989   
   0.9312500000000008     1.3437499999999991   
   0.9312500000000008     1.3562499999999988   
   0.9312500000000007     1.3687499999999990   
   0.9437500000000003     1.1187499999999997   
   0.9437500000000004     1.1312499999999996   
   0.9437500000000005     1.1437499999999996   
   0.9437500000000005     1.1562499999999996   
   0.9437500000000005     1.1687499999999995   
   0.9437500000000005     1.1812499999999995   
   0.9437500000000005     1.1937499999999994   
   0.9437500000000005     1.2062499999999994   
   0.9437500000000005     1.2187499999999993   
   0.9437500000000005     1.2312499999999995   
   0.9437500000000005     1.2437499999999995   
   0.9437500000000005     1.2562499999999994   
   0.9437500000000005     1.2687499999999994   
   0.9437500000000005     1.2812499999999991   
   0.9437500000000005     1.2937499999999991   
   0.9437500000000005     1.3062499999999992   
   0.9437500000000008     1.3187499999999992   
   0.9437500000000009     1.3312499999999989   
   0.9437500000000008     1.3437499999999991   
   0.9437500000000008     1.3562499999999993   
   0.9437500000000005     1.3687499999999990   
