   1.1312499999999988     0.4437500000000016   
   1.1312499999999988     0.4562500000000016   
   1.1312499999999988     0.4687500000000017   
   1.1312499999999988     0.4812500000000016   
   1.1312499999999988     0.4937500000000016   
   1.1312499999999988     0.5062500000000015   
   1.1312499999999988     0.5187500000000015   
   1.1312499999999988     0.5312500000000014   
   1.1312499999999988     0.5437500000000014   
   1.1312499999999988     0.5562500000000014   
   1.1312499999999988     0.5687500000000013   
   1.1312499999999988     0.5812500000000013   
   1.1312499999999988     0.5937500000000012   
   1.1312499999999990     0.6062500000000012   
   1.1312499999999990     0.6187500000000011   
   1.1312499999999990     0.6312500000000011   
   1.1312499999999992     0.6437500000000010   
   1.1312499999999990     0.6562500000000010   
   1.1312499999999990     0.6687500000000011   
   1.1312499999999992     0.6812500000000009   
   1.1312499999999992     0.6937500000000009   
   1.1437499999999987     0.4437500000000016   
   1.1437499999999987     0.4562500000000016   
   1.1437499999999987     0.4687500000000017   
   1.1437499999999985     0.4812500000000017   
   1.1437499999999985     0.4937500000000016   
   1.1437499999999985     0.5062500000000015   
   1.1437499999999985     0.5187500000000015   
   1.1437499999999987     0.5312500000000014   
   1.1437499999999987     0.5437500000000014   
   1.1437499999999985     0.5562500000000014   
   1.1437499999999987     0.5687500000000013   
   1.1437499999999989     0.5812500000000013   
   1.1437499999999989     0.5937500000000012   
   1.1437499999999989     0.6062500000000012   
   1.1437499999999989     0.6187500000000011   
   1.1437499999999989     0.6312500000000011   
   1.1437499999999989     0.6437500000000010   
   1.1437499999999989     0.6562500000000010   
   1.1437499999999989     0.6687500000000011   
   1.1437499999999989     0.6812500000000009   
   1.1437499999999989     0.6937500000000009   
   1.1562499999999987     0.4437500000000016   
   1.1562499999999987     0.4562500000000016   
   1.1562499999999987     0.4687500000000016   
   1.1562499999999987     0.4812500000000016   
   1.1562499999999987     0.4937500000000016   
   1.1562499999999987     0.5062500000000015   
   1.1562499999999987     0.5187500000000015   
   1.1562499999999989     0.5312500000000014   
   1.1562499999999989     0.5437500000000014   
   1.1562499999999987     0.5562500000000014   
   1.1562499999999989     0.5687500000000013   
   1.1562499999999989     0.5812500000000013   
   1.1562499999999989     0.5937500000000012   
   1.1562499999999991     0.6062500000000012   
   1.1562499999999989     0.6187500000000011   
   1.1562499999999989     0.6312500000000011   
   1.1562499999999991     0.6437500000000010   
   1.1562499999999989     0.6562500000000010   
   1.1562499999999989     0.6687500000000011   
   1.1562499999999991     0.6812500000000009   
   1.1562499999999991     0.6937500000000010   
   1.1687499999999986     0.4437500000000016   
   1.1687499999999986     0.4562500000000015   
   1.1687499999999986     0.4687500000000016   
   1.1687499999999984     0.4812500000000016   
   1.1687499999999984     0.4937500000000016   
   1.1687499999999984     0.5062500000000015   
   1.1687499999999986     0.5187500000000015   
   1.1687499999999988     0.5312500000000014   
   1.1687499999999986     0.5437500000000014   
   1.1687499999999984     0.5562500000000012   
   1.1687499999999986     0.5687500000000013   
   1.1687499999999988     0.5812500000000013   
   1.1687499999999988     0.5937500000000012   
   1.1687499999999988     0.6062500000000012   
   1.1687499999999986     0.6187500000000011   
   1.1687499999999986     0.6312500000000011   
   1.1687499999999988     0.6437500000000010   
   1.1687499999999988     0.6562500000000011   
   1.1687499999999988     0.6687500000000011   
   1.1687499999999988     0.6812500000000009   
   1.1687499999999988     0.6937500000000009   
   1.1687499999999988     0.7062500000000009   
   1.1687499999999988     0.7187500000000009   
   1.1812499999999986     0.4437500000000015   
   1.1812499999999986     0.4562500000000015   
   1.1812499999999986     0.4687500000000016   
   1.1812499999999986     0.4812500000000015   
   1.1812499999999986     0.4937500000000015   
   1.1812499999999986     0.5062500000000014   
   1.1812499999999986     0.5187500000000014   
   1.1812499999999986     0.5312500000000013   
   1.1812499999999986     0.5437500000000013   
   1.1812499999999986     0.5562500000000012   
   1.1812499999999986     0.5687500000000013   
   1.1812499999999986     0.5812500000000013   
   1.1812499999999986     0.5937500000000012   
   1.1812499999999986     0.6062500000000012   
   1.1812499999999986     0.6187500000000011   
   1.1812499999999986     0.6312500000000011   
   1.1812499999999986     0.6437500000000010   
   1.1812499999999988     0.6562500000000010   
   1.1812499999999990     0.6687500000000011   
   1.1812499999999990     0.6812500000000010   
   1.1812499999999990     0.6937500000000009   
   1.1812499999999990     0.7062500000000007   
   1.1812499999999990     0.7187500000000008   
   1.1937499999999985     0.4437500000000015   
   1.1937499999999983     0.4562500000000015   
   1.1937499999999985     0.4687500000000015   
   1.1937499999999988     0.4812500000000015   
   1.1937499999999985     0.4937500000000014   
   1.1937499999999985     0.5062500000000013   
   1.1937499999999985     0.5187500000000013   
   1.1937499999999983     0.5312500000000013   
   1.1937499999999985     0.5437500000000013   
   1.1937499999999988     0.5562500000000012   
   1.1937499999999988     0.5687500000000012   
   1.1937499999999985     0.5812500000000012   
   1.1937499999999988     0.5937500000000012   
   1.1937499999999988     0.6062500000000011   
   1.1937499999999985     0.6187500000000010   
   1.1937499999999988     0.6312500000000010   
   1.1937499999999988     0.6437500000000009   
   1.1937499999999988     0.6562500000000009   
   1.1937499999999988     0.6687500000000011   
   1.1937499999999988     0.6812500000000008   
   1.1937499999999988     0.6937500000000009   
   1.1937499999999988     0.7062500000000008   
   1.1937499999999988     0.7187500000000007   
   1.1937499999999988     0.7312500000000005   
   1.1937499999999988     0.7437500000000006   
   1.1937499999999988     0.7562500000000005   
   1.2062499999999985     0.4437500000000015   
   1.2062499999999985     0.4562500000000015   
   1.2062499999999985     0.4687500000000014   
   1.2062499999999985     0.4812500000000015   
   1.2062499999999985     0.4937500000000014   
   1.2062499999999985     0.5062500000000013   
   1.2062499999999985     0.5187500000000013   
   1.2062499999999985     0.5312500000000012   
   1.2062499999999985     0.5437500000000012   
   1.2062499999999985     0.5562500000000011   
   1.2062499999999985     0.5687500000000011   
   1.2062499999999985     0.5812500000000012   
   1.2062499999999987     0.5937500000000011   
   1.2062499999999989     0.6062500000000010   
   1.2062499999999987     0.6187500000000010   
   1.2062499999999987     0.6312500000000010   
   1.2062499999999987     0.6437500000000008   
   1.2062499999999985     0.6562500000000009   
   1.2062499999999987     0.6687500000000008   
   1.2062499999999989     0.6812500000000007   
   1.2062499999999989     0.6937500000000008   
   1.2062499999999989     0.7062500000000007   
   1.2062499999999989     0.7187500000000007   
   1.2062499999999989     0.7312500000000005   
   1.2062499999999989     0.7437500000000006   
   1.2062499999999989     0.7562500000000005   
   1.2062499999999989     0.7687500000000005   
   1.2187499999999982     0.4437500000000016   
   1.2187499999999982     0.4562500000000015   
   1.2187499999999982     0.4687500000000015   
   1.2187499999999982     0.4812500000000015   
   1.2187499999999984     0.4937500000000014   
   1.2187499999999984     0.5062500000000013   
   1.2187499999999984     0.5187500000000013   
   1.2187499999999987     0.5312500000000012   
   1.2187499999999987     0.5437500000000012   
   1.2187499999999984     0.5562500000000011   
   1.2187499999999987     0.5687500000000011   
   1.2187499999999987     0.5812500000000010   
   1.2187499999999987     0.5937500000000010   
   1.2187499999999987     0.6062500000000010   
   1.2187499999999984     0.6187500000000009   
   1.2187499999999987     0.6312500000000009   
   1.2187499999999987     0.6437500000000009   
   1.2187499999999987     0.6562500000000009   
   1.2187499999999987     0.6687500000000007   
   1.2187499999999987     0.6812500000000007   
   1.2187499999999987     0.6937500000000006   
   1.2187499999999987     0.7062500000000007   
   1.2187499999999987     0.7187500000000006   
   1.2187499999999987     0.7312500000000005   
   1.2187499999999987     0.7437500000000004   
   1.2187499999999987     0.7562500000000005   
   1.2187499999999987     0.7687500000000005   
   1.2312499999999982     0.4437500000000015   
   1.2312499999999982     0.4562500000000016   
   1.2312499999999984     0.4687500000000015   
   1.2312499999999984     0.4812500000000014   
   1.2312499999999984     0.4937500000000014   
   1.2312499999999984     0.5062500000000013   
   1.2312499999999984     0.5187500000000013   
   1.2312499999999986     0.5312500000000012   
   1.2312499999999988     0.5437500000000012   
   1.2312499999999986     0.5562500000000011   
   1.2312499999999984     0.5687500000000011   
   1.2312499999999984     0.5812500000000010   
   1.2312499999999986     0.5937500000000010   
   1.2312499999999988     0.6062500000000010   
   1.2312499999999986     0.6187500000000008   
   1.2312499999999986     0.6312500000000008   
   1.2312499999999988     0.6437500000000008   
   1.2312499999999988     0.6562500000000008   
   1.2312499999999988     0.6687500000000008   
   1.2312499999999986     0.6812500000000007   
   1.2312499999999986     0.6937500000000008   
   1.2312499999999988     0.7062500000000007   
   1.2312499999999988     0.7187500000000006   
   1.2312499999999988     0.7312500000000004   
   1.2312499999999988     0.7437500000000005   
   1.2312499999999988     0.7562500000000004   
   1.2312499999999988     0.7687500000000004   
   1.2437499999999981     0.4437500000000014   
   1.2437499999999981     0.4562500000000015   
   1.2437499999999981     0.4687500000000014   
   1.2437499999999981     0.4812500000000013   
   1.2437499999999986     0.4937500000000014   
   1.2437499999999986     0.5062500000000013   
   1.2437499999999986     0.5187500000000013   
   1.2437499999999986     0.5312500000000012   
   1.2437499999999986     0.5437500000000012   
   1.2437499999999986     0.5562500000000011   
   1.2437499999999984     0.5687500000000011   
   1.2437499999999981     0.5812500000000010   
   1.2437499999999984     0.5937500000000010   
   1.2437499999999986     0.6062500000000010   
   1.2437499999999984     0.6187500000000008   
   1.2437499999999984     0.6312500000000008   
   1.2437499999999986     0.6437500000000009   
   1.2437499999999986     0.6562500000000009   
   1.2437499999999986     0.6687500000000007   
   1.2437499999999986     0.6812500000000007   
   1.2437499999999986     0.6937500000000006   
   1.2437499999999986     0.7062500000000007   
   1.2437499999999988     0.7187500000000006   
   1.2437499999999988     0.7312500000000005   
   1.2437499999999986     0.7437500000000005   
   1.2437499999999988     0.7562500000000005   
   1.2437499999999990     0.7687500000000004   
   1.2562499999999983     0.4437500000000014   
   1.2562499999999983     0.4562500000000015   
   1.2562499999999983     0.4687500000000014   
   1.2562499999999983     0.4812500000000013   
   1.2562499999999983     0.4937500000000014   
   1.2562499999999983     0.5062500000000013   
   1.2562499999999985     0.5187500000000013   
   1.2562499999999988     0.5312500000000012   
   1.2562499999999988     0.5437500000000012   
   1.2562499999999988     0.5562500000000011   
   1.2562499999999985     0.5687500000000011   
   1.2562499999999983     0.5812500000000010   
   1.2562499999999983     0.5937500000000010   
   1.2562499999999983     0.6062500000000010   
   1.2562499999999983     0.6187500000000008   
   1.2562499999999983     0.6312500000000008   
   1.2562499999999983     0.6437500000000008   
   1.2562499999999985     0.6562500000000008   
   1.2562499999999988     0.6687500000000007   
   1.2562499999999988     0.6812500000000007   
   1.2562499999999988     0.6937500000000008   
   1.2562499999999988     0.7062500000000007   
   1.2562499999999988     0.7187500000000006   
   1.2562499999999988     0.7312500000000005   
   1.2562499999999988     0.7437500000000005   
   1.2562499999999988     0.7562500000000005   
   1.2562499999999988     0.7687500000000004   
   1.2687499999999980     0.4437500000000015   
   1.2687499999999980     0.4562500000000014   
   1.2687499999999980     0.4687500000000013   
   1.2687499999999980     0.4812500000000014   
   1.2687499999999980     0.4937500000000014   
   1.2687499999999980     0.5062500000000013   
   1.2687499999999983     0.5187500000000013   
   1.2687499999999985     0.5312500000000012   
   1.2687499999999985     0.5437500000000012   
   1.2687499999999985     0.5562500000000011   
   1.2687499999999985     0.5687500000000011   
   1.2687499999999985     0.5812500000000010   
   1.2687499999999985     0.5937500000000010   
   1.2687499999999985     0.6062500000000010   
   1.2687499999999983     0.6187500000000008   
   1.2687499999999983     0.6312500000000008   
   1.2687499999999985     0.6437500000000008   
   1.2687499999999985     0.6562500000000008   
   1.2687499999999985     0.6687500000000007   
   1.2687499999999985     0.6812500000000007   
   1.2687499999999985     0.6937500000000008   
   1.2687499999999985     0.7062500000000007   
   1.2687499999999985     0.7187500000000006   
   1.2687499999999985     0.7312500000000005   
   1.2687499999999985     0.7437500000000005   
   1.2687499999999985     0.7562500000000005   
   1.2687499999999987     0.7687500000000004   
   1.2812499999999982     0.4437500000000014   
   1.2812499999999982     0.4562500000000014   
   1.2812499999999982     0.4687500000000014   
   1.2812499999999982     0.4812500000000014   
   1.2812499999999982     0.4937500000000014   
   1.2812499999999982     0.5062500000000013   
   1.2812499999999982     0.5187500000000013   
   1.2812499999999982     0.5312500000000012   
   1.2812499999999984     0.5437500000000012   
   1.2812499999999984     0.5562500000000011   
   1.2812499999999982     0.5687500000000011   
   1.2812499999999982     0.5812500000000010   
   1.2812499999999984     0.5937500000000010   
   1.2812499999999984     0.6062500000000010   
   1.2812499999999982     0.6187500000000009   
   1.2812499999999984     0.6312500000000008   
   1.2812499999999984     0.6437500000000008   
   1.2812499999999984     0.6562500000000008   
   1.2812499999999987     0.6687500000000007   
   1.2812499999999987     0.6812500000000006   
   1.2812499999999987     0.6937500000000005   
   1.2812499999999987     0.7062500000000007   
   1.2812499999999984     0.7187500000000006   
   1.2812499999999984     0.7312500000000005   
   1.2812499999999987     0.7437500000000004   
   1.2812499999999987     0.7562500000000004   
   1.2812499999999987     0.7687500000000004   
   1.2937499999999982     0.4437500000000014   
   1.2937499999999982     0.4562500000000014   
   1.2937499999999982     0.4687500000000013   
   1.2937499999999982     0.4812500000000014   
   1.2937499999999982     0.4937500000000014   
   1.2937499999999982     0.5062500000000013   
   1.2937499999999984     0.5187500000000013   
   1.2937499999999982     0.5312500000000012   
   1.2937499999999984     0.5437500000000012   
   1.2937499999999982     0.5562500000000011   
   1.2937499999999982     0.5687500000000011   
   1.2937499999999982     0.5812500000000010   
   1.2937499999999984     0.5937500000000010   
   1.2937499999999984     0.6062500000000011   
   1.2937499999999984     0.6187500000000008   
   1.2937499999999984     0.6312500000000008   
   1.2937499999999982     0.6437500000000008   
   1.2937499999999984     0.6562500000000008   
   1.2937499999999984     0.6687500000000007   
   1.2937499999999984     0.6812500000000006   
   1.2937499999999984     0.6937500000000006   
   1.2937499999999984     0.7062500000000007   
   1.2937499999999984     0.7187500000000006   
   1.2937499999999986     0.7312500000000005   
   1.2937499999999986     0.7437500000000005   
   1.2937499999999984     0.7562500000000005   
   1.2937499999999984     0.7687500000000004   
   1.3062499999999981     0.4437500000000014   
   1.3062499999999981     0.4562500000000014   
   1.3062499999999981     0.4687500000000013   
   1.3062499999999981     0.4812500000000014   
   1.3062499999999981     0.4937500000000014   
   1.3062499999999981     0.5062500000000013   
   1.3062499999999981     0.5187500000000013   
   1.3062499999999981     0.5312500000000012   
   1.3062499999999984     0.5437500000000012   
   1.3062499999999984     0.5562500000000011   
   1.3062499999999981     0.5687500000000011   
   1.3062499999999981     0.5812500000000010   
   1.3062499999999984     0.5937500000000010   
   1.3062499999999986     0.6062500000000010   
   1.3062499999999984     0.6187500000000009   
   1.3062499999999984     0.6312500000000009   
   1.3062499999999984     0.6437500000000008   
   1.3062499999999984     0.6562500000000008   
   1.3062499999999984     0.6687500000000007   
   1.3062499999999984     0.6812500000000007   
   1.3062499999999986     0.6937500000000005   
   1.3062499999999986     0.7062500000000006   
   1.3062499999999986     0.7187500000000006   
   1.3062499999999986     0.7312500000000005   
   1.3062499999999986     0.7437500000000006   
   1.3062499999999986     0.7562500000000005   
   1.3062499999999986     0.7687500000000004   
   1.3187499999999981     0.4437500000000014   
   1.3187499999999979     0.4562500000000014   
   1.3187499999999979     0.4687500000000013   
   1.3187499999999979     0.4812500000000013   
   1.3187499999999979     0.4937500000000014   
   1.3187499999999981     0.5062500000000013   
   1.3187499999999981     0.5187500000000013   
   1.3187499999999979     0.5312500000000012   
   1.3187499999999983     0.5437500000000012   
   1.3187499999999983     0.5562500000000011   
   1.3187499999999983     0.5687500000000011   
   1.3187499999999983     0.5812500000000010   
   1.3187499999999983     0.5937500000000010   
   1.3187499999999983     0.6062500000000010   
   1.3187499999999983     0.6187500000000009   
   1.3187499999999983     0.6312500000000009   
   1.3187499999999983     0.6437500000000008   
   1.3187499999999983     0.6562500000000008   
   1.3187499999999983     0.6687500000000007   
   1.3187499999999983     0.6812500000000006   
   1.3187499999999983     0.6937500000000006   
   1.3187499999999983     0.7062500000000007   
   1.3187499999999985     0.7187500000000006   
   1.3187499999999985     0.7312500000000005   
   1.3187499999999983     0.7437500000000005   
   1.3187499999999983     0.7562500000000005   
   1.3187499999999983     0.7687500000000005   
   1.3312499999999980     0.4437500000000014   
   1.3312499999999978     0.4562500000000014   
   1.3312499999999980     0.4687500000000013   
   1.3312499999999980     0.4812500000000013   
   1.3312499999999980     0.4937500000000014   
   1.3312499999999980     0.5062500000000013   
   1.3312499999999980     0.5187500000000013   
   1.3312499999999980     0.5312500000000012   
   1.3312499999999983     0.5437500000000012   
   1.3312499999999983     0.5562500000000011   
   1.3312499999999983     0.5687500000000011   
   1.3312499999999983     0.5812500000000010   
   1.3312499999999980     0.5937500000000010   
   1.3312499999999980     0.6062500000000011   
   1.3312499999999980     0.6187500000000010   
   1.3312499999999980     0.6312500000000009   
   1.3312499999999983     0.6437500000000008   
   1.3312499999999983     0.6562500000000009   
   1.3312499999999983     0.6687500000000008   
   1.3312499999999985     0.6812500000000007   
   1.3312499999999985     0.6937500000000006   
   1.3312499999999985     0.7062500000000007   
   1.3312499999999985     0.7187500000000006   
   1.3312499999999985     0.7312500000000004   
   1.3312499999999985     0.7437500000000005   
   1.3312499999999985     0.7562500000000005   
   1.3312499999999985     0.7687500000000005   
   1.3437499999999978     0.4437500000000014   
   1.3437499999999978     0.4562500000000013   
   1.3437499999999980     0.4687500000000013   
   1.3437499999999982     0.4812500000000013   
   1.3437499999999982     0.4937500000000013   
   1.3437499999999982     0.5062500000000013   
   1.3437499999999982     0.5187500000000013   
   1.3437499999999982     0.5312500000000012   
   1.3437499999999982     0.5437500000000012   
   1.3437499999999982     0.5562500000000011   
   1.3437499999999982     0.5687500000000011   
   1.3437499999999982     0.5812500000000010   
   1.3437499999999982     0.5937500000000010   
   1.3437499999999982     0.6062500000000010   
   1.3437499999999982     0.6187500000000009   
   1.3437499999999982     0.6312500000000009   
   1.3437499999999982     0.6437500000000008   
   1.3437499999999982     0.6562500000000008   
   1.3437499999999982     0.6687500000000008   
   1.3437499999999982     0.6812500000000007   
   1.3437499999999984     0.6937500000000006   
   1.3437499999999984     0.7062500000000007   
   1.3437499999999982     0.7187500000000006   
   1.3437499999999982     0.7312500000000005   
   1.3437499999999987     0.7437500000000005   
   1.3437499999999987     0.7562500000000005   
   1.3437499999999984     0.7687500000000004   
   1.3562499999999980     0.4437500000000013   
   1.3562499999999980     0.4562500000000013   
   1.3562499999999980     0.4687500000000013   
   1.3562499999999980     0.4812500000000013   
   1.3562499999999980     0.4937500000000013   
   1.3562499999999980     0.5062500000000013   
   1.3562499999999980     0.5187500000000013   
   1.3562499999999980     0.5312500000000012   
   1.3562499999999984     0.5437500000000012   
   1.3562499999999980     0.5562500000000011   
   1.3562499999999980     0.5687500000000011   
   1.3562499999999982     0.5812500000000010   
   1.3562499999999984     0.5937500000000011   
   1.3562499999999984     0.6062500000000011   
   1.3562499999999980     0.6187500000000009   
   1.3562499999999980     0.6312500000000009   
   1.3562499999999982     0.6437500000000008   
   1.3562499999999984     0.6562500000000007   
   1.3562499999999984     0.6687500000000006   
   1.3562499999999980     0.6812500000000007   
   1.3562499999999984     0.6937500000000005   
   1.3562499999999984     0.7062500000000006   
   1.3562499999999984     0.7187500000000006   
   1.3562499999999984     0.7312500000000004   
   1.3562499999999984     0.7437500000000005   
   1.3562499999999984     0.7562500000000004   
   1.3562499999999986     0.7687500000000005   
   1.3687499999999979     0.4437500000000013   
   1.3687499999999979     0.4562500000000013   
   1.3687499999999979     0.4687500000000012   
   1.3687499999999979     0.4812500000000012   
   1.3687499999999979     0.4937500000000013   
   1.3687499999999979     0.5062500000000013   
   1.3687499999999979     0.5187500000000013   
   1.3687499999999979     0.5312500000000012   
   1.3687499999999979     0.5437500000000012   
   1.3687499999999979     0.5562500000000011   
   1.3687499999999979     0.5687500000000010   
   1.3687499999999979     0.5812500000000009   
   1.3687499999999981     0.5937500000000009   
   1.3687499999999981     0.6062500000000011   
   1.3687499999999979     0.6187500000000010   
   1.3687499999999979     0.6312500000000009   
   1.3687499999999981     0.6437500000000008   
   1.3687499999999981     0.6562500000000008   
   1.3687499999999979     0.6687500000000007   
   1.3687499999999979     0.6812500000000007   
   1.3687499999999981     0.6937500000000005   
   1.3687499999999981     0.7062500000000005   
   1.3687499999999979     0.7187500000000004   
   1.3687499999999979     0.7312500000000005   
   1.3687499999999984     0.7437500000000004   
   1.3687499999999984     0.7562500000000003   
   1.3687499999999986     0.7687500000000004   
   1.3812499999999979     0.4437500000000012   
   1.3812499999999979     0.4562500000000013   
   1.3812499999999979     0.4687500000000012   
   1.3812499999999979     0.4812500000000012   
   1.3812499999999979     0.4937500000000012   
   1.3812499999999979     0.5062500000000013   
   1.3812499999999979     0.5187500000000012   
   1.3812499999999979     0.5312500000000012   
   1.3812499999999981     0.5437500000000011   
   1.3812499999999981     0.5562500000000010   
   1.3812499999999979     0.5687500000000010   
   1.3812499999999979     0.5812500000000008   
   1.3812499999999981     0.5937500000000009   
   1.3812499999999983     0.6062500000000010   
   1.3812499999999981     0.6187500000000008   
   1.3812499999999983     0.6312500000000008   
   1.3812499999999983     0.6437500000000007   
   1.3812499999999981     0.6562500000000007   
   1.3812499999999979     0.6687500000000007   
   1.3812499999999983     0.6812500000000007   
   1.3812499999999983     0.6937500000000005   
   1.3812499999999983     0.7062500000000004   
   1.3812499999999981     0.7187500000000003   
   1.3812499999999983     0.7312500000000004   
   1.3812499999999983     0.7437500000000004   
   1.3812499999999983     0.7562500000000003   
   1.3812499999999983     0.7687500000000002   
   1.3937499999999976     0.4437500000000012   
   1.3937499999999976     0.4562500000000012   
   1.3937499999999976     0.4687500000000012   
   1.3937499999999980     0.4812500000000012   
   1.3937499999999976     0.4937500000000012   
   1.3937499999999976     0.5062500000000012   
   1.3937499999999976     0.5187500000000012   
   1.3937499999999976     0.5312500000000011   
   1.3937499999999980     0.5437500000000011   
   1.3937499999999983     0.5562500000000010   
   1.3937499999999980     0.5687500000000010   
   1.3937499999999980     0.5812500000000008   
   1.3937499999999980     0.5937500000000009   
   1.3937499999999980     0.6062500000000008   
   1.3937499999999980     0.6187500000000007   
   1.3937499999999980     0.6312500000000008   
   1.3937499999999983     0.6437500000000007   
   1.3937499999999980     0.6562500000000007   
   1.3937499999999980     0.6687500000000005   
   1.3937499999999983     0.6812500000000004   
   1.3937499999999983     0.6937500000000004   
   1.3937499999999983     0.7062500000000005   
   1.3937499999999983     0.7187500000000003   
   1.3937499999999983     0.7312500000000002   
   1.3937499999999983     0.7437500000000004   
   1.3937499999999980     0.7562500000000003   
   1.3937499999999983     0.7687500000000000   
   1.4062499999999978     0.4437500000000011   
   1.4062499999999976     0.4562500000000012   
   1.4062499999999976     0.4687500000000012   
   1.4062499999999976     0.4812500000000012   
   1.4062499999999976     0.4937500000000011   
   1.4062499999999976     0.5062500000000011   
   1.4062499999999976     0.5187500000000010   
   1.4062499999999978     0.5312500000000010   
   1.4062499999999980     0.5437500000000010   
   1.4062499999999982     0.5562500000000009   
   1.4062499999999982     0.5687500000000009   
   1.4062499999999982     0.5812500000000008   
   1.4062499999999980     0.5937500000000008   
   1.4062499999999980     0.6062500000000007   
   1.4062499999999980     0.6187500000000007   
   1.4062499999999980     0.6312500000000006   
   1.4062499999999982     0.6437500000000006   
   1.4062499999999982     0.6562500000000006   
   1.4062499999999982     0.6687500000000005   
   1.4062499999999982     0.6812500000000005   
   1.4062499999999982     0.6937500000000005   
   1.4062499999999982     0.7062500000000004   
   1.4062499999999982     0.7187500000000002   
   1.4062499999999982     0.7312500000000003   
   1.4062499999999982     0.7437500000000004   
   1.4062499999999980     0.7562500000000002   
   1.4062499999999982     0.7687500000000000   
   1.4062499999999982     0.7812500000000002   
   1.4062499999999982     0.7937500000000002   
   1.4187499999999977     0.4437500000000012   
   1.4187499999999975     0.4562500000000012   
   1.4187499999999975     0.4687500000000012   
   1.4187499999999975     0.4812500000000012   
   1.4187499999999975     0.4937500000000011   
   1.4187499999999980     0.5062500000000011   
   1.4187499999999980     0.5187500000000010   
   1.4187499999999980     0.5312500000000010   
   1.4187499999999980     0.5437500000000010   
   1.4187499999999980     0.5562500000000009   
   1.4187499999999980     0.5687500000000009   
   1.4187499999999980     0.5812500000000008   
   1.4187499999999980     0.5937500000000008   
   1.4187499999999980     0.6062500000000007   
   1.4187499999999980     0.6187500000000007   
   1.4187499999999980     0.6312500000000006   
   1.4187499999999980     0.6437500000000006   
   1.4187499999999980     0.6562500000000006   
   1.4187499999999980     0.6687500000000005   
   1.4187499999999980     0.6812500000000005   
   1.4187499999999980     0.6937500000000005   
   1.4187499999999980     0.7062500000000004   
   1.4187499999999982     0.7187500000000003   
   1.4187499999999984     0.7312500000000003   
   1.4187499999999980     0.7437500000000004   
   1.4187499999999980     0.7562500000000002   
   1.4187499999999980     0.7687500000000002   
   1.4187499999999980     0.7812500000000001   
   1.4187499999999982     0.7937500000000001   
   1.4312499999999977     0.4437500000000012   
   1.4312499999999977     0.4562500000000012   
   1.4312499999999977     0.4687500000000012   
   1.4312499999999972     0.4812500000000012   
   1.4312499999999972     0.4937500000000011   
   1.4312499999999977     0.5062500000000011   
   1.4312499999999979     0.5187500000000010   
   1.4312499999999979     0.5312500000000010   
   1.4312499999999979     0.5437500000000010   
   1.4312499999999979     0.5562500000000009   
   1.4312499999999977     0.5687500000000009   
   1.4312499999999977     0.5812500000000008   
   1.4312499999999979     0.5937500000000008   
   1.4312499999999979     0.6062500000000007   
   1.4312499999999979     0.6187500000000007   
   1.4312499999999977     0.6312500000000006   
   1.4312499999999977     0.6437500000000006   
   1.4312499999999979     0.6562500000000006   
   1.4312499999999979     0.6687500000000005   
   1.4312499999999979     0.6812500000000006   
   1.4312499999999979     0.6937500000000005   
   1.4312499999999979     0.7062500000000004   
   1.4312499999999979     0.7187500000000003   
   1.4312499999999981     0.7312500000000004   
   1.4312499999999979     0.7437500000000004   
   1.4312499999999979     0.7562500000000002   
   1.4312499999999979     0.7687500000000002   
   1.4312499999999979     0.7812500000000000   
   1.4312499999999984     0.7937500000000002   
   1.4437499999999976     0.4437500000000011   
   1.4437499999999972     0.4562500000000011   
   1.4437499999999974     0.4687500000000011   
   1.4437499999999976     0.4812500000000012   
   1.4437499999999976     0.4937500000000011   
   1.4437499999999974     0.5062500000000011   
   1.4437499999999979     0.5187500000000010   
   1.4437499999999979     0.5312500000000010   
   1.4437499999999979     0.5437500000000010   
   1.4437499999999979     0.5562500000000009   
   1.4437499999999979     0.5687500000000009   
   1.4437499999999976     0.5812500000000008   
   1.4437499999999979     0.5937500000000008   
   1.4437499999999979     0.6062500000000008   
   1.4437499999999979     0.6187500000000008   
   1.4437499999999979     0.6312500000000006   
   1.4437499999999979     0.6437500000000006   
   1.4437499999999979     0.6562500000000006   
   1.4437499999999979     0.6687500000000005   
   1.4437499999999979     0.6812500000000006   
   1.4437499999999979     0.6937500000000005   
   1.4437499999999983     0.7062500000000004   
   1.4437499999999981     0.7187500000000002   
   1.4437499999999979     0.7312500000000002   
   1.4437499999999979     0.7437500000000002   
   1.4437499999999983     0.7562500000000002   
   1.4437499999999981     0.7687500000000000   
   1.4437499999999983     0.7812500000000000   
   1.4437499999999983     0.7937500000000002   
   1.4437499999999983     0.8062500000000000   
   1.4562499999999974     0.4437500000000011   
   1.4562499999999976     0.4562500000000012   
   1.4562499999999976     0.4687500000000011   
   1.4562499999999976     0.4812500000000012   
   1.4562499999999976     0.4937500000000011   
   1.4562499999999976     0.5062500000000011   
   1.4562499999999976     0.5187500000000010   
   1.4562499999999976     0.5312500000000010   
   1.4562499999999976     0.5437500000000010   
   1.4562499999999976     0.5562500000000009   
   1.4562499999999976     0.5687500000000009   
   1.4562499999999978     0.5812500000000008   
   1.4562499999999980     0.5937500000000008   
   1.4562499999999980     0.6062500000000007   
   1.4562499999999976     0.6187500000000007   
   1.4562499999999978     0.6312500000000006   
   1.4562499999999976     0.6437500000000006   
   1.4562499999999976     0.6562500000000006   
   1.4562499999999980     0.6687500000000005   
   1.4562499999999976     0.6812500000000004   
   1.4562499999999976     0.6937500000000003   
   1.4562499999999980     0.7062500000000005   
   1.4562499999999980     0.7187500000000003   
   1.4562499999999976     0.7312500000000002   
   1.4562499999999978     0.7437500000000001   
   1.4562499999999980     0.7562500000000001   
   1.4562499999999980     0.7687499999999999   
   1.4562499999999980     0.7812500000000000   
   1.4562499999999980     0.7937500000000000   
   1.4562499999999980     0.8062499999999999   
   1.4687499999999976     0.4437500000000011   
   1.4687499999999976     0.4562500000000012   
   1.4687499999999976     0.4687500000000011   
   1.4687499999999976     0.4812500000000012   
   1.4687499999999976     0.4937500000000011   
   1.4687499999999976     0.5062500000000010   
   1.4687499999999976     0.5187500000000009   
   1.4687499999999976     0.5312500000000009   
   1.4687499999999976     0.5437500000000010   
   1.4687499999999976     0.5562500000000008   
   1.4687499999999976     0.5687500000000008   
   1.4687499999999978     0.5812500000000008   
   1.4687499999999976     0.5937500000000008   
   1.4687499999999976     0.6062500000000007   
   1.4687499999999976     0.6187500000000007   
   1.4687499999999976     0.6312500000000006   
   1.4687499999999978     0.6437500000000006   
   1.4687499999999976     0.6562500000000004   
   1.4687499999999976     0.6687500000000005   
   1.4687499999999978     0.6812500000000004   
   1.4687499999999978     0.6937500000000002   
   1.4687499999999978     0.7062500000000003   
   1.4687499999999976     0.7187500000000002   
   1.4687499999999976     0.7312500000000002   
   1.4687499999999978     0.7437500000000001   
   1.4687499999999978     0.7562500000000000   
   1.4687499999999980     0.7687500000000000   
   1.4687499999999980     0.7812499999999999   
   1.4687499999999980     0.7937499999999998   
   1.4687499999999980     0.8062500000000000   
   1.4812499999999975     0.4437500000000011   
   1.4812499999999975     0.4562500000000012   
   1.4812499999999975     0.4687500000000011   
   1.4812499999999975     0.4812500000000011   
   1.4812499999999975     0.4937500000000011   
   1.4812499999999980     0.5062500000000010   
   1.4812499999999977     0.5187500000000008   
   1.4812499999999975     0.5312500000000009   
   1.4812499999999975     0.5437500000000008   
   1.4812499999999975     0.5562500000000007   
   1.4812499999999977     0.5687500000000006   
   1.4812499999999977     0.5812500000000006   
   1.4812499999999975     0.5937500000000006   
   1.4812499999999975     0.6062500000000006   
   1.4812499999999975     0.6187500000000006   
   1.4812499999999975     0.6312500000000005   
   1.4812499999999977     0.6437500000000005   
   1.4812499999999977     0.6562500000000003   
   1.4812499999999980     0.6687500000000004   
   1.4812499999999980     0.6812500000000004   
   1.4812499999999980     0.6937500000000003   
   1.4812499999999980     0.7062500000000002   
   1.4812499999999977     0.7187500000000003   
   1.4812499999999980     0.7312500000000004   
   1.4812499999999980     0.7437500000000001   
   1.4812499999999980     0.7562500000000000   
   1.4812499999999980     0.7687499999999999   
   1.4812499999999980     0.7812500000000000   
   1.4812499999999980     0.7937500000000000   
   1.4812499999999980     0.8062499999999999   
   1.4937499999999972     0.4437500000000011   
   1.4937499999999972     0.4562500000000011   
   1.4937499999999972     0.4687500000000011   
   1.4937499999999975     0.4812500000000011   
   1.4937499999999977     0.4937500000000010   
   1.4937499999999977     0.5062500000000010   
   1.4937499999999972     0.5187500000000009   
   1.4937499999999972     0.5312500000000009   
   1.4937499999999972     0.5437500000000008   
   1.4937499999999972     0.5562500000000007   
   1.4937499999999977     0.5687500000000006   
   1.4937499999999977     0.5812500000000005   
   1.4937499999999977     0.5937500000000004   
   1.4937499999999977     0.6062500000000005   
   1.4937499999999977     0.6187500000000005   
   1.4937499999999977     0.6312500000000004   
   1.4937499999999977     0.6437500000000004   
   1.4937499999999979     0.6562500000000003   
   1.4937499999999979     0.6687500000000004   
   1.4937499999999977     0.6812500000000004   
   1.4937499999999979     0.6937500000000002   
   1.4937499999999979     0.7062500000000000   
   1.4937499999999979     0.7187500000000002   
   1.4937499999999979     0.7312500000000002   
   1.4937499999999979     0.7437500000000001   
   1.4937499999999979     0.7562500000000000   
   1.4937499999999981     0.7687499999999998   
   1.4937499999999979     0.7812500000000000   
   1.4937499999999979     0.7937499999999998   
   1.4937499999999979     0.8062499999999997   
   1.5062499999999972     0.4437500000000011   
   1.5062499999999972     0.4562500000000011   
   1.5062499999999972     0.4687500000000011   
   1.5062499999999972     0.4812500000000011   
   1.5062499999999972     0.4937500000000010   
   1.5062499999999972     0.5062500000000009   
   1.5062499999999972     0.5187500000000008   
   1.5062499999999974     0.5312500000000008   
   1.5062499999999972     0.5437500000000007   
   1.5062499999999974     0.5562500000000007   
   1.5062499999999974     0.5687500000000006   
   1.5062499999999979     0.5812500000000005   
   1.5062499999999979     0.5937500000000004   
   1.5062499999999979     0.6062500000000005   
   1.5062499999999976     0.6187500000000005   
   1.5062499999999974     0.6312500000000004   
   1.5062499999999974     0.6437500000000004   
   1.5062499999999979     0.6562500000000003   
   1.5062499999999979     0.6687500000000002   
   1.5062499999999976     0.6812500000000004   
   1.5062499999999979     0.6937500000000003   
   1.5062499999999979     0.7062500000000000   
   1.5062499999999979     0.7187500000000001   
   1.5062499999999979     0.7312500000000002   
   1.5062499999999979     0.7437500000000001   
   1.5062499999999979     0.7562500000000000   
   1.5062499999999979     0.7687499999999999   
   1.5062499999999979     0.7812500000000000   
   1.5062499999999979     0.7937500000000000   
   1.5062499999999979     0.8062499999999999   
   1.5187499999999972     0.4437500000000010   
   1.5187499999999972     0.4562500000000010   
   1.5187499999999976     0.4687500000000011   
   1.5187499999999974     0.4812500000000010   
   1.5187499999999972     0.4937500000000010   
   1.5187499999999972     0.5062500000000009   
   1.5187499999999974     0.5187500000000008   
   1.5187499999999974     0.5312500000000008   
   1.5187499999999972     0.5437500000000007   
   1.5187499999999976     0.5562500000000007   
   1.5187499999999974     0.5687500000000006   
   1.5187499999999976     0.5812500000000005   
   1.5187499999999976     0.5937500000000004   
   1.5187499999999976     0.6062500000000005   
   1.5187499999999976     0.6187500000000005   
   1.5187499999999974     0.6312500000000005   
   1.5187499999999976     0.6437500000000005   
   1.5187499999999976     0.6562500000000003   
   1.5187499999999976     0.6687500000000003   
   1.5187499999999976     0.6812500000000002   
   1.5187499999999976     0.6937500000000003   
   1.5187499999999976     0.7062500000000002   
   1.5187499999999978     0.7187500000000002   
   1.5187499999999976     0.7312500000000002   
   1.5187499999999978     0.7437500000000001   
   1.5187499999999976     0.7562500000000000   
   1.5187499999999976     0.7687500000000000   
   1.5187499999999976     0.7812500000000000   
   1.5187499999999976     0.7937500000000000   
   1.5187499999999978     0.8062499999999999   
   1.5312499999999973     0.4437500000000010   
   1.5312499999999973     0.4562500000000010   
   1.5312499999999973     0.4687500000000010   
   1.5312499999999971     0.4812500000000010   
   1.5312499999999969     0.4937500000000009   
   1.5312499999999973     0.5062500000000009   
   1.5312499999999973     0.5187500000000008   
   1.5312499999999973     0.5312500000000008   
   1.5312499999999973     0.5437500000000007   
   1.5312499999999976     0.5562500000000007   
   1.5312499999999976     0.5687500000000008   
   1.5312499999999976     0.5812500000000006   
   1.5312499999999973     0.5937500000000006   
   1.5312499999999976     0.6062500000000005   
   1.5312499999999976     0.6187500000000005   
   1.5312499999999973     0.6312500000000004   
   1.5312499999999976     0.6437500000000005   
   1.5312499999999976     0.6562500000000003   
   1.5312499999999976     0.6687500000000002   
   1.5312499999999976     0.6812500000000001   
   1.5312499999999976     0.6937500000000002   
   1.5312499999999976     0.7062500000000002   
   1.5312499999999976     0.7187500000000002   
   1.5312499999999976     0.7312500000000001   
   1.5312499999999976     0.7437500000000000   
   1.5312499999999976     0.7562499999999999   
   1.5312499999999976     0.7687499999999999   
   1.5312499999999978     0.7812500000000000   
   1.5312499999999978     0.7937500000000000   
   1.5312499999999976     0.8062499999999998   
   1.5437499999999975     0.4437500000000010   
   1.5437499999999971     0.4562500000000010   
   1.5437499999999971     0.4687500000000010   
   1.5437499999999973     0.4812500000000010   
   1.5437499999999973     0.4937500000000009   
   1.5437499999999975     0.5062500000000009   
   1.5437499999999975     0.5187500000000008   
   1.5437499999999971     0.5312500000000008   
   1.5437499999999975     0.5437500000000007   
   1.5437499999999975     0.5562500000000007   
   1.5437499999999975     0.5687500000000006   
   1.5437499999999975     0.5812500000000006   
   1.5437499999999973     0.5937500000000006   
   1.5437499999999975     0.6062500000000005   
   1.5437499999999975     0.6187500000000005   
   1.5437499999999975     0.6312500000000004   
   1.5437499999999975     0.6437500000000004   
   1.5437499999999980     0.6562500000000002   
   1.5437499999999977     0.6687500000000002   
   1.5437499999999975     0.6812500000000004   
   1.5437499999999975     0.6937500000000003   
   1.5437499999999980     0.7062500000000002   
   1.5437499999999977     0.7187500000000001   
   1.5437499999999975     0.7312500000000002   
   1.5437499999999980     0.7437500000000000   
   1.5437499999999980     0.7562500000000000   
   1.5437499999999977     0.7687500000000000   
   1.5437499999999977     0.7812500000000000   
   1.5437499999999980     0.7937499999999998   
   1.5437499999999980     0.8062499999999998   
   1.5562499999999970     0.4437500000000010   
   1.5562499999999970     0.4562500000000010   
   1.5562499999999970     0.4687500000000010   
   1.5562499999999972     0.4812500000000010   
   1.5562499999999972     0.4937500000000009   
   1.5562499999999972     0.5062500000000009   
   1.5562499999999972     0.5187500000000008   
   1.5562499999999975     0.5312500000000008   
   1.5562499999999975     0.5437500000000007   
   1.5562499999999975     0.5562500000000007   
   1.5562499999999975     0.5687500000000006   
   1.5562499999999977     0.5812500000000006   
   1.5562499999999977     0.5937500000000006   
   1.5562499999999972     0.6062500000000004   
   1.5562499999999972     0.6187500000000004   
   1.5562499999999972     0.6312500000000004   
   1.5562499999999977     0.6437500000000004   
   1.5562499999999977     0.6562500000000003   
   1.5562499999999977     0.6687500000000003   
   1.5562499999999977     0.6812500000000002   
   1.5562499999999977     0.6937500000000003   
   1.5562499999999977     0.7062500000000002   
   1.5562499999999977     0.7187500000000002   
   1.5562499999999977     0.7312500000000001   
   1.5562499999999977     0.7437500000000001   
   1.5562499999999979     0.7562500000000000   
   1.5562499999999979     0.7687500000000000   
   1.5562499999999977     0.7812500000000000   
   1.5562499999999979     0.7937499999999997   
   1.5562499999999979     0.8062499999999997   
   1.5687499999999970     0.4437500000000010   
   1.5687499999999970     0.4562500000000009   
   1.5687499999999970     0.4687500000000009   
   1.5687499999999970     0.4812500000000010   
   1.5687499999999972     0.4937500000000009   
   1.5687499999999972     0.5062500000000009   
   1.5687499999999972     0.5187500000000008   
   1.5687499999999974     0.5312500000000008   
   1.5687499999999979     0.5437500000000007   
   1.5687499999999979     0.5562500000000007   
   1.5687499999999976     0.5687500000000006   
   1.5687499999999974     0.5812500000000006   
   1.5687499999999972     0.5937500000000007   
   1.5687499999999972     0.6062500000000005   
   1.5687499999999972     0.6187500000000005   
   1.5687499999999972     0.6312500000000004   
   1.5687499999999972     0.6437500000000004   
   1.5687499999999972     0.6562500000000004   
   1.5687499999999972     0.6687500000000002   
   1.5687499999999972     0.6812500000000001   
   1.5687499999999974     0.6937500000000002   
   1.5687499999999976     0.7062500000000003   
   1.5687499999999974     0.7187500000000001   
   1.5687499999999974     0.7312500000000002   
   1.5687499999999974     0.7437500000000000   
   1.5687499999999979     0.7562500000000000   
   1.5687499999999979     0.7687500000000000   
   1.5687499999999979     0.7812500000000000   
   1.5687499999999979     0.7937499999999997   
   1.5687499999999979     0.8062499999999997   
   1.5812499999999974     0.4437500000000010   
   1.5812499999999972     0.4562500000000009   
   1.5812499999999972     0.4687500000000009   
   1.5812499999999972     0.4812500000000010   
   1.5812499999999972     0.4937500000000009   
   1.5812499999999972     0.5062500000000009   
   1.5812499999999972     0.5187500000000008   
   1.5812499999999976     0.5312500000000008   
   1.5812499999999976     0.5437500000000007   
   1.5812499999999974     0.5562500000000007   
   1.5812499999999974     0.5687500000000005   
   1.5812499999999974     0.5812500000000005   
   1.5812499999999974     0.5937500000000007   
   1.5812499999999972     0.6062500000000005   
   1.5812499999999972     0.6187500000000005   
   1.5812499999999972     0.6312500000000004   
   1.5812499999999972     0.6437500000000004   
   1.5812499999999972     0.6562500000000003   
   1.5812499999999972     0.6687500000000002   
   1.5812499999999972     0.6812500000000001   
   1.5812499999999976     0.6937500000000002   
   1.5812499999999976     0.7062500000000002   
   1.5812499999999974     0.7187500000000002   
   1.5812499999999974     0.7312500000000002   
   1.5812499999999976     0.7437500000000000   
   1.5812499999999976     0.7562500000000000   
   1.5812499999999976     0.7687499999999998   
   1.5812499999999978     0.7812500000000000   
   1.5812499999999978     0.7937499999999998   
   1.5937499999999969     0.4437500000000010   
   1.5937499999999969     0.4562500000000009   
   1.5937499999999971     0.4687500000000009   
   1.5937499999999973     0.4812500000000010   
   1.5937499999999969     0.4937500000000009   
   1.5937499999999969     0.5062500000000009   
   1.5937499999999973     0.5187500000000008   
   1.5937499999999976     0.5312500000000008   
   1.5937499999999976     0.5437500000000007   
   1.5937499999999976     0.5562500000000007   
   1.5937499999999973     0.5687500000000005   
   1.5937499999999973     0.5812500000000006   
   1.5937499999999973     0.5937500000000006   
   1.5937499999999973     0.6062500000000005   
   1.5937499999999973     0.6187500000000005   
   1.5937499999999973     0.6312500000000005   
   1.5937499999999976     0.6437500000000005   
   1.5937499999999976     0.6562500000000002   
   1.5937499999999976     0.6687500000000002   
   1.5937499999999976     0.6812500000000004   
   1.5937499999999976     0.6937500000000002   
   1.5937499999999976     0.7062500000000002   
   1.5937499999999976     0.7187500000000000   
   1.5937499999999973     0.7312500000000002   
   1.5937499999999976     0.7437500000000000   
   1.5937499999999976     0.7562499999999999   
   1.5937499999999976     0.7687499999999998   
   1.5937499999999976     0.7812500000000000   
   1.5937499999999978     0.7937500000000000   
   1.6062499999999971     0.4437500000000010   
   1.6062499999999971     0.4562500000000010   
   1.6062499999999975     0.4687500000000009   
   1.6062499999999975     0.4812500000000009   
   1.6062499999999973     0.4937500000000009   
   1.6062499999999973     0.5062500000000009   
   1.6062499999999971     0.5187500000000008   
   1.6062499999999975     0.5312500000000008   
   1.6062499999999975     0.5437500000000007   
   1.6062499999999975     0.5562500000000007   
   1.6062499999999971     0.5687500000000006   
   1.6062499999999973     0.5812500000000006   
   1.6062499999999975     0.5937500000000007   
   1.6062499999999975     0.6062500000000006   
   1.6062499999999975     0.6187500000000005   
   1.6062499999999975     0.6312500000000004   
   1.6062499999999975     0.6437500000000005   
   1.6062499999999975     0.6562500000000003   
   1.6062499999999975     0.6687500000000002   
   1.6062499999999975     0.6812500000000002   
   1.6062499999999975     0.6937500000000003   
   1.6062499999999975     0.7062500000000002   
   1.6062499999999975     0.7187500000000000   
   1.6062499999999975     0.7312500000000002   
   1.6062499999999975     0.7437500000000001   
   1.6062499999999980     0.7562500000000000   
   1.6062499999999977     0.7687499999999999   
   1.6187499999999970     0.4437500000000009   
   1.6187499999999970     0.4562500000000009   
   1.6187499999999972     0.4687500000000009   
   1.6187499999999970     0.4812500000000010   
   1.6187499999999970     0.4937500000000009   
   1.6187499999999972     0.5062500000000009   
   1.6187499999999970     0.5187500000000008   
   1.6187499999999970     0.5312500000000008   
   1.6187499999999972     0.5437500000000007   
   1.6187499999999972     0.5562500000000007   
   1.6187499999999972     0.5687500000000006   
   1.6187499999999972     0.5812500000000006   
   1.6187499999999972     0.5937500000000006   
   1.6187499999999972     0.6062500000000005   
   1.6187499999999972     0.6187500000000005   
   1.6187499999999972     0.6312500000000004   
   1.6187499999999972     0.6437500000000004   
   1.6187499999999972     0.6562500000000003   
   1.6187499999999972     0.6687500000000003   
   1.6187499999999972     0.6812500000000004   
   1.6187499999999977     0.6937500000000001   
   1.6187499999999972     0.7062500000000000   
   1.6187499999999972     0.7187500000000001   
   1.6187499999999977     0.7312500000000002   
   1.6187499999999977     0.7437500000000001   
   1.6187499999999977     0.7562500000000000   
   1.6187499999999977     0.7687499999999999   
   1.6312499999999970     0.4437500000000009   
   1.6312499999999970     0.4562500000000008   
   1.6312499999999972     0.4687500000000008   
   1.6312499999999970     0.4812500000000008   
   1.6312499999999970     0.4937500000000009   
   1.6312499999999972     0.5062500000000009   
   1.6312499999999970     0.5187500000000008   
   1.6312499999999970     0.5312500000000008   
   1.6312499999999972     0.5437500000000007   
   1.6312499999999972     0.5562500000000007   
   1.6312499999999972     0.5687500000000008   
   1.6312499999999972     0.5812500000000007   
   1.6312499999999972     0.5937500000000006   
   1.6312499999999972     0.6062500000000005   
   1.6312499999999972     0.6187500000000005   
   1.6312499999999972     0.6312500000000004   
   1.6312499999999972     0.6437500000000004   
   1.6312499999999972     0.6562500000000003   
   1.6312499999999974     0.6687500000000004   
   1.6312499999999974     0.6812500000000004   
   1.6312499999999976     0.6937500000000002   
   1.6312499999999974     0.7062500000000002   
   1.6312499999999972     0.7187500000000002   
   1.6312499999999974     0.7312500000000002   
   1.6312499999999974     0.7437500000000001   
   1.6312499999999974     0.7562499999999999   
   1.6312499999999974     0.7687499999999999   
   1.6437499999999972     0.4437500000000008   
   1.6437499999999972     0.4562500000000009   
   1.6437499999999972     0.4687500000000008   
   1.6437499999999972     0.4812500000000008   
   1.6437499999999972     0.4937500000000009   
   1.6437499999999972     0.5062500000000009   
   1.6437499999999972     0.5187500000000008   
   1.6437499999999972     0.5312500000000008   
   1.6437499999999972     0.5437500000000007   
   1.6437499999999972     0.5562500000000008   
   1.6437499999999972     0.5687500000000008   
   1.6437499999999972     0.5812500000000006   
   1.6437499999999972     0.5937500000000006   
   1.6437499999999972     0.6062500000000004   
   1.6437499999999972     0.6187500000000004   
   1.6437499999999974     0.6312500000000004   
   1.6437499999999974     0.6437500000000003   
   1.6437499999999974     0.6562500000000002   
   1.6437499999999974     0.6687500000000002   
   1.6437499999999974     0.6812500000000002   
   1.6437499999999976     0.6937500000000001   
   1.6437499999999976     0.7062499999999999   
   1.6437499999999976     0.7187500000000000   
   1.6437499999999976     0.7312500000000002   
   1.6437499999999976     0.7437500000000000   
   1.6437499999999976     0.7562500000000001   
   1.6437499999999976     0.7687499999999999   
   1.6562499999999973     0.4437500000000008   
   1.6562499999999969     0.4562500000000008   
   1.6562499999999969     0.4687500000000008   
   1.6562499999999969     0.4812500000000008   
   1.6562499999999969     0.4937500000000009   
   1.6562499999999969     0.5062500000000009   
   1.6562499999999971     0.5187500000000008   
   1.6562499999999969     0.5312500000000008   
   1.6562499999999969     0.5437500000000006   
   1.6562499999999969     0.5562500000000007   
   1.6562499999999971     0.5687500000000005   
   1.6562499999999971     0.5812500000000005   
   1.6562499999999971     0.5937500000000006   
   1.6562499999999973     0.6062500000000005   
   1.6562499999999973     0.6187500000000004   
   1.6562499999999973     0.6312500000000003   
   1.6562499999999973     0.6437500000000003   
   1.6562499999999973     0.6562500000000002   
   1.6562499999999973     0.6687500000000002   
   1.6562499999999973     0.6812500000000001   
   1.6562499999999976     0.6937500000000001   
   1.6562499999999976     0.7062499999999999   
   1.6562499999999976     0.7187500000000000   
   1.6562499999999976     0.7312500000000001   
   1.6562499999999976     0.7437499999999999   
   1.6562499999999976     0.7562500000000000   
   1.6562499999999976     0.7687500000000000   
   1.6687499999999968     0.4437500000000008   
   1.6687499999999968     0.4562500000000008   
   1.6687499999999968     0.4687500000000008   
   1.6687499999999971     0.4812500000000008   
   1.6687499999999971     0.4937500000000008   
   1.6687499999999971     0.5062500000000008   
   1.6687499999999971     0.5187500000000007   
   1.6687499999999973     0.5312500000000007   
   1.6687499999999971     0.5437500000000006   
   1.6687499999999971     0.5562500000000007   
   1.6687499999999971     0.5687500000000005   
   1.6687499999999975     0.5812500000000005   
   1.6687499999999973     0.5937500000000004   
   1.6687499999999971     0.6062500000000005   
   1.6687499999999973     0.6187500000000004   
   1.6687499999999971     0.6312500000000003   
   1.6687499999999971     0.6437500000000003   
   1.6687499999999975     0.6562500000000002   
   1.6687499999999975     0.6687500000000002   
   1.6687499999999973     0.6812500000000001   
   1.6687499999999975     0.6937500000000001   
   1.6687499999999975     0.7062500000000000   
   1.6687499999999975     0.7187500000000000   
   1.6687499999999975     0.7312500000000000   
   1.6687499999999975     0.7437500000000000   
   1.6687499999999977     0.7562500000000000   
   1.6687499999999977     0.7687499999999998   
   1.6812499999999970     0.4437500000000007   
   1.6812499999999968     0.4562500000000007   
   1.6812499999999968     0.4687500000000008   
   1.6812499999999970     0.4812500000000008   
   1.6812499999999972     0.4937500000000007   
   1.6812499999999972     0.5062500000000006   
   1.6812499999999970     0.5187500000000007   
   1.6812499999999970     0.5312500000000007   
   1.6812499999999972     0.5437500000000005   
   1.6812499999999972     0.5562500000000005   
   1.6812499999999970     0.5687500000000004   
   1.6812499999999970     0.5812500000000005   
   1.6812499999999972     0.5937500000000004   
   1.6812499999999972     0.6062500000000004   
   1.6812499999999972     0.6187500000000005   
   1.6812499999999972     0.6312500000000003   
   1.6812499999999972     0.6437500000000003   
   1.6812499999999972     0.6562500000000003   
   1.6812499999999972     0.6687500000000002   
   1.6812499999999975     0.6812500000000001   
   1.6812499999999972     0.6937500000000001   
   1.6812499999999972     0.7062500000000000   
   1.6812499999999972     0.7187500000000000   
   1.6812499999999972     0.7312500000000000   
   1.6812499999999975     0.7437499999999999   
   1.6937499999999965     0.4437500000000008   
   1.6937499999999970     0.4562500000000007   
   1.6937499999999965     0.4687500000000008   
   1.6937499999999970     0.4812500000000007   
   1.6937499999999972     0.4937500000000007   
   1.6937499999999972     0.5062500000000006   
   1.6937499999999965     0.5187500000000006   
   1.6937499999999970     0.5312500000000006   
   1.6937499999999972     0.5437500000000005   
   1.6937499999999972     0.5562500000000005   
   1.6937499999999970     0.5687500000000004   
   1.6937499999999970     0.5812500000000004   
   1.6937499999999972     0.5937500000000004   
   1.6937499999999972     0.6062500000000004   
   1.6937499999999972     0.6187500000000004   
   1.6937499999999972     0.6312500000000004   
   1.6937499999999972     0.6437500000000003   
   1.6937499999999972     0.6562500000000002   
   1.6937499999999972     0.6687500000000002   
   1.6937499999999974     0.6812500000000000   
   1.6937499999999972     0.6937500000000000   
   1.6937499999999972     0.7062499999999998   
   1.6937499999999972     0.7187500000000000   
   1.6937499999999972     0.7312499999999998   
   1.6937499999999972     0.7437499999999998   
   1.7062499999999969     0.4437500000000008   
   1.7062499999999969     0.4562500000000007   
   1.7062499999999969     0.4687500000000007   
   1.7062499999999965     0.4812500000000007   
   1.7062499999999967     0.4937500000000007   
   1.7062499999999972     0.5062500000000006   
   1.7062499999999969     0.5187500000000006   
   1.7062499999999969     0.5312500000000006   
   1.7062499999999972     0.5437500000000006   
   1.7062499999999972     0.5562500000000006   
   1.7062499999999972     0.5687500000000004   
   1.7062499999999972     0.5812500000000004   
   1.7062499999999972     0.5937500000000003   
   1.7062499999999972     0.6062500000000004   
