   0.2937500000000001     0.0062500000000022   
   0.2937500000000001     0.0187500000000043   
   0.2937500000000001     0.0312500000000043   
   0.2937500000000002     0.0437500000000042   
   0.2937500000000002     0.0562500000000042   
   0.2937500000000002     0.0687500000000042   
   0.2937500000000002     0.0812500000000041   
   0.2937500000000003     0.0937500000000041   
   0.2937500000000003     0.1062500000000040   
   0.2937500000000003     0.1187500000000040   
   0.2937500000000003     0.1312500000000040   
   0.2937500000000003     0.1437500000000039   
   0.3062500000000001     0.0062500000000021   
   0.3062500000000001     0.0187500000000043   
   0.3062500000000001     0.0312500000000042   
   0.3062500000000002     0.0437500000000042   
   0.3062500000000002     0.0562500000000042   
   0.3062500000000002     0.0687500000000041   
   0.3062500000000002     0.0812500000000041   
   0.3062500000000002     0.0937500000000040   
   0.3062500000000002     0.1062500000000040   
   0.3062500000000003     0.1187500000000040   
   0.3062500000000004     0.1312500000000039   
   0.3062500000000004     0.1437500000000039   
   0.3062500000000004     0.1562500000000039   
   0.3062500000000004     0.1687500000000038   
   0.3062500000000004     0.1812500000000038   
   0.3062500000000005     0.1937500000000038   
   0.3187500000000001     0.0062500000000021   
   0.3187500000000002     0.0187500000000042   
   0.3187500000000002     0.0312500000000042   
   0.3187500000000002     0.0437500000000042   
   0.3187500000000003     0.0562500000000041   
   0.3187500000000003     0.0687500000000041   
   0.3187500000000003     0.0812500000000040   
   0.3187500000000003     0.0937500000000040   
   0.3187500000000003     0.1062500000000040   
   0.3187500000000004     0.1187500000000039   
   0.3187500000000004     0.1312500000000039   
   0.3187500000000004     0.1437500000000038   
   0.3187500000000004     0.1562500000000038   
   0.3187500000000004     0.1687500000000038   
   0.3187500000000004     0.1812500000000038   
   0.3187500000000005     0.1937500000000037   
   0.3187500000000005     0.2062500000000037   
   0.3187500000000005     0.2187500000000037   
   0.3187500000000005     0.2312500000000036   
   0.3187500000000005     0.2437500000000036   
   0.3187500000000006     0.2562500000000035   
   0.3187500000000006     0.2687500000000035   
   0.3187500000000006     0.2812500000000034   
   0.3187500000000006     0.2937500000000034   
   0.3187500000000007     0.3062500000000034   
   0.3312500000000002     0.0062500000000021   
   0.3312500000000002     0.0187500000000042   
   0.3312500000000002     0.0312500000000042   
   0.3312500000000002     0.0437500000000041   
   0.3312500000000002     0.0562500000000041   
   0.3312500000000003     0.0687500000000041   
   0.3312500000000003     0.0812500000000040   
   0.3312500000000003     0.0937500000000040   
   0.3312500000000003     0.1062500000000039   
   0.3312500000000004     0.1187500000000039   
   0.3312500000000004     0.1312500000000039   
   0.3312500000000004     0.1437500000000038   
   0.3312500000000004     0.1562500000000038   
   0.3312500000000004     0.1687500000000037   
   0.3312500000000004     0.1812500000000037   
   0.3312500000000005     0.1937500000000037   
   0.3312500000000005     0.2062500000000037   
   0.3312500000000005     0.2187500000000036   
   0.3312500000000006     0.2312500000000036   
   0.3312500000000006     0.2437500000000035   
   0.3312500000000006     0.2562500000000035   
   0.3312500000000007     0.2687500000000035   
   0.3312500000000007     0.2812500000000034   
   0.3312500000000007     0.2937500000000034   
   0.3312500000000008     0.3062500000000034   
   0.3312500000000008     0.3187500000000034   
   0.3312500000000007     0.3312500000000034   
   0.3437500000000002     0.0062500000000021   
   0.3437500000000002     0.0187500000000042   
   0.3437500000000002     0.0312500000000041   
   0.3437500000000002     0.0437500000000041   
   0.3437500000000002     0.0562500000000041   
   0.3437500000000003     0.0687500000000040   
   0.3437500000000003     0.0812500000000040   
   0.3437500000000003     0.0937500000000040   
   0.3437500000000003     0.1062500000000039   
   0.3437500000000003     0.1187500000000039   
   0.3437500000000003     0.1312500000000039   
   0.3437500000000003     0.1437500000000038   
   0.3437500000000004     0.1562500000000038   
   0.3437500000000004     0.1687500000000037   
   0.3437500000000004     0.1812500000000037   
   0.3437500000000004     0.1937500000000036   
   0.3437500000000006     0.2062500000000037   
   0.3437500000000006     0.2187500000000036   
   0.3437500000000006     0.2312500000000036   
   0.3437500000000006     0.2437500000000035   
   0.3437500000000006     0.2562500000000035   
   0.3437500000000006     0.2687500000000035   
   0.3437500000000007     0.2812500000000034   
   0.3437500000000007     0.2937500000000034   
   0.3437500000000008     0.3062500000000034   
   0.3437500000000008     0.3187500000000033   
   0.3437500000000008     0.3312500000000033   
   0.3562500000000002     0.0062500000000021   
   0.3562500000000002     0.0187500000000041   
   0.3562500000000002     0.0312500000000041   
   0.3562500000000002     0.0437500000000041   
   0.3562500000000002     0.0562500000000040   
   0.3562500000000003     0.0687500000000040   
   0.3562500000000003     0.0812500000000040   
   0.3562500000000003     0.0937500000000039   
   0.3562500000000003     0.1062500000000039   
   0.3562500000000004     0.1187500000000039   
   0.3562500000000003     0.1312500000000038   
   0.3562500000000003     0.1437500000000038   
   0.3562500000000005     0.1562500000000037   
   0.3562500000000005     0.1687500000000037   
   0.3562500000000005     0.1812500000000037   
   0.3562500000000005     0.1937500000000036   
   0.3562500000000006     0.2062500000000036   
   0.3562500000000006     0.2187500000000036   
   0.3562500000000006     0.2312500000000035   
   0.3562500000000006     0.2437500000000035   
   0.3562500000000006     0.2562500000000034   
   0.3562500000000006     0.2687500000000034   
   0.3562500000000006     0.2812500000000034   
   0.3562500000000006     0.2937500000000034   
   0.3562500000000008     0.3062500000000034   
   0.3562500000000008     0.3187500000000033   
   0.3562500000000008     0.3312500000000033   
   0.3687500000000002     0.0062500000000021   
   0.3687500000000002     0.0187500000000041   
   0.3687500000000001     0.0312500000000041   
   0.3687500000000002     0.0437500000000040   
   0.3687500000000003     0.0562500000000040   
   0.3687500000000004     0.0687500000000040   
   0.3687500000000003     0.0812500000000039   
   0.3687500000000003     0.0937500000000039   
   0.3687500000000004     0.1062500000000038   
   0.3687500000000005     0.1187500000000038   
   0.3687500000000004     0.1312500000000038   
   0.3687500000000004     0.1437500000000038   
   0.3687500000000005     0.1562500000000037   
   0.3687500000000005     0.1687500000000037   
   0.3687500000000005     0.1812500000000036   
   0.3687500000000005     0.1937500000000036   
   0.3687500000000006     0.2062500000000036   
   0.3687500000000006     0.2187500000000035   
   0.3687500000000006     0.2312500000000035   
   0.3687500000000007     0.2437500000000035   
   0.3687500000000006     0.2562500000000034   
   0.3687500000000007     0.2687500000000034   
   0.3687500000000007     0.2812500000000034   
   0.3687500000000007     0.2937500000000034   
   0.3687500000000007     0.3062500000000034   
   0.3687500000000008     0.3187500000000032   
   0.3687500000000007     0.3312500000000032   
   0.3812500000000002     0.0062500000000020   
   0.3812500000000002     0.0187500000000041   
   0.3812500000000001     0.0312500000000040   
   0.3812500000000002     0.0437500000000040   
   0.3812500000000003     0.0562500000000040   
   0.3812500000000003     0.0687500000000039   
   0.3812500000000003     0.0812500000000039   
   0.3812500000000003     0.0937500000000039   
   0.3812500000000004     0.1062500000000038   
   0.3812500000000005     0.1187500000000038   
   0.3812500000000004     0.1312500000000038   
   0.3812500000000005     0.1437500000000037   
   0.3812500000000005     0.1562500000000037   
   0.3812500000000005     0.1687500000000036   
   0.3812500000000005     0.1812500000000036   
   0.3812500000000005     0.1937500000000036   
   0.3812500000000005     0.2062500000000035   
   0.3812500000000006     0.2187500000000035   
   0.3812500000000006     0.2312500000000035   
   0.3812500000000007     0.2437500000000035   
   0.3812500000000007     0.2562500000000034   
   0.3812500000000007     0.2687500000000034   
   0.3812500000000007     0.2812500000000034   
   0.3812500000000007     0.2937500000000033   
   0.3812500000000007     0.3062500000000032   
   0.3812500000000008     0.3187500000000032   
   0.3812500000000007     0.3312500000000032   
   0.3812500000000008     0.3437500000000031   
   0.3812500000000008     0.3562500000000032   
   0.3812500000000009     0.3687500000000031   
   0.3937500000000002     0.0062500000000020   
   0.3937500000000002     0.0187500000000040   
   0.3937500000000002     0.0312500000000040   
   0.3937500000000002     0.0437500000000040   
   0.3937500000000003     0.0562500000000039   
   0.3937500000000003     0.0687500000000039   
   0.3937500000000003     0.0812500000000039   
   0.3937500000000004     0.0937500000000038   
   0.3937500000000004     0.1062500000000038   
   0.3937500000000005     0.1187500000000038   
   0.3937500000000005     0.1312500000000038   
   0.3937500000000005     0.1437500000000037   
   0.3937500000000005     0.1562500000000037   
   0.3937500000000005     0.1687500000000036   
   0.3937500000000005     0.1812500000000036   
   0.3937500000000005     0.1937500000000036   
   0.3937500000000006     0.2062500000000035   
   0.3937500000000006     0.2187500000000035   
   0.3937500000000006     0.2312500000000035   
   0.3937500000000006     0.2437500000000035   
   0.3937500000000006     0.2562500000000034   
   0.3937500000000007     0.2687500000000034   
   0.3937500000000007     0.2812500000000033   
   0.3937500000000007     0.2937500000000033   
   0.3937500000000007     0.3062500000000032   
   0.3937500000000007     0.3187500000000032   
   0.3937500000000007     0.3312500000000032   
   0.3937500000000008     0.3437500000000031   
   0.3937500000000009     0.3562500000000032   
   0.3937500000000008     0.3687500000000031   
   0.4062500000000002     0.0062500000000020   
   0.4062500000000002     0.0187500000000040   
   0.4062500000000003     0.0312500000000040   
   0.4062500000000003     0.0437500000000040   
   0.4062500000000003     0.0562500000000039   
   0.4062500000000003     0.0687500000000039   
   0.4062500000000003     0.0812500000000038   
   0.4062500000000003     0.0937500000000038   
   0.4062500000000003     0.1062500000000038   
   0.4062500000000004     0.1187500000000037   
   0.4062500000000004     0.1312500000000037   
   0.4062500000000004     0.1437500000000037   
   0.4062500000000004     0.1562500000000036   
   0.4062500000000005     0.1687500000000036   
   0.4062500000000005     0.1812500000000036   
   0.4062500000000004     0.1937500000000035   
   0.4062500000000006     0.2062500000000035   
   0.4062500000000006     0.2187500000000034   
   0.4062500000000006     0.2312500000000034   
   0.4062500000000006     0.2437500000000034   
   0.4062500000000006     0.2562500000000034   
   0.4062500000000006     0.2687500000000033   
   0.4062500000000007     0.2812500000000033   
   0.4062500000000007     0.2937500000000032   
   0.4062500000000008     0.3062500000000032   
   0.4062500000000008     0.3187500000000032   
   0.4062500000000008     0.3312500000000032   
   0.4062500000000008     0.3437500000000031   
   0.4062500000000008     0.3562500000000031   
   0.4062500000000008     0.3687500000000030   
   0.4062500000000009     0.3812500000000031   
   0.4062500000000009     0.3937500000000030   
   0.4187500000000002     0.0062500000000020   
   0.4187500000000002     0.0187500000000040   
   0.4187500000000002     0.0312500000000039   
   0.4187500000000003     0.0437500000000039   
   0.4187500000000003     0.0562500000000039   
   0.4187500000000003     0.0687500000000038   
   0.4187500000000003     0.0812500000000038   
   0.4187500000000003     0.0937500000000038   
   0.4187500000000003     0.1062500000000037   
   0.4187500000000004     0.1187500000000037   
   0.4187500000000004     0.1312500000000036   
   0.4187500000000004     0.1437500000000037   
   0.4187500000000004     0.1562500000000036   
   0.4187500000000005     0.1687500000000036   
   0.4187500000000006     0.1812500000000035   
   0.4187500000000006     0.1937500000000035   
   0.4187500000000006     0.2062500000000035   
   0.4187500000000006     0.2187500000000034   
   0.4187500000000006     0.2312500000000034   
   0.4187500000000006     0.2437500000000034   
   0.4187500000000006     0.2562500000000034   
   0.4187500000000006     0.2687500000000033   
   0.4187500000000006     0.2812500000000032   
   0.4187500000000007     0.2937500000000032   
   0.4187500000000007     0.3062500000000032   
   0.4187500000000007     0.3187500000000032   
   0.4187500000000007     0.3312500000000032   
   0.4187500000000008     0.3437500000000031   
   0.4187500000000008     0.3562500000000031   
   0.4187500000000010     0.3687500000000030   
   0.4187500000000010     0.3812500000000030   
   0.4187500000000009     0.3937500000000029   
   0.4187500000000008     0.4062500000000029   
   0.4312500000000003     0.0062500000000020   
   0.4312500000000002     0.0187500000000040   
   0.4312500000000003     0.0312500000000039   
   0.4312500000000002     0.0437500000000039   
   0.4312500000000003     0.0562500000000039   
   0.4312500000000003     0.0687500000000038   
   0.4312500000000004     0.0812500000000038   
   0.4312500000000004     0.0937500000000037   
   0.4312500000000004     0.1062500000000037   
   0.4312500000000004     0.1187500000000037   
   0.4312500000000004     0.1312500000000036   
   0.4312500000000005     0.1437500000000036   
   0.4312500000000005     0.1562500000000036   
   0.4312500000000005     0.1687500000000036   
   0.4312500000000006     0.1812500000000035   
   0.4312500000000006     0.1937500000000035   
   0.4312500000000006     0.2062500000000034   
   0.4312500000000006     0.2187500000000034   
   0.4312500000000006     0.2312500000000034   
   0.4312500000000006     0.2437500000000034   
   0.4312500000000006     0.2562500000000033   
   0.4312500000000007     0.2687500000000033   
   0.4312500000000007     0.2812500000000032   
   0.4312500000000007     0.2937500000000032   
   0.4312500000000007     0.3062500000000031   
   0.4312500000000007     0.3187500000000032   
   0.4312500000000007     0.3312500000000032   
   0.4312500000000008     0.3437500000000031   
   0.4312500000000009     0.3562500000000031   
   0.4312500000000009     0.3687500000000030   
   0.4312500000000009     0.3812500000000030   
   0.4312500000000009     0.3937500000000029   
   0.4312500000000009     0.4062500000000029   
   0.4312500000000009     0.4187500000000028   
   0.4312500000000009     0.4312500000000028   
   0.4312500000000010     0.4437500000000028   
   0.4437500000000002     0.0062500000000020   
   0.4437500000000003     0.0187500000000039   
   0.4437500000000003     0.0312500000000039   
   0.4437500000000003     0.0437500000000039   
   0.4437500000000003     0.0562500000000038   
   0.4437500000000003     0.0687500000000038   
   0.4437500000000004     0.0812500000000037   
   0.4437500000000004     0.0937500000000037   
   0.4437500000000004     0.1062500000000037   
   0.4437500000000004     0.1187500000000036   
   0.4437500000000004     0.1312500000000036   
   0.4437500000000005     0.1437500000000036   
   0.4437500000000005     0.1562500000000035   
   0.4437500000000005     0.1687500000000035   
   0.4437500000000005     0.1812500000000035   
   0.4437500000000005     0.1937500000000034   
   0.4437500000000005     0.2062500000000034   
   0.4437500000000006     0.2187500000000034   
   0.4437500000000006     0.2312500000000034   
   0.4437500000000006     0.2437500000000033   
   0.4437500000000006     0.2562500000000033   
   0.4437500000000007     0.2687500000000033   
   0.4437500000000007     0.2812500000000032   
   0.4437500000000007     0.2937500000000032   
   0.4437500000000007     0.3062500000000031   
   0.4437500000000007     0.3187500000000031   
   0.4437500000000008     0.3312500000000031   
   0.4437500000000009     0.3437500000000031   
   0.4437500000000009     0.3562500000000031   
   0.4437500000000008     0.3687500000000030   
   0.4437500000000008     0.3812500000000029   
   0.4437500000000009     0.3937500000000029   
   0.4437500000000009     0.4062500000000028   
   0.4437500000000009     0.4187500000000028   
   0.4437500000000009     0.4312500000000028   
   0.4437500000000009     0.4437500000000028   
   0.4562500000000003     0.0062500000000020   
   0.4562500000000003     0.0187500000000039   
   0.4562500000000003     0.0312500000000039   
   0.4562500000000003     0.0437500000000038   
   0.4562500000000003     0.0562500000000038   
   0.4562500000000004     0.0687500000000038   
   0.4562500000000004     0.0812500000000037   
   0.4562500000000004     0.0937500000000037   
   0.4562500000000004     0.1062500000000036   
   0.4562500000000004     0.1187500000000036   
   0.4562500000000004     0.1312500000000035   
   0.4562500000000004     0.1437500000000035   
   0.4562500000000005     0.1562500000000035   
   0.4562500000000005     0.1687500000000035   
   0.4562500000000005     0.1812500000000035   
   0.4562500000000006     0.1937500000000034   
   0.4562500000000007     0.2062500000000034   
   0.4562500000000006     0.2187500000000033   
   0.4562500000000006     0.2312500000000033   
   0.4562500000000006     0.2437500000000032   
   0.4562500000000006     0.2562500000000032   
   0.4562500000000007     0.2687500000000033   
   0.4562500000000007     0.2812500000000032   
   0.4562500000000007     0.2937500000000032   
   0.4562500000000007     0.3062500000000031   
   0.4562500000000007     0.3187500000000031   
   0.4562500000000007     0.3312500000000030   
   0.4562500000000008     0.3437500000000031   
   0.4562500000000009     0.3562500000000030   
   0.4562500000000009     0.3687500000000030   
   0.4562500000000009     0.3812500000000029   
   0.4562500000000009     0.3937500000000029   
   0.4562500000000009     0.4062500000000028   
   0.4562500000000009     0.4187500000000028   
   0.4562500000000010     0.4312500000000028   
   0.4562500000000010     0.4437500000000028   
   0.4687500000000003     0.0062500000000019   
   0.4687500000000003     0.0187500000000039   
   0.4687500000000003     0.0312500000000038   
   0.4687500000000003     0.0437500000000038   
   0.4687500000000003     0.0562500000000038   
   0.4687500000000003     0.0687500000000037   
   0.4687500000000004     0.0812500000000037   
   0.4687500000000004     0.0937500000000036   
   0.4687500000000004     0.1062500000000036   
   0.4687500000000004     0.1187500000000036   
   0.4687500000000004     0.1312500000000035   
   0.4687500000000004     0.1437500000000035   
   0.4687500000000005     0.1562500000000035   
   0.4687500000000006     0.1687500000000035   
   0.4687500000000006     0.1812500000000034   
   0.4687500000000006     0.1937500000000034   
   0.4687500000000006     0.2062500000000033   
   0.4687500000000006     0.2187500000000033   
   0.4687500000000006     0.2312500000000033   
   0.4687500000000006     0.2437500000000032   
   0.4687500000000006     0.2562500000000032   
   0.4687500000000008     0.2687500000000033   
   0.4687500000000008     0.2812500000000032   
   0.4687500000000008     0.2937500000000032   
   0.4687500000000008     0.3062500000000031   
   0.4687500000000008     0.3187500000000031   
   0.4687500000000008     0.3312500000000030   
   0.4687500000000008     0.3437500000000030   
   0.4687500000000009     0.3562500000000030   
   0.4687500000000009     0.3687500000000029   
   0.4687500000000009     0.3812500000000029   
   0.4687500000000008     0.3937500000000028   
   0.4687500000000008     0.4062500000000028   
   0.4687500000000009     0.4187500000000028   
   0.4687500000000009     0.4312500000000028   
   0.4687500000000010     0.4437500000000028   
   0.4812500000000003     0.0062500000000019   
   0.4812500000000003     0.0187500000000038   
   0.4812500000000003     0.0312500000000038   
   0.4812500000000003     0.0437500000000038   
   0.4812500000000003     0.0562500000000037   
   0.4812500000000003     0.0687500000000037   
   0.4812500000000003     0.0812500000000037   
   0.4812500000000004     0.0937500000000036   
   0.4812500000000005     0.1062500000000036   
   0.4812500000000006     0.1187500000000036   
   0.4812500000000005     0.1312500000000035   
   0.4812500000000004     0.1437500000000035   
   0.4812500000000005     0.1562500000000034   
   0.4812500000000006     0.1687500000000034   
   0.4812500000000005     0.1812500000000034   
   0.4812500000000006     0.1937500000000034   
   0.4812500000000006     0.2062500000000033   
   0.4812500000000006     0.2187500000000033   
   0.4812500000000006     0.2312500000000033   
   0.4812500000000006     0.2437500000000032   
   0.4812500000000006     0.2562500000000032   
   0.4812500000000007     0.2687500000000032   
   0.4812500000000007     0.2812500000000031   
   0.4812500000000007     0.2937500000000032   
   0.4812500000000007     0.3062500000000031   
   0.4812500000000007     0.3187500000000031   
   0.4812500000000007     0.3312500000000030   
   0.4812500000000007     0.3437500000000030   
   0.4812500000000008     0.3562500000000030   
   0.4812500000000008     0.3687500000000029   
   0.4812500000000008     0.3812500000000029   
   0.4812500000000008     0.3937500000000028   
   0.4812500000000008     0.4062500000000028   
   0.4812500000000009     0.4187500000000028   
   0.4812500000000010     0.4312500000000029   
   0.4812500000000010     0.4437500000000028   
   0.4937500000000002     0.0062500000000019   
   0.4937500000000002     0.0187500000000038   
   0.4937500000000002     0.0312500000000038   
   0.4937500000000002     0.0437500000000037   
   0.4937500000000002     0.0562500000000037   
   0.4937500000000004     0.0687500000000037   
   0.4937500000000004     0.0812500000000036   
   0.4937500000000004     0.0937500000000036   
   0.4937500000000004     0.1062500000000036   
   0.4937500000000005     0.1187500000000035   
   0.4937500000000005     0.1312500000000035   
   0.4937500000000005     0.1437500000000035   
   0.4937500000000005     0.1562500000000034   
   0.4937500000000005     0.1687500000000034   
   0.4937500000000005     0.1812500000000034   
   0.4937500000000005     0.1937500000000033   
   0.4937500000000006     0.2062500000000033   
   0.4937500000000007     0.2187500000000033   
   0.4937500000000007     0.2312500000000033   
   0.4937500000000006     0.2437500000000032   
   0.4937500000000006     0.2562500000000032   
   0.4937500000000007     0.2687500000000032   
   0.4937500000000007     0.2812500000000031   
   0.4937500000000007     0.2937500000000031   
   0.4937500000000007     0.3062500000000031   
   0.4937500000000007     0.3187500000000030   
   0.4937500000000007     0.3312500000000030   
   0.4937500000000007     0.3437500000000029   
   0.4937500000000007     0.3562500000000030   
   0.4937500000000008     0.3687500000000029   
   0.4937500000000009     0.3812500000000029   
   0.4937500000000009     0.3937500000000028   
   0.4937500000000009     0.4062500000000028   
   0.4937500000000009     0.4187500000000028   
   0.4937500000000009     0.4312500000000027   
   0.4937500000000009     0.4437500000000028   
   0.4937500000000009     0.4562500000000027   
   0.4937500000000010     0.4687500000000027   
   0.4937500000000010     0.4812500000000026   
   0.5062500000000001     0.0062500000000019   
   0.5062500000000001     0.0187500000000038   
   0.5062500000000001     0.0312500000000037   
   0.5062500000000003     0.0437500000000037   
   0.5062500000000003     0.0562500000000037   
   0.5062500000000003     0.0687500000000036   
   0.5062500000000003     0.0812500000000036   
   0.5062500000000003     0.0937500000000036   
   0.5062500000000004     0.1062500000000035   
   0.5062500000000004     0.1187500000000035   
   0.5062500000000004     0.1312500000000034   
   0.5062500000000004     0.1437500000000034   
   0.5062500000000004     0.1562500000000034   
   0.5062500000000005     0.1687500000000034   
   0.5062500000000005     0.1812500000000034   
   0.5062500000000004     0.1937500000000034   
   0.5062500000000005     0.2062500000000033   
   0.5062500000000005     0.2187500000000032   
   0.5062500000000005     0.2312500000000032   
   0.5062500000000005     0.2437500000000032   
   0.5062500000000005     0.2562500000000032   
   0.5062500000000005     0.2687500000000031   
   0.5062500000000005     0.2812500000000031   
   0.5062500000000005     0.2937500000000031   
   0.5062500000000005     0.3062500000000031   
   0.5062500000000006     0.3187500000000030   
   0.5062500000000008     0.3312500000000029   
   0.5062500000000005     0.3437500000000029   
   0.5062500000000005     0.3562500000000028   
   0.5062500000000008     0.3687500000000029   
   0.5062500000000009     0.3812500000000029   
   0.5062500000000009     0.3937500000000028   
   0.5062500000000009     0.4062500000000027   
   0.5062500000000009     0.4187500000000027   
   0.5062500000000009     0.4312500000000027   
   0.5062500000000009     0.4437500000000028   
   0.5062500000000009     0.4562500000000027   
   0.5062500000000009     0.4687500000000027   
   0.5062500000000009     0.4812500000000026   
   0.5187500000000002     0.0062500000000019   
   0.5187500000000002     0.0187500000000037   
   0.5187500000000003     0.0312500000000037   
   0.5187500000000003     0.0437500000000037   
   0.5187500000000003     0.0562500000000036   
   0.5187500000000003     0.0687500000000036   
   0.5187500000000003     0.0812500000000036   
   0.5187500000000003     0.0937500000000035   
   0.5187500000000003     0.1062500000000035   
   0.5187500000000003     0.1187500000000035   
   0.5187500000000003     0.1312500000000034   
   0.5187500000000003     0.1437500000000034   
   0.5187500000000005     0.1562500000000034   
   0.5187500000000005     0.1687500000000034   
   0.5187500000000005     0.1812500000000033   
   0.5187500000000005     0.1937500000000033   
   0.5187500000000005     0.2062500000000033   
   0.5187500000000005     0.2187500000000032   
   0.5187500000000005     0.2312500000000032   
   0.5187500000000006     0.2437500000000032   
   0.5187500000000006     0.2562500000000031   
   0.5187500000000006     0.2687500000000030   
   0.5187500000000006     0.2812500000000030   
   0.5187500000000006     0.2937500000000030   
   0.5187500000000006     0.3062500000000030   
   0.5187500000000006     0.3187500000000030   
   0.5187500000000006     0.3312500000000029   
   0.5187500000000006     0.3437500000000029   
   0.5187500000000007     0.3562500000000028   
   0.5187500000000007     0.3687500000000029   
   0.5187500000000007     0.3812500000000029   
   0.5187500000000007     0.3937500000000028   
   0.5187500000000007     0.4062500000000027   
   0.5187500000000007     0.4187500000000027   
   0.5187500000000007     0.4312500000000027   
   0.5187500000000007     0.4437500000000027   
   0.5187500000000007     0.4562500000000027   
   0.5187500000000007     0.4687500000000027   
   0.5187500000000007     0.4812500000000026   
   0.5312500000000000     0.0062500000000019   
   0.5312500000000000     0.0187500000000037   
   0.5312500000000001     0.0312500000000037   
   0.5312500000000002     0.0437500000000036   
   0.5312500000000001     0.0562500000000036   
   0.5312500000000003     0.0687500000000036   
   0.5312500000000003     0.0812500000000035   
   0.5312500000000003     0.0937500000000035   
   0.5312500000000002     0.1062500000000035   
   0.5312500000000002     0.1187500000000035   
   0.5312500000000002     0.1312500000000034   
   0.5312500000000003     0.1437500000000034   
   0.5312500000000003     0.1562500000000033   
   0.5312500000000004     0.1687500000000033   
   0.5312500000000004     0.1812500000000032   
   0.5312500000000003     0.1937500000000033   
   0.5312500000000003     0.2062500000000032   
   0.5312500000000003     0.2187500000000032   
   0.5312500000000004     0.2312500000000032   
   0.5312500000000004     0.2437500000000031   
   0.5312500000000004     0.2562500000000031   
   0.5312500000000004     0.2687500000000030   
   0.5312500000000004     0.2812500000000030   
   0.5312500000000004     0.2937500000000030   
   0.5312500000000004     0.3062500000000030   
   0.5312500000000007     0.3187500000000030   
   0.5312500000000007     0.3312500000000029   
   0.5312500000000007     0.3437500000000029   
   0.5312500000000008     0.3562500000000028   
   0.5312500000000007     0.3687500000000028   
   0.5312500000000008     0.3812500000000029   
   0.5312500000000008     0.3937500000000028   
   0.5312500000000008     0.4062500000000027   
   0.5312500000000008     0.4187500000000027   
   0.5312500000000008     0.4312500000000027   
   0.5312500000000008     0.4437500000000026   
   0.5312500000000008     0.4562500000000027   
   0.5312500000000008     0.4687500000000026   
   0.5312500000000008     0.4812500000000026   
   0.5437500000000001     0.0062500000000018   
   0.5437500000000001     0.0187500000000037   
   0.5437500000000002     0.0312500000000036   
   0.5437500000000002     0.0437500000000036   
   0.5437500000000002     0.0562500000000036   
   0.5437500000000002     0.0687500000000035   
   0.5437500000000002     0.0812500000000035   
   0.5437500000000002     0.0937500000000035   
   0.5437500000000002     0.1062500000000034   
   0.5437500000000002     0.1187500000000034   
   0.5437500000000002     0.1312500000000034   
   0.5437500000000002     0.1437500000000033   
   0.5437500000000002     0.1562500000000033   
   0.5437500000000003     0.1687500000000033   
   0.5437500000000004     0.1812500000000032   
   0.5437500000000002     0.1937500000000032   
   0.5437500000000004     0.2062500000000032   
   0.5437500000000004     0.2187500000000032   
   0.5437500000000005     0.2312500000000031   
   0.5437500000000004     0.2437500000000031   
   0.5437500000000004     0.2562500000000031   
   0.5437500000000003     0.2687500000000031   
   0.5437500000000004     0.2812500000000030   
   0.5437500000000005     0.2937500000000030   
   0.5437500000000005     0.3062500000000029   
   0.5437500000000005     0.3187500000000029   
   0.5437500000000005     0.3312500000000029   
   0.5437500000000005     0.3437500000000029   
   0.5437500000000006     0.3562500000000028   
   0.5437500000000006     0.3687500000000027   
   0.5437500000000006     0.3812500000000028   
   0.5437500000000006     0.3937500000000028   
   0.5437500000000006     0.4062500000000028   
   0.5437500000000006     0.4187500000000027   
   0.5437500000000006     0.4312500000000027   
   0.5437500000000006     0.4437500000000026   
   0.5437500000000006     0.4562500000000026   
   0.5437500000000006     0.4687500000000026   
   0.5437500000000006     0.4812500000000026   
   0.5562500000000001     0.0062500000000018   
   0.5562500000000001     0.0187500000000036   
   0.5562500000000000     0.0312500000000036   
   0.5562500000000001     0.0437500000000036   
   0.5562500000000002     0.0562500000000035   
   0.5562500000000002     0.0687500000000035   
   0.5562500000000001     0.0812500000000035   
   0.5562500000000002     0.0937500000000034   
   0.5562500000000001     0.1062500000000034   
   0.5562500000000002     0.1187500000000034   
   0.5562500000000002     0.1312500000000033   
   0.5562500000000002     0.1437500000000033   
   0.5562500000000002     0.1562500000000033   
   0.5562500000000002     0.1687500000000033   
   0.5562500000000002     0.1812500000000032   
   0.5562500000000004     0.1937500000000032   
   0.5562500000000004     0.2062500000000032   
   0.5562500000000004     0.2187500000000032   
   0.5562500000000004     0.2312500000000031   
   0.5562500000000004     0.2437500000000030   
   0.5562500000000004     0.2562500000000030   
   0.5562500000000004     0.2687500000000030   
   0.5562500000000004     0.2812500000000030   
   0.5562500000000004     0.2937500000000030   
   0.5562500000000004     0.3062500000000029   
   0.5562500000000004     0.3187500000000029   
   0.5562500000000006     0.3312500000000029   
   0.5562500000000006     0.3437500000000029   
   0.5562500000000006     0.3562500000000028   
   0.5562500000000006     0.3687500000000028   
   0.5562500000000007     0.3812500000000028   
   0.5562500000000007     0.3937500000000028   
   0.5562500000000007     0.4062500000000027   
   0.5562500000000007     0.4187500000000027   
   0.5562500000000007     0.4312500000000026   
   0.5562500000000007     0.4437500000000026   
   0.5562500000000007     0.4562500000000026   
   0.5562500000000007     0.4687500000000026   
   0.5562500000000007     0.4812500000000025   
   0.5687500000000000     0.0062500000000018   
   0.5687500000000000     0.0187500000000036   
   0.5687500000000001     0.0312500000000036   
   0.5687500000000001     0.0437500000000035   
   0.5687500000000000     0.0562500000000035   
   0.5687500000000001     0.0687500000000035   
   0.5687500000000001     0.0812500000000034   
   0.5687500000000001     0.0937500000000034   
   0.5687500000000001     0.1062500000000034   
   0.5687500000000001     0.1187500000000034   
   0.5687500000000001     0.1312500000000033   
   0.5687500000000003     0.1437500000000033   
   0.5687500000000002     0.1562500000000033   
   0.5687500000000001     0.1687500000000033   
   0.5687500000000003     0.1812500000000032   
   0.5687500000000003     0.1937500000000032   
   0.5687500000000004     0.2062500000000032   
   0.5687500000000003     0.2187500000000031   
   0.5687500000000003     0.2312500000000031   
   0.5687500000000003     0.2437500000000030   
   0.5687500000000004     0.2562500000000030   
   0.5687500000000003     0.2687500000000030   
   0.5687500000000004     0.2812500000000030   
   0.5687500000000004     0.2937500000000030   
   0.5687500000000004     0.3062500000000029   
   0.5687500000000005     0.3187500000000029   
   0.5687500000000005     0.3312500000000029   
   0.5687500000000005     0.3437500000000028   
   0.5687500000000005     0.3562500000000028   
   0.5687500000000005     0.3687500000000027   
   0.5687500000000005     0.3812500000000028   
   0.5687500000000005     0.3937500000000027   
   0.5687500000000005     0.4062500000000027   
   0.5687500000000005     0.4187500000000027   
   0.5687500000000008     0.4312500000000026   
   0.5687500000000006     0.4437500000000026   
   0.5687500000000005     0.4562500000000025   
   0.5687500000000005     0.4687500000000026   
   0.5687500000000005     0.4812500000000025   
   0.5812499999999998     0.0062500000000018   
   0.5812499999999999     0.0187500000000036   
   0.5812500000000000     0.0312500000000036   
   0.5812500000000000     0.0437500000000035   
   0.5812500000000000     0.0562500000000035   
   0.5812500000000000     0.0687500000000035   
   0.5812500000000000     0.0812500000000034   
   0.5812500000000002     0.0937500000000034   
   0.5812500000000000     0.1062500000000033   
   0.5812500000000002     0.1187500000000033   
   0.5812500000000000     0.1312500000000033   
   0.5812500000000002     0.1437500000000033   
   0.5812500000000003     0.1562500000000032   
   0.5812500000000002     0.1687500000000032   
   0.5812500000000003     0.1812500000000031   
   0.5812500000000003     0.1937500000000031   
   0.5812500000000003     0.2062500000000031   
   0.5812500000000003     0.2187500000000031   
   0.5812500000000003     0.2312500000000031   
   0.5812500000000003     0.2437500000000030   
   0.5812500000000003     0.2562500000000030   
   0.5812500000000003     0.2687500000000029   
   0.5812500000000004     0.2812500000000030   
   0.5812500000000005     0.2937500000000030   
   0.5812500000000005     0.3062500000000029   
   0.5812500000000005     0.3187500000000029   
   0.5812500000000005     0.3312500000000028   
   0.5812500000000005     0.3437500000000028   
   0.5812500000000005     0.3562500000000028   
   0.5812500000000005     0.3687500000000027   
   0.5812500000000005     0.3812500000000027   
   0.5812500000000006     0.3937500000000027   
   0.5812500000000006     0.4062500000000027   
   0.5812500000000006     0.4187500000000027   
   0.5812500000000006     0.4312500000000026   
   0.5812500000000006     0.4437500000000025   
   0.5812500000000006     0.4562500000000025   
   0.5812500000000006     0.4687500000000026   
   0.5812500000000006     0.4812500000000025   
   0.5937499999999998     0.0062500000000018   
   0.5937499999999999     0.0187500000000035   
   0.5937500000000000     0.0312500000000035   
   0.5937500000000000     0.0437500000000035   
   0.5937500000000000     0.0562500000000035   
   0.5937500000000000     0.0687500000000034   
   0.5937500000000000     0.0812500000000034   
   0.5937500000000000     0.0937500000000034   
   0.5937500000000000     0.1062500000000033   
   0.5937500000000000     0.1187500000000033   
   0.5937500000000000     0.1312500000000033   
   0.5937500000000001     0.1437500000000032   
   0.5937500000000002     0.1562500000000032   
   0.5937500000000001     0.1687500000000032   
   0.5937500000000002     0.1812500000000031   
   0.5937500000000002     0.1937500000000031   
   0.5937500000000002     0.2062500000000031   
   0.5937500000000002     0.2187500000000031   
   0.5937500000000002     0.2312500000000031   
   0.5937500000000002     0.2437500000000030   
   0.5937500000000002     0.2562500000000030   
   0.5937500000000003     0.2687500000000029   
   0.5937500000000003     0.2812500000000029   
   0.5937500000000003     0.2937500000000030   
   0.5937500000000003     0.3062500000000029   
   0.5937500000000003     0.3187500000000029   
   0.5937500000000004     0.3312500000000028   
   0.5937500000000004     0.3437500000000028   
   0.5937500000000004     0.3562500000000027   
   0.5937500000000004     0.3687500000000027   
   0.5937500000000004     0.3812500000000026   
   0.5937500000000004     0.3937500000000027   
   0.5937500000000004     0.4062500000000027   
   0.5937500000000004     0.4187500000000027   
   0.5937500000000004     0.4312500000000026   
   0.5937500000000004     0.4437500000000025   
   0.5937500000000004     0.4562500000000025   
   0.5937500000000004     0.4687500000000026   
   0.5937500000000007     0.4812500000000025   
   0.6062499999999997     0.0062500000000018   
   0.6062499999999997     0.0187500000000035   
   0.6062499999999998     0.0312500000000035   
   0.6062500000000000     0.0437500000000035   
   0.6062500000000000     0.0562500000000034   
   0.6062500000000001     0.0687500000000034   
   0.6062500000000000     0.0812500000000034   
   0.6062500000000000     0.0937500000000033   
   0.6062500000000001     0.1062500000000033   
   0.6062500000000001     0.1187500000000032   
   0.6062500000000002     0.1312500000000032   
   0.6062500000000002     0.1437500000000032   
   0.6062500000000001     0.1562500000000032   
   0.6062500000000001     0.1687500000000031   
   0.6062500000000001     0.1812500000000031   
   0.6062500000000001     0.1937500000000031   
   0.6062500000000002     0.2062500000000030   
   0.6062500000000002     0.2187500000000030   
   0.6062500000000002     0.2312500000000030   
   0.6062500000000001     0.2437500000000030   
   0.6062500000000002     0.2562500000000030   
   0.6062500000000002     0.2687500000000029   
   0.6062500000000002     0.2812500000000029   
   0.6062500000000002     0.2937500000000028   
   0.6062500000000002     0.3062500000000029   
   0.6062500000000004     0.3187500000000028   
   0.6062500000000004     0.3312500000000027   
   0.6062500000000004     0.3437500000000028   
   0.6062500000000005     0.3562500000000027   
   0.6062500000000005     0.3687500000000027   
   0.6062500000000004     0.3812500000000026   
   0.6062500000000004     0.3937500000000026   
   0.6062500000000005     0.4062500000000027   
   0.6062500000000005     0.4187500000000026   
   0.6062500000000005     0.4312500000000026   
   0.6062500000000005     0.4437500000000025   
   0.6062500000000005     0.4562500000000025   
   0.6062500000000005     0.4687500000000025   
   0.6062500000000005     0.4812500000000025   
   0.6187499999999999     0.0062500000000017   
   0.6187499999999999     0.0187500000000035   
   0.6187499999999999     0.0312500000000035   
   0.6187499999999999     0.0437500000000034   
   0.6187499999999999     0.0562500000000034   
   0.6187499999999999     0.0687500000000034   
   0.6187499999999999     0.0812500000000033   
   0.6187499999999999     0.0937500000000033   
   0.6187499999999999     0.1062500000000033   
   0.6187499999999999     0.1187500000000032   
   0.6187500000000000     0.1312500000000032   
   0.6187500000000001     0.1437500000000032   
   0.6187499999999999     0.1562500000000032   
   0.6187499999999999     0.1687500000000031   
   0.6187499999999999     0.1812500000000031   
   0.6187499999999999     0.1937500000000031   
   0.6187500000000000     0.2062500000000030   
   0.6187500000000002     0.2187500000000030   
   0.6187500000000001     0.2312500000000030   
   0.6187500000000001     0.2437500000000030   
   0.6187500000000002     0.2562500000000029   
   0.6187500000000002     0.2687500000000029   
   0.6187500000000002     0.2812500000000029   
   0.6187500000000002     0.2937500000000028   
   0.6187500000000002     0.3062500000000028   
   0.6187500000000002     0.3187500000000028   
   0.6187500000000002     0.3312500000000027   
   0.6187500000000002     0.3437500000000027   
   0.6187500000000004     0.3562500000000027   
   0.6187500000000004     0.3687500000000027   
   0.6187500000000002     0.3812500000000026   
   0.6187500000000002     0.3937500000000027   
   0.6187500000000004     0.4062500000000026   
   0.6187500000000004     0.4187500000000026   
   0.6187500000000004     0.4312500000000026   
   0.6187500000000004     0.4437500000000025   
   0.6187500000000004     0.4562500000000024   
   0.6187500000000004     0.4687500000000024   
   0.6187500000000006     0.4812500000000024   
   0.6312499999999998     0.0062500000000017   
   0.6312499999999998     0.0187500000000035   
   0.6312499999999999     0.0312500000000034   
   0.6312499999999999     0.0437500000000034   
   0.6312500000000000     0.0562500000000034   
   0.6312500000000000     0.0687500000000033   
   0.6312500000000000     0.0812500000000033   
   0.6312500000000000     0.0937500000000033   
   0.6312500000000000     0.1062500000000032   
   0.6312499999999999     0.1187500000000032   
   0.6312500000000000     0.1312500000000032   
   0.6312500000000000     0.1437500000000032   
   0.6312500000000000     0.1562500000000031   
   0.6312500000000001     0.1687500000000031   
   0.6312500000000001     0.1812500000000030   
   0.6312500000000001     0.1937500000000030   
   0.6312500000000001     0.2062500000000030   
   0.6312500000000000     0.2187500000000030   
   0.6312500000000001     0.2312500000000030   
   0.6312500000000001     0.2437500000000029   
   0.6312500000000001     0.2562500000000029   
   0.6312500000000001     0.2687500000000029   
   0.6312500000000001     0.2812500000000028   
   0.6312500000000001     0.2937500000000028   
   0.6312500000000001     0.3062500000000028   
   0.6312500000000001     0.3187500000000028   
   0.6312500000000003     0.3312500000000027   
   0.6312500000000003     0.3437500000000027   
   0.6312500000000003     0.3562500000000026   
   0.6312500000000003     0.3687500000000026   
   0.6312500000000003     0.3812500000000026   
   0.6312500000000003     0.3937500000000026   
   0.6312500000000003     0.4062500000000026   
   0.6312500000000004     0.4187500000000025   
   0.6312500000000005     0.4312500000000026   
   0.6312500000000005     0.4437500000000026   
   0.6312500000000004     0.4562500000000024   
   0.6312500000000004     0.4687500000000024   
   0.6312500000000004     0.4812500000000024   
   0.6437499999999996     0.0062500000000017   
   0.6437499999999996     0.0187500000000034   
   0.6437499999999997     0.0312500000000034   
   0.6437499999999998     0.0437500000000034   
   0.6437499999999997     0.0562500000000033   
   0.6437499999999998     0.0687500000000033   
   0.6437499999999998     0.0812500000000033   
   0.6437499999999998     0.0937500000000032   
   0.6437499999999998     0.1062500000000032   
   0.6437499999999999     0.1187500000000032   
   0.6437499999999998     0.1312500000000032   
   0.6437499999999998     0.1437500000000031   
   0.6437500000000000     0.1562500000000031   
   0.6437500000000000     0.1687500000000031   
   0.6437500000000000     0.1812500000000030   
   0.6437500000000000     0.1937500000000030   
   0.6437500000000000     0.2062500000000030   
   0.6437499999999998     0.2187500000000030   
   0.6437500000000000     0.2312500000000029   
   0.6437500000000000     0.2437500000000029   
   0.6437500000000000     0.2562500000000029   
   0.6437500000000002     0.2687500000000028   
   0.6437500000000003     0.2812500000000028   
   0.6437500000000003     0.2937500000000027   
   0.6437500000000002     0.3062500000000027   
   0.6437500000000003     0.3187500000000028   
   0.6437500000000003     0.3312500000000027   
   0.6437500000000003     0.3437500000000027   
   0.6437500000000003     0.3562500000000026   
   0.6437500000000003     0.3687500000000027   
   0.6437500000000003     0.3812500000000026   
   0.6437500000000003     0.3937500000000025   
   0.6437500000000003     0.4062500000000025   
   0.6437500000000003     0.4187500000000025   
   0.6437500000000004     0.4312500000000026   
   0.6437500000000005     0.4437500000000025   
   0.6437500000000005     0.4562500000000024   
   0.6437500000000003     0.4687500000000024   
   0.6437500000000005     0.4812500000000024   
   0.6562499999999996     0.0062500000000017   
   0.6562499999999997     0.0187500000000034   
   0.6562499999999998     0.0312500000000034   
   0.6562499999999998     0.0437500000000033   
   0.6562499999999998     0.0562500000000033   
   0.6562499999999998     0.0687500000000033   
   0.6562499999999999     0.0812500000000033   
   0.6562499999999998     0.0937500000000032   
   0.6562499999999999     0.1062500000000032   
   0.6562499999999999     0.1187500000000032   
   0.6562499999999999     0.1312500000000031   
   0.6562499999999999     0.1437500000000031   
   0.6562499999999999     0.1562500000000031   
   0.6562499999999999     0.1687500000000030   
   0.6562500000000000     0.1812500000000030   
   0.6562500000000000     0.1937500000000030   
   0.6562500000000000     0.2062500000000030   
   0.6562500000000000     0.2187500000000029   
   0.6562500000000000     0.2312500000000028   
   0.6562500000000000     0.2437500000000029   
   0.6562500000000000     0.2562500000000029   
   0.6562500000000000     0.2687500000000028   
   0.6562500000000001     0.2812500000000028   
   0.6562500000000002     0.2937500000000027   
   0.6562500000000000     0.3062500000000027   
   0.6562500000000002     0.3187500000000027   
   0.6562500000000002     0.3312500000000027   
   0.6562500000000002     0.3437500000000027   
   0.6562500000000002     0.3562500000000026   
   0.6562500000000003     0.3687500000000026   
   0.6562500000000002     0.3812500000000026   
   0.6562500000000002     0.3937500000000026   
   0.6562500000000003     0.4062500000000026   
   0.6562500000000002     0.4187500000000025   
   0.6562500000000003     0.4312500000000025   
   0.6562500000000003     0.4437500000000025   
   0.6562500000000003     0.4562500000000025   
   0.6562500000000003     0.4687500000000024   
   0.6562500000000003     0.4812500000000024   
   0.6687499999999996     0.0062500000000017   
   0.6687499999999996     0.0187500000000034   
   0.6687499999999997     0.0312500000000033   
   0.6687499999999997     0.0437500000000033   
   0.6687499999999997     0.0562500000000033   
   0.6687499999999997     0.0687500000000032   
   0.6687499999999997     0.0812500000000032   
   0.6687499999999997     0.0937500000000032   
   0.6687499999999997     0.1062500000000031   
   0.6687499999999997     0.1187500000000031   
   0.6687499999999997     0.1312500000000031   
   0.6687499999999997     0.1437500000000030   
   0.6687499999999997     0.1562500000000031   
   0.6687499999999997     0.1687500000000030   
   0.6687499999999998     0.1812500000000030   
   0.6687500000000001     0.1937500000000030   
   0.6687500000000001     0.2062500000000029   
   0.6687500000000000     0.2187500000000028   
   0.6687500000000000     0.2312500000000028   
   0.6687500000000000     0.2437500000000029   
   0.6687500000000000     0.2562500000000028   
   0.6687500000000001     0.2687500000000028   
   0.6687500000000001     0.2812500000000028   
   0.6687500000000001     0.2937500000000027   
   0.6687500000000002     0.3062500000000027   
   0.6687500000000001     0.3187500000000026   
   0.6687500000000002     0.3312500000000027   
   0.6687500000000002     0.3437500000000027   
   0.6687500000000001     0.3562500000000026   
   0.6687500000000002     0.3687500000000026   
   0.6687500000000002     0.3812500000000026   
   0.6687500000000002     0.3937500000000027   
   0.6687500000000002     0.4062500000000026   
   0.6687500000000002     0.4187500000000026   
   0.6687500000000002     0.4312500000000025   
   0.6687500000000002     0.4437500000000024   
   0.6687500000000002     0.4562500000000025   
   0.6687500000000002     0.4687500000000024   
   0.6687500000000004     0.4812500000000024   
   0.6812499999999997     0.0062500000000017   
   0.6812499999999997     0.0187500000000033   
   0.6812499999999997     0.0312500000000033   
   0.6812499999999997     0.0437500000000033   
   0.6812499999999998     0.0562500000000032   
   0.6812499999999998     0.0687500000000032   
   0.6812499999999997     0.0812500000000032   
   0.6812499999999997     0.0937500000000031   
   0.6812499999999998     0.1062500000000031   
   0.6812499999999998     0.1187500000000031   
   0.6812499999999998     0.1312500000000031   
   0.6812499999999998     0.1437500000000030   
   0.6812499999999998     0.1562500000000030   
   0.6812499999999999     0.1687500000000030   
   0.6812499999999999     0.1812500000000029   
   0.6812499999999999     0.1937500000000029   
   0.6812499999999998     0.2062500000000029   
   0.6812499999999999     0.2187500000000029   
   0.6812499999999999     0.2312500000000028   
   0.6812499999999999     0.2437500000000028   
   0.6812499999999999     0.2562500000000028   
   0.6812499999999999     0.2687500000000028   
   0.6812500000000000     0.2812500000000028   
   0.6812500000000001     0.2937500000000027   
   0.6812500000000001     0.3062500000000026   
   0.6812499999999999     0.3187500000000026   
   0.6812500000000000     0.3312500000000027   
   0.6812500000000002     0.3437500000000026   
   0.6812500000000001     0.3562500000000026   
   0.6812500000000002     0.3687500000000026   
   0.6812500000000002     0.3812500000000026   
   0.6812500000000002     0.3937500000000026   
   0.6812500000000002     0.4062500000000026   
   0.6812500000000002     0.4187500000000025   
   0.6812500000000002     0.4312500000000025   
   0.6812500000000002     0.4437500000000024   
   0.6812500000000002     0.4562500000000024   
   0.6812500000000004     0.4687500000000024   
   0.6812500000000002     0.4812500000000023   
   0.6937499999999995     0.0062500000000017   
   0.6937499999999995     0.0187500000000033   
   0.6937499999999995     0.0312500000000033   
   0.6937499999999996     0.0437500000000032   
   0.6937499999999996     0.0562500000000032   
   0.6937499999999996     0.0687500000000032   
   0.6937499999999996     0.0812500000000031   
   0.6937499999999996     0.0937500000000031   
   0.6937499999999996     0.1062500000000031   
   0.6937499999999996     0.1187500000000030   
   0.6937499999999996     0.1312500000000030   
   0.6937499999999996     0.1437500000000030   
   0.6937499999999996     0.1562500000000030   
   0.6937499999999998     0.1687500000000029   
   0.6937499999999999     0.1812500000000029   
   0.6937499999999999     0.1937500000000029   
   0.6937499999999996     0.2062500000000029   
   0.6937499999999999     0.2187500000000029   
   0.6937500000000000     0.2312500000000028   
   0.6937500000000000     0.2437500000000028   
   0.6937499999999999     0.2562500000000028   
   0.6937500000000000     0.2687500000000027   
   0.6937500000000000     0.2812500000000028   
   0.6937500000000000     0.2937500000000027   
   0.6937500000000000     0.3062500000000027   
   0.6937500000000000     0.3187500000000026   
   0.6937500000000000     0.3312500000000026   
   0.6937500000000000     0.3437500000000026   
   0.6937500000000001     0.3562500000000026   
   0.6937500000000000     0.3687500000000025   
   0.6937500000000001     0.3812500000000025   
   0.6937500000000001     0.3937500000000025   
   0.6937500000000001     0.4062500000000026   
   0.6937500000000001     0.4187500000000024   
   0.6937500000000003     0.4312500000000024   
   0.6937500000000003     0.4437500000000024   
   0.6937500000000004     0.4562500000000024   
   0.6937500000000004     0.4687500000000023   
   0.6937500000000003     0.4812500000000023   
   0.7062499999999994     0.0062500000000016   
   0.7062499999999994     0.0187500000000033   
   0.7062499999999995     0.0312500000000032   
   0.7062499999999996     0.0437500000000032   
   0.7062499999999996     0.0562500000000032   
   0.7062499999999997     0.0687500000000031   
   0.7062499999999997     0.0812500000000031   
   0.7062499999999997     0.0937500000000031   
   0.7062499999999997     0.1062500000000030   
   0.7062499999999998     0.1187500000000030   
   0.7062499999999997     0.1312500000000030   
   0.7062499999999996     0.1437500000000030   
   0.7062499999999997     0.1562500000000029   
   0.7062499999999996     0.1687500000000029   
   0.7062499999999997     0.1812500000000029   
   0.7062499999999997     0.1937500000000029   
   0.7062499999999998     0.2062500000000029   
   0.7062499999999998     0.2187500000000029   
   0.7062499999999998     0.2312500000000028   
   0.7062499999999998     0.2437500000000028   
   0.7062499999999998     0.2562500000000028   
   0.7062499999999998     0.2687500000000027   
   0.7062499999999998     0.2812500000000027   
   0.7062499999999998     0.2937500000000027   
   0.7062499999999998     0.3062500000000027   
   0.7062499999999998     0.3187500000000026   
   0.7062500000000000     0.3312500000000026   
   0.7062500000000000     0.3437500000000026   
   0.7062500000000000     0.3562500000000026   
   0.7062500000000000     0.3687500000000025   
   0.7062500000000002     0.3812500000000025   
   0.7062500000000000     0.3937500000000025   
   0.7062500000000000     0.4062500000000025   
   0.7062500000000002     0.4187500000000024   
   0.7062500000000002     0.4312500000000024   
   0.7062500000000003     0.4437500000000023   
   0.7062500000000003     0.4562500000000024   
   0.7062500000000003     0.4687500000000023   
   0.7062500000000003     0.4812500000000023   
   0.7187499999999993     0.0062500000000016   
   0.7187499999999994     0.0187500000000032   
   0.7187499999999994     0.0312500000000032   
   0.7187499999999996     0.0437500000000032   
   0.7187499999999996     0.0562500000000031   
   0.7187499999999996     0.0687500000000031   
   0.7187499999999996     0.0812500000000031   
   0.7187499999999996     0.0937500000000030   
   0.7187499999999997     0.1062500000000030   
   0.7187499999999998     0.1187500000000030   
   0.7187499999999996     0.1312500000000030   
   0.7187499999999996     0.1437500000000030   
   0.7187499999999996     0.1562500000000029   
   0.7187499999999998     0.1687500000000029   
   0.7187499999999998     0.1812500000000029   
   0.7187499999999997     0.1937500000000028   
   0.7187499999999998     0.2062500000000029   
   0.7187499999999999     0.2187500000000028   
   0.7187499999999999     0.2312500000000027   
   0.7187499999999999     0.2437500000000027   
   0.7187499999999999     0.2562500000000028   
   0.7187499999999999     0.2687500000000027   
   0.7187499999999999     0.2812500000000027   
   0.7187499999999999     0.2937500000000026   
   0.7187499999999999     0.3062500000000027   
   0.7187499999999999     0.3187500000000025   
   0.7187500000000000     0.3312500000000025   
   0.7187500000000000     0.3437500000000026   
   0.7187500000000000     0.3562500000000025   
   0.7187500000000000     0.3687500000000025   
   0.7187500000000000     0.3812500000000024   
   0.7187500000000000     0.3937500000000025   
   0.7187499999999999     0.4062500000000024   
   0.7187500000000000     0.4187500000000025   
   0.7187500000000000     0.4312500000000024   
   0.7187500000000000     0.4437500000000024   
   0.7187500000000000     0.4562500000000023   
   0.7187500000000002     0.4687500000000022   
   0.7187500000000003     0.4812500000000023   
   0.7312499999999993     0.0062500000000016   
   0.7312499999999993     0.0187500000000032   
   0.7312499999999993     0.0312500000000032   
   0.7312499999999995     0.0437500000000032   
   0.7312499999999995     0.0562500000000031   
   0.7312499999999995     0.0687500000000031   
   0.7312499999999996     0.0812500000000031   
   0.7312499999999996     0.0937500000000030   
   0.7312499999999996     0.1062500000000030   
   0.7312499999999995     0.1187500000000030   
   0.7312499999999996     0.1312500000000029   
   0.7312499999999995     0.1437500000000029   
   0.7312499999999995     0.1562500000000029   
   0.7312499999999996     0.1687500000000028   
   0.7312499999999996     0.1812500000000028   
   0.7312499999999997     0.1937500000000028   
   0.7312499999999997     0.2062500000000028   
   0.7312499999999997     0.2187500000000027   
   0.7312499999999998     0.2312500000000027   
   0.7312499999999997     0.2437500000000027   
   0.7312499999999997     0.2562500000000027   
   0.7312499999999997     0.2687500000000027   
   0.7312499999999997     0.2812500000000027   
   0.7312499999999997     0.2937500000000026   
   0.7312499999999997     0.3062500000000026   
   0.7312500000000000     0.3187500000000025   
   0.7312500000000000     0.3312500000000025   
   0.7312500000000000     0.3437500000000025   
   0.7312500000000001     0.3562500000000025   
   0.7312500000000001     0.3687500000000025   
   0.7312500000000001     0.3812500000000024   
   0.7312500000000001     0.3937500000000025   
   0.7312500000000001     0.4062500000000024   
   0.7312500000000001     0.4187500000000024   
   0.7312500000000001     0.4312500000000024   
   0.7312500000000001     0.4437500000000023   
   0.7312500000000001     0.4562500000000023   
   0.7312500000000001     0.4687500000000023   
   0.7312500000000002     0.4812500000000022   
   0.7437499999999994     0.0062500000000016   
   0.7437499999999995     0.0187500000000032   
   0.7437499999999994     0.0312500000000031   
   0.7437499999999994     0.0437500000000031   
   0.7437499999999994     0.0562500000000031   
   0.7437499999999995     0.0687500000000031   
   0.7437499999999995     0.0812500000000030   
   0.7437499999999995     0.0937500000000030   
   0.7437499999999995     0.1062500000000030   
   0.7437499999999995     0.1187500000000029   
   0.7437499999999996     0.1312500000000029   
   0.7437499999999995     0.1437500000000029   
   0.7437499999999995     0.1562500000000029   
   0.7437499999999995     0.1687500000000028   
   0.7437499999999997     0.1812500000000028   
   0.7437499999999997     0.1937500000000028   
   0.7437499999999998     0.2062500000000028   
   0.7437499999999998     0.2187500000000027   
   0.7437499999999998     0.2312500000000027   
   0.7437499999999997     0.2437500000000027   
   0.7437499999999998     0.2562500000000026   
   0.7437499999999998     0.2687500000000026   
   0.7437499999999998     0.2812500000000026   
   0.7437499999999998     0.2937500000000026   
   0.7437499999999998     0.3062500000000026   
   0.7437499999999999     0.3187500000000026   
   0.7437499999999999     0.3312500000000025   
   0.7437499999999999     0.3437500000000024   
   0.7437499999999999     0.3562500000000025   
   0.7437499999999999     0.3687500000000025   
   0.7437499999999999     0.3812500000000024   
   0.7437499999999999     0.3937500000000024   
   0.7437499999999999     0.4062500000000024   
   0.7437499999999999     0.4187500000000024   
   0.7437499999999999     0.4312500000000024   
   0.7437499999999999     0.4437500000000023   
   0.7437499999999999     0.4562500000000023   
   0.7437499999999999     0.4687500000000023   
   0.7437499999999999     0.4812500000000022   
