   0.3062500000000029     1.4437499999999996   
   0.3062500000000029     1.4562499999999994   
   0.3062500000000029     1.4687499999999996   
   0.3062500000000030     1.4812499999999993   
   0.3062500000000030     1.4937499999999992   
   0.3062500000000031     1.5062499999999992   
   0.3062500000000031     1.5187499999999994   
   0.3062500000000031     1.5312499999999991   
   0.3062500000000031     1.5437499999999993   
   0.3062500000000031     1.5562499999999992   
   0.3062500000000031     1.5687499999999992   
   0.3062500000000032     1.5812499999999992   
   0.3062500000000032     1.5937499999999993   
   0.3187500000000030     1.4437499999999996   
   0.3187500000000030     1.4562499999999994   
   0.3187500000000030     1.4687499999999993   
   0.3187500000000030     1.4812499999999993   
   0.3187500000000030     1.4937499999999990   
   0.3187500000000030     1.5062499999999992   
   0.3187500000000030     1.5187499999999994   
   0.3187500000000030     1.5312499999999991   
   0.3187500000000031     1.5437499999999993   
   0.3187500000000031     1.5562499999999992   
   0.3187500000000031     1.5687499999999992   
   0.3187500000000032     1.5812499999999989   
   0.3187500000000032     1.5937499999999991   
   0.3312500000000028     1.4312499999999997   
   0.3312500000000029     1.4437499999999996   
   0.3312500000000029     1.4562499999999996   
   0.3312500000000029     1.4687499999999996   
   0.3312500000000029     1.4812499999999995   
   0.3312500000000029     1.4937499999999995   
   0.3312500000000030     1.5062499999999992   
   0.3312500000000030     1.5187499999999994   
   0.3312500000000030     1.5312499999999991   
   0.3312500000000031     1.5437499999999991   
   0.3312500000000031     1.5562499999999992   
   0.3312500000000031     1.5687499999999992   
   0.3312500000000032     1.5812499999999989   
   0.3312500000000032     1.5937499999999991   
   0.3437500000000028     1.4062499999999996   
   0.3437500000000028     1.4187499999999993   
   0.3437500000000028     1.4312499999999995   
   0.3437500000000028     1.4437499999999994   
   0.3437500000000029     1.4562499999999994   
   0.3437500000000029     1.4687499999999993   
   0.3437500000000029     1.4812499999999993   
   0.3437500000000029     1.4937499999999992   
   0.3437500000000029     1.5062499999999992   
   0.3437500000000030     1.5187499999999989   
   0.3437500000000031     1.5312499999999991   
   0.3437500000000031     1.5437499999999993   
   0.3437500000000031     1.5562499999999990   
   0.3437500000000031     1.5687499999999992   
   0.3437500000000031     1.5812499999999989   
   0.3437500000000031     1.5937499999999991   
   0.3562500000000027     1.4062499999999996   
   0.3562500000000027     1.4187499999999995   
   0.3562500000000028     1.4312499999999995   
   0.3562500000000028     1.4437499999999994   
   0.3562500000000028     1.4562499999999994   
   0.3562500000000028     1.4687499999999993   
   0.3562500000000028     1.4812499999999993   
   0.3562500000000028     1.4937499999999992   
   0.3562500000000029     1.5062499999999992   
   0.3562500000000030     1.5187499999999989   
   0.3562500000000030     1.5312499999999991   
   0.3562500000000031     1.5437499999999993   
   0.3562500000000031     1.5562499999999992   
   0.3562500000000031     1.5687499999999992   
   0.3562500000000031     1.5812499999999989   
   0.3562500000000031     1.5937499999999993   
   0.3562500000000032     1.6062499999999993   
   0.3562500000000032     1.6187499999999992   
   0.3687500000000027     1.4062499999999996   
   0.3687500000000027     1.4187499999999997   
   0.3687500000000027     1.4312499999999995   
   0.3687500000000027     1.4437499999999996   
   0.3687500000000028     1.4562499999999994   
   0.3687500000000028     1.4687499999999996   
   0.3687500000000029     1.4812499999999993   
   0.3687500000000029     1.4937499999999992   
   0.3687500000000029     1.5062499999999992   
   0.3687500000000029     1.5187499999999992   
   0.3687500000000029     1.5312499999999991   
   0.3687500000000030     1.5437499999999993   
   0.3687500000000030     1.5562499999999990   
   0.3687500000000030     1.5687499999999992   
   0.3687500000000030     1.5812499999999989   
   0.3687500000000031     1.5937499999999991   
   0.3687500000000031     1.6062499999999993   
   0.3687500000000031     1.6187499999999990   
   0.3687500000000031     1.6312499999999992   
   0.3687500000000031     1.6437499999999989   
   0.3687500000000031     1.6562499999999991   
   0.3687500000000032     1.6687499999999991   
   0.3812500000000027     1.4062499999999996   
   0.3812500000000027     1.4187499999999997   
   0.3812500000000027     1.4312499999999995   
   0.3812500000000028     1.4437499999999996   
   0.3812500000000028     1.4562499999999992   
   0.3812500000000029     1.4687499999999991   
   0.3812500000000029     1.4812499999999993   
   0.3812500000000029     1.4937499999999990   
   0.3812500000000029     1.5062499999999992   
   0.3812500000000029     1.5187499999999989   
   0.3812500000000029     1.5312499999999991   
   0.3812500000000029     1.5437499999999991   
   0.3812500000000030     1.5562499999999992   
   0.3812500000000030     1.5687499999999992   
   0.3812500000000030     1.5812499999999989   
   0.3812500000000031     1.5937499999999991   
   0.3812500000000031     1.6062499999999993   
   0.3812500000000031     1.6187499999999992   
   0.3812500000000031     1.6312499999999992   
   0.3812500000000031     1.6437499999999989   
   0.3812500000000031     1.6562499999999989   
   0.3812500000000031     1.6687499999999991   
   0.3937500000000027     1.4062499999999996   
   0.3937500000000027     1.4187499999999997   
   0.3937500000000027     1.4312499999999992   
   0.3937500000000027     1.4437499999999994   
   0.3937500000000028     1.4562499999999994   
   0.3937500000000028     1.4687499999999993   
   0.3937500000000028     1.4812499999999991   
   0.3937500000000028     1.4937499999999992   
   0.3937500000000028     1.5062499999999990   
   0.3937500000000028     1.5187499999999992   
   0.3937500000000028     1.5312499999999989   
   0.3937500000000029     1.5437499999999988   
   0.3937500000000029     1.5562499999999990   
   0.3937500000000029     1.5687499999999990   
   0.3937500000000029     1.5812499999999989   
   0.3937500000000030     1.5937499999999991   
   0.3937500000000030     1.6062499999999993   
   0.3937500000000030     1.6187499999999990   
   0.3937500000000030     1.6312499999999992   
   0.3937500000000030     1.6437499999999989   
   0.3937500000000030     1.6562499999999991   
   0.3937500000000030     1.6687499999999988   
   0.3937500000000032     1.6812499999999990   
   0.4062500000000026     1.3812499999999996   
   0.4062500000000026     1.3937499999999994   
   0.4062500000000027     1.4062499999999996   
   0.4062500000000026     1.4187499999999997   
   0.4062500000000027     1.4312499999999995   
   0.4062500000000027     1.4437499999999996   
   0.4062500000000027     1.4562499999999994   
   0.4062500000000027     1.4687499999999996   
   0.4062500000000027     1.4812499999999991   
   0.4062500000000027     1.4937499999999990   
   0.4062500000000028     1.5062499999999992   
   0.4062500000000028     1.5187499999999989   
   0.4062500000000028     1.5312499999999989   
   0.4062500000000029     1.5437499999999988   
   0.4062500000000029     1.5562499999999990   
   0.4062500000000030     1.5687499999999990   
   0.4062500000000030     1.5812499999999989   
   0.4062500000000030     1.5937499999999991   
   0.4062500000000030     1.6062499999999993   
   0.4062500000000030     1.6187499999999990   
   0.4062500000000030     1.6312499999999990   
   0.4062500000000030     1.6437499999999989   
   0.4062500000000031     1.6562499999999991   
   0.4062500000000031     1.6687499999999991   
   0.4062500000000031     1.6812499999999990   
   0.4187500000000026     1.3687499999999997   
   0.4187500000000026     1.3812499999999996   
   0.4187500000000026     1.3937499999999996   
   0.4187500000000026     1.4062499999999996   
   0.4187500000000026     1.4187499999999993   
   0.4187500000000026     1.4312499999999992   
   0.4187500000000026     1.4437499999999994   
   0.4187500000000026     1.4562499999999989   
   0.4187500000000027     1.4687499999999991   
   0.4187500000000027     1.4812499999999993   
   0.4187500000000027     1.4937499999999990   
   0.4187500000000028     1.5062499999999990   
   0.4187500000000028     1.5187499999999989   
   0.4187500000000028     1.5312499999999989   
   0.4187500000000029     1.5437499999999988   
   0.4187500000000029     1.5562499999999990   
   0.4187500000000029     1.5687499999999990   
   0.4187500000000029     1.5812499999999989   
   0.4187500000000029     1.5937499999999991   
   0.4187500000000029     1.6062499999999991   
   0.4187500000000030     1.6187499999999990   
   0.4187500000000030     1.6312499999999992   
   0.4187500000000030     1.6437499999999989   
   0.4187500000000031     1.6562499999999989   
   0.4187500000000031     1.6687499999999991   
   0.4187500000000031     1.6812499999999990   
   0.4312500000000026     1.3687499999999997   
   0.4312500000000025     1.3812499999999994   
   0.4312500000000025     1.3937499999999996   
   0.4312500000000026     1.4062499999999996   
   0.4312500000000026     1.4187499999999995   
   0.4312500000000026     1.4312499999999990   
   0.4312500000000026     1.4437499999999992   
   0.4312500000000026     1.4562499999999992   
   0.4312500000000027     1.4687499999999993   
   0.4312500000000027     1.4812499999999991   
   0.4312500000000027     1.4937499999999992   
   0.4312500000000027     1.5062499999999992   
   0.4312500000000028     1.5187499999999989   
   0.4312500000000028     1.5312499999999991   
   0.4312500000000028     1.5437499999999988   
   0.4312500000000028     1.5562499999999990   
   0.4312500000000028     1.5687499999999990   
   0.4312500000000028     1.5812499999999989   
   0.4312500000000028     1.5937499999999991   
   0.4312500000000029     1.6062499999999988   
   0.4312500000000030     1.6187499999999990   
   0.4312500000000030     1.6312499999999990   
   0.4312500000000030     1.6437499999999989   
   0.4312500000000030     1.6562499999999989   
   0.4312500000000030     1.6687499999999988   
   0.4312500000000030     1.6812499999999990   
   0.4437500000000025     1.3687499999999995   
   0.4437500000000025     1.3812499999999994   
   0.4437500000000025     1.3937499999999994   
   0.4437500000000025     1.4062499999999996   
   0.4437500000000025     1.4187499999999993   
   0.4437500000000026     1.4312499999999992   
   0.4437500000000026     1.4437499999999992   
   0.4437500000000027     1.4562499999999994   
   0.4437500000000027     1.4687499999999996   
   0.4437500000000027     1.4812499999999993   
   0.4437500000000027     1.4937499999999990   
   0.4437500000000028     1.5062499999999990   
   0.4437500000000028     1.5187499999999989   
   0.4437500000000028     1.5312499999999991   
   0.4437500000000028     1.5437499999999991   
   0.4437500000000028     1.5562499999999990   
   0.4437500000000028     1.5687499999999990   
   0.4437500000000029     1.5812499999999989   
   0.4437500000000029     1.5937499999999993   
   0.4437500000000029     1.6062499999999993   
   0.4437500000000029     1.6187499999999990   
   0.4437500000000029     1.6312499999999992   
   0.4437500000000030     1.6437499999999989   
   0.4437500000000030     1.6562499999999989   
   0.4437500000000030     1.6687499999999988   
   0.4437500000000030     1.6812499999999990   
   0.4562500000000025     1.3687499999999992   
   0.4562500000000025     1.3812499999999996   
   0.4562500000000025     1.3937499999999994   
   0.4562500000000025     1.4062499999999993   
   0.4562500000000025     1.4187499999999993   
   0.4562500000000025     1.4312499999999992   
   0.4562500000000026     1.4437499999999992   
   0.4562500000000027     1.4562499999999994   
   0.4562500000000027     1.4687499999999993   
   0.4562500000000027     1.4812499999999993   
   0.4562500000000027     1.4937499999999992   
   0.4562500000000027     1.5062499999999992   
   0.4562500000000027     1.5187499999999989   
   0.4562500000000027     1.5312499999999989   
   0.4562500000000027     1.5437499999999988   
   0.4562500000000027     1.5562499999999990   
   0.4562500000000028     1.5687499999999990   
   0.4562500000000028     1.5812499999999989   
   0.4562500000000028     1.5937499999999991   
   0.4562500000000029     1.6062499999999991   
   0.4562500000000029     1.6187499999999988   
   0.4562500000000029     1.6312499999999990   
   0.4562500000000029     1.6437499999999989   
   0.4562500000000029     1.6562499999999987   
   0.4562500000000029     1.6687499999999986   
   0.4562500000000029     1.6812499999999990   
   0.4687500000000024     1.3687499999999995   
   0.4687500000000024     1.3812499999999994   
   0.4687500000000026     1.3937499999999996   
   0.4687500000000026     1.4062499999999996   
   0.4687500000000024     1.4187499999999993   
   0.4687500000000026     1.4312499999999990   
   0.4687500000000026     1.4437499999999992   
   0.4687500000000026     1.4562499999999989   
   0.4687500000000026     1.4687499999999991   
   0.4687500000000026     1.4812499999999991   
   0.4687500000000026     1.4937499999999992   
   0.4687500000000026     1.5062499999999990   
   0.4687500000000027     1.5187499999999989   
   0.4687500000000027     1.5312499999999987   
   0.4687500000000027     1.5437499999999988   
   0.4687500000000027     1.5562499999999990   
   0.4687500000000027     1.5687499999999990   
   0.4687500000000028     1.5812499999999989   
   0.4687500000000028     1.5937499999999991   
   0.4687500000000028     1.6062499999999988   
   0.4687500000000028     1.6187499999999990   
   0.4687500000000028     1.6312499999999990   
   0.4687500000000028     1.6437499999999989   
   0.4687500000000029     1.6562499999999989   
   0.4687500000000030     1.6687499999999988   
   0.4687500000000030     1.6812499999999990   
   0.4812500000000025     1.3687499999999995   
   0.4812500000000025     1.3812499999999992   
   0.4812500000000025     1.3937499999999994   
   0.4812500000000025     1.4062499999999993   
   0.4812500000000025     1.4187499999999993   
   0.4812500000000025     1.4312499999999992   
   0.4812500000000025     1.4437499999999992   
   0.4812500000000026     1.4562499999999992   
   0.4812500000000026     1.4687499999999991   
   0.4812500000000026     1.4812499999999991   
   0.4812500000000026     1.4937499999999990   
   0.4812500000000026     1.5062499999999992   
   0.4812500000000027     1.5187499999999989   
   0.4812500000000027     1.5312499999999987   
   0.4812500000000027     1.5437499999999988   
   0.4812500000000027     1.5562499999999990   
   0.4812500000000027     1.5687499999999990   
   0.4812500000000027     1.5812499999999989   
   0.4812500000000027     1.5937499999999991   
   0.4812500000000027     1.6062499999999988   
   0.4812500000000028     1.6187499999999990   
   0.4812500000000028     1.6312499999999990   
   0.4812500000000027     1.6437499999999989   
   0.4812500000000028     1.6562499999999989   
   0.4812500000000030     1.6687499999999988   
   0.4812500000000030     1.6812499999999990   
   0.4937500000000024     1.3687499999999995   
   0.4937500000000025     1.3812499999999994   
   0.4937500000000024     1.3937499999999994   
   0.4937500000000024     1.4062499999999993   
   0.4937500000000025     1.4187499999999993   
   0.4937500000000025     1.4312499999999992   
   0.4937500000000025     1.4437499999999992   
   0.4937500000000025     1.4562499999999994   
   0.4937500000000026     1.4687499999999993   
   0.4937500000000026     1.4812499999999988   
   0.4937500000000026     1.4937499999999990   
   0.4937500000000026     1.5062499999999988   
   0.4937500000000026     1.5187499999999989   
   0.4937500000000026     1.5312499999999987   
   0.4937500000000027     1.5437499999999988   
   0.4937500000000027     1.5562499999999990   
   0.4937500000000027     1.5687499999999990   
   0.4937500000000027     1.5812499999999989   
   0.4937500000000027     1.5937499999999991   
   0.4937500000000027     1.6062499999999988   
   0.4937500000000027     1.6187499999999990   
   0.4937500000000028     1.6312499999999990   
   0.4937500000000027     1.6437499999999989   
   0.4937500000000028     1.6562499999999989   
   0.4937500000000028     1.6687499999999988   
   0.4937500000000029     1.6812499999999988   
   0.5062500000000023     1.3687499999999992   
   0.5062500000000023     1.3812499999999992   
   0.5062500000000023     1.3937499999999994   
   0.5062500000000023     1.4062499999999991   
   0.5062500000000023     1.4187499999999993   
   0.5062500000000023     1.4312499999999990   
   0.5062500000000023     1.4437499999999992   
   0.5062500000000023     1.4562499999999989   
   0.5062500000000024     1.4687499999999991   
   0.5062500000000025     1.4812499999999988   
   0.5062500000000025     1.4937499999999990   
   0.5062500000000026     1.5062499999999988   
   0.5062500000000026     1.5187499999999989   
   0.5062500000000026     1.5312499999999991   
   0.5062500000000026     1.5437499999999988   
   0.5062500000000026     1.5562499999999990   
   0.5062500000000026     1.5687499999999990   
   0.5062500000000026     1.5812499999999989   
   0.5062500000000026     1.5937499999999989   
   0.5062500000000026     1.6062499999999988   
   0.5062500000000026     1.6187499999999990   
   0.5062500000000026     1.6312499999999992   
   0.5062500000000026     1.6437499999999989   
   0.5062500000000028     1.6562499999999989   
   0.5062500000000028     1.6687499999999988   
   0.5062500000000028     1.6812499999999990   
   0.5187500000000024     1.3687499999999997   
   0.5187500000000024     1.3812499999999992   
   0.5187500000000024     1.3937499999999994   
   0.5187500000000024     1.4062499999999991   
   0.5187500000000024     1.4187499999999993   
   0.5187500000000024     1.4312499999999992   
   0.5187500000000024     1.4437499999999992   
   0.5187500000000024     1.4562499999999989   
   0.5187500000000024     1.4687499999999989   
   0.5187500000000024     1.4812499999999988   
   0.5187500000000025     1.4937499999999990   
   0.5187500000000025     1.5062499999999988   
   0.5187500000000025     1.5187499999999989   
   0.5187500000000025     1.5312499999999989   
   0.5187500000000025     1.5437499999999988   
   0.5187500000000025     1.5562499999999990   
   0.5187500000000025     1.5687499999999990   
   0.5187500000000025     1.5812499999999989   
   0.5187500000000025     1.5937499999999989   
   0.5187500000000025     1.6062499999999988   
   0.5187500000000025     1.6187499999999988   
   0.5187500000000027     1.6312499999999988   
   0.5187500000000027     1.6437499999999989   
   0.5187500000000027     1.6562499999999987   
   0.5187500000000028     1.6687499999999988   
   0.5187500000000028     1.6812499999999986   
   0.5312500000000022     1.3687499999999995   
   0.5312500000000022     1.3812499999999994   
   0.5312500000000022     1.3937499999999994   
   0.5312500000000022     1.4062499999999991   
   0.5312500000000022     1.4187499999999993   
   0.5312500000000022     1.4312499999999990   
   0.5312500000000022     1.4437499999999992   
   0.5312500000000024     1.4562499999999989   
   0.5312500000000024     1.4687499999999989   
   0.5312500000000024     1.4812499999999988   
   0.5312500000000024     1.4937499999999990   
   0.5312500000000026     1.5062499999999988   
   0.5312500000000026     1.5187499999999989   
   0.5312500000000026     1.5312499999999987   
   0.5312500000000026     1.5437499999999988   
   0.5312500000000026     1.5562499999999990   
   0.5312500000000026     1.5687499999999990   
   0.5312500000000026     1.5812499999999989   
   0.5312500000000026     1.5937499999999987   
   0.5312500000000026     1.6062499999999988   
   0.5312500000000026     1.6187499999999986   
   0.5312500000000026     1.6312499999999985   
   0.5312500000000026     1.6437499999999989   
   0.5312500000000026     1.6562499999999989   
   0.5312500000000027     1.6687499999999988   
   0.5312500000000027     1.6812499999999986   
   0.5437500000000023     1.3687499999999992   
   0.5437500000000022     1.3812499999999992   
   0.5437500000000023     1.3937499999999994   
   0.5437500000000023     1.4062499999999991   
   0.5437500000000023     1.4187499999999993   
   0.5437500000000023     1.4312499999999990   
   0.5437500000000023     1.4437499999999992   
   0.5437500000000023     1.4562499999999989   
   0.5437500000000023     1.4687499999999991   
   0.5437500000000024     1.4812499999999988   
   0.5437500000000024     1.4937499999999990   
   0.5437500000000024     1.5062499999999988   
   0.5437500000000024     1.5187499999999989   
   0.5437500000000024     1.5312499999999987   
   0.5437500000000024     1.5437499999999988   
   0.5437500000000024     1.5562499999999988   
   0.5437500000000024     1.5687499999999990   
   0.5437500000000024     1.5812499999999989   
   0.5437500000000024     1.5937499999999989   
   0.5437500000000024     1.6062499999999988   
   0.5437500000000024     1.6187499999999986   
   0.5437500000000024     1.6312499999999985   
   0.5437500000000024     1.6437499999999989   
   0.5437500000000026     1.6562499999999989   
   0.5437500000000026     1.6687499999999988   
   0.5437500000000027     1.6812499999999988   
   0.5562500000000021     1.3687499999999992   
   0.5562500000000021     1.3812499999999992   
   0.5562500000000021     1.3937499999999994   
   0.5562500000000021     1.4062499999999991   
   0.5562500000000021     1.4187499999999993   
   0.5562500000000021     1.4312499999999990   
   0.5562500000000021     1.4437499999999990   
   0.5562500000000021     1.4562499999999989   
   0.5562500000000024     1.4687499999999991   
   0.5562500000000024     1.4812499999999988   
   0.5562500000000024     1.4937499999999990   
   0.5562500000000025     1.5062499999999988   
   0.5562500000000025     1.5187499999999989   
   0.5562500000000025     1.5312499999999987   
   0.5562500000000025     1.5437499999999988   
   0.5562500000000025     1.5562499999999990   
   0.5562500000000025     1.5687499999999992   
   0.5562500000000025     1.5812499999999989   
   0.5562500000000025     1.5937499999999987   
   0.5562500000000025     1.6062499999999986   
   0.5562500000000025     1.6187499999999986   
   0.5562500000000025     1.6312499999999988   
   0.5562500000000025     1.6437499999999989   
   0.5562500000000026     1.6562499999999989   
   0.5562500000000026     1.6687499999999988   
   0.5562500000000026     1.6812499999999990   
   0.5687500000000021     1.3687499999999992   
   0.5687500000000022     1.3812499999999992   
   0.5687500000000022     1.3937499999999992   
   0.5687500000000022     1.4062499999999991   
   0.5687500000000022     1.4187499999999993   
   0.5687500000000022     1.4312499999999990   
   0.5687500000000023     1.4437499999999992   
   0.5687500000000023     1.4562499999999989   
   0.5687500000000023     1.4687499999999989   
   0.5687500000000023     1.4812499999999991   
   0.5687500000000023     1.4937499999999990   
   0.5687500000000023     1.5062499999999988   
   0.5687500000000023     1.5187499999999987   
   0.5687500000000023     1.5312499999999987   
   0.5687500000000023     1.5437499999999988   
   0.5687500000000023     1.5562499999999990   
   0.5687500000000023     1.5687499999999992   
   0.5687500000000023     1.5812499999999989   
   0.5687500000000023     1.5937499999999987   
   0.5687500000000023     1.6062499999999986   
   0.5687500000000023     1.6187499999999986   
   0.5687500000000023     1.6312499999999988   
   0.5687500000000023     1.6437499999999989   
   0.5687500000000024     1.6562499999999989   
   0.5687500000000025     1.6687499999999988   
   0.5687500000000026     1.6812499999999986   
   0.5812500000000019     1.3687499999999992   
   0.5812500000000019     1.3812499999999992   
   0.5812500000000020     1.3937499999999994   
   0.5812500000000020     1.4062499999999991   
   0.5812500000000020     1.4187499999999993   
   0.5812500000000020     1.4312499999999990   
   0.5812500000000023     1.4437499999999992   
   0.5812500000000023     1.4562499999999989   
   0.5812500000000024     1.4687499999999989   
   0.5812500000000024     1.4812499999999988   
   0.5812500000000024     1.4937499999999988   
   0.5812500000000024     1.5062499999999988   
   0.5812500000000024     1.5187499999999985   
   0.5812500000000024     1.5312499999999982   
   0.5812500000000024     1.5437499999999988   
   0.5812500000000024     1.5562499999999990   
   0.5812500000000024     1.5687499999999992   
   0.5812500000000024     1.5812499999999989   
   0.5812500000000024     1.5937499999999989   
   0.5812500000000024     1.6062499999999988   
   0.5812500000000024     1.6187499999999988   
   0.5812500000000025     1.6312499999999988   
   0.5812500000000025     1.6437499999999989   
   0.5812500000000025     1.6562499999999987   
   0.5812500000000025     1.6687499999999988   
   0.5812500000000025     1.6812499999999988   
   0.5937500000000020     1.3687499999999992   
   0.5937500000000020     1.3812499999999992   
   0.5937500000000020     1.3937499999999994   
   0.5937500000000021     1.4062499999999991   
   0.5937500000000021     1.4187499999999993   
   0.5937500000000021     1.4312499999999990   
   0.5937500000000021     1.4437499999999992   
   0.5937500000000022     1.4562499999999989   
   0.5937500000000022     1.4687499999999991   
   0.5937500000000022     1.4812499999999988   
   0.5937500000000022     1.4937499999999986   
   0.5937500000000022     1.5062499999999988   
   0.5937500000000022     1.5187499999999985   
   0.5937500000000022     1.5312499999999987   
   0.5937500000000022     1.5437499999999986   
   0.5937500000000022     1.5562499999999988   
   0.5937500000000022     1.5687499999999988   
   0.5937500000000022     1.5812499999999989   
   0.5937500000000022     1.5937499999999991   
   0.5937500000000022     1.6062499999999988   
   0.5937500000000022     1.6187499999999986   
   0.5937500000000023     1.6312499999999985   
   0.5937500000000024     1.6437499999999987   
   0.5937500000000024     1.6562499999999987   
   0.5937500000000026     1.6687499999999988   
   0.5937500000000024     1.6812499999999986   
   0.6062500000000018     1.3687499999999990   
   0.6062500000000020     1.3812499999999990   
   0.6062500000000020     1.3937499999999992   
   0.6062500000000020     1.4062499999999991   
   0.6062500000000020     1.4187499999999993   
   0.6062500000000020     1.4312499999999990   
   0.6062500000000020     1.4437499999999992   
   0.6062500000000020     1.4562499999999989   
   0.6062500000000020     1.4687499999999989   
   0.6062500000000021     1.4812499999999988   
   0.6062500000000022     1.4937499999999988   
   0.6062500000000023     1.5062499999999988   
   0.6062500000000023     1.5187499999999989   
   0.6062500000000023     1.5312499999999989   
   0.6062500000000023     1.5437499999999988   
   0.6062500000000023     1.5562499999999986   
   0.6062500000000023     1.5687499999999988   
   0.6062500000000023     1.5812499999999989   
   0.6062500000000023     1.5937499999999989   
   0.6062500000000023     1.6062499999999988   
   0.6062500000000023     1.6187499999999986   
   0.6062500000000023     1.6312499999999985   
   0.6062500000000023     1.6437499999999985   
   0.6062500000000023     1.6562499999999987   
   0.6062500000000024     1.6687499999999986   
   0.6062500000000023     1.6812499999999986   
   0.6187500000000017     1.3687499999999990   
   0.6187500000000018     1.3812499999999992   
   0.6187500000000020     1.3937499999999994   
   0.6187500000000020     1.4062499999999991   
   0.6187500000000020     1.4187499999999991   
   0.6187500000000020     1.4312499999999990   
   0.6187500000000020     1.4437499999999988   
   0.6187500000000020     1.4562499999999989   
   0.6187500000000020     1.4687499999999987   
   0.6187500000000020     1.4812499999999988   
   0.6187500000000020     1.4937499999999990   
   0.6187500000000021     1.5062499999999988   
   0.6187500000000021     1.5187499999999989   
   0.6187500000000021     1.5312499999999987   
   0.6187500000000021     1.5437499999999988   
   0.6187500000000021     1.5562499999999988   
   0.6187500000000021     1.5687499999999990   
   0.6187500000000021     1.5812499999999989   
   0.6187500000000021     1.5937499999999987   
   0.6187500000000021     1.6062499999999984   
   0.6187500000000021     1.6187499999999986   
   0.6187500000000021     1.6312499999999985   
   0.6187500000000021     1.6437499999999987   
   0.6187500000000024     1.6562499999999987   
   0.6187500000000024     1.6687499999999988   
   0.6187500000000021     1.6812499999999986   
   0.6312500000000019     1.3687499999999992   
   0.6312500000000018     1.3812499999999992   
   0.6312500000000019     1.3937499999999992   
   0.6312500000000019     1.4062499999999991   
   0.6312500000000019     1.4187499999999988   
   0.6312500000000019     1.4312499999999990   
   0.6312500000000019     1.4437499999999990   
   0.6312500000000021     1.4562499999999989   
   0.6312500000000021     1.4687499999999989   
   0.6312500000000019     1.4812499999999988   
   0.6312500000000021     1.4937499999999990   
   0.6312500000000022     1.5062499999999988   
   0.6312500000000022     1.5187499999999985   
   0.6312500000000022     1.5312499999999982   
   0.6312500000000022     1.5437499999999986   
   0.6312500000000022     1.5562499999999990   
   0.6312500000000022     1.5687499999999988   
   0.6312500000000022     1.5812499999999989   
   0.6312500000000022     1.5937499999999987   
   0.6312500000000022     1.6062499999999984   
   0.6312500000000022     1.6187499999999984   
   0.6312500000000022     1.6312499999999985   
   0.6312500000000022     1.6437499999999985   
   0.6312500000000022     1.6562499999999987   
   0.6312500000000023     1.6687499999999986   
   0.6312500000000023     1.6812499999999986   
   0.6437500000000018     1.3687499999999992   
   0.6437500000000018     1.3812499999999992   
   0.6437500000000019     1.3937499999999989   
   0.6437500000000019     1.4062499999999991   
   0.6437500000000019     1.4187499999999991   
   0.6437500000000019     1.4312499999999990   
   0.6437500000000019     1.4437499999999990   
   0.6437500000000019     1.4562499999999989   
   0.6437500000000019     1.4687499999999987   
   0.6437500000000020     1.4812499999999988   
   0.6437500000000020     1.4937499999999990   
   0.6437500000000020     1.5062499999999988   
   0.6437500000000020     1.5187499999999985   
   0.6437500000000020     1.5312499999999987   
   0.6437500000000020     1.5437499999999986   
   0.6437500000000020     1.5562499999999986   
   0.6437500000000020     1.5687499999999988   
   0.6437500000000020     1.5812499999999989   
   0.6437500000000020     1.5937499999999987   
   0.6437500000000020     1.6062499999999986   
   0.6437500000000020     1.6187499999999986   
   0.6437500000000020     1.6312499999999985   
   0.6437500000000020     1.6437499999999987   
   0.6437500000000020     1.6562499999999987   
   0.6437500000000022     1.6687499999999988   
   0.6437500000000023     1.6812499999999984   
   0.6562500000000018     1.3687499999999990   
   0.6562500000000018     1.3812499999999992   
   0.6562500000000018     1.3937499999999989   
   0.6562500000000018     1.4062499999999991   
   0.6562500000000018     1.4187499999999988   
   0.6562500000000018     1.4312499999999988   
   0.6562500000000018     1.4437499999999992   
   0.6562500000000018     1.4562499999999989   
   0.6562500000000020     1.4687499999999989   
   0.6562500000000021     1.4812499999999988   
   0.6562500000000020     1.4937499999999986   
   0.6562500000000020     1.5062499999999988   
   0.6562500000000021     1.5187499999999985   
   0.6562500000000021     1.5312499999999987   
   0.6562500000000021     1.5437499999999988   
   0.6562500000000021     1.5562499999999986   
   0.6562500000000021     1.5687499999999988   
   0.6562500000000021     1.5812499999999987   
   0.6562500000000021     1.5937499999999987   
   0.6562500000000021     1.6062499999999986   
   0.6562500000000021     1.6187499999999986   
   0.6562500000000021     1.6312499999999988   
   0.6562500000000021     1.6437499999999987   
   0.6562500000000022     1.6562499999999989   
   0.6562500000000022     1.6687499999999988   
   0.6562500000000022     1.6812499999999986   
   0.6687500000000018     1.3687499999999992   
   0.6687500000000017     1.3812499999999992   
   0.6687500000000017     1.3937499999999989   
   0.6687500000000018     1.4062499999999991   
   0.6687500000000018     1.4187499999999988   
   0.6687500000000018     1.4312499999999990   
   0.6687500000000018     1.4437499999999990   
   0.6687500000000018     1.4562499999999989   
   0.6687500000000020     1.4687499999999987   
   0.6687500000000020     1.4812499999999986   
   0.6687500000000020     1.4937499999999986   
   0.6687500000000020     1.5062499999999985   
   0.6687500000000020     1.5187499999999985   
   0.6687500000000020     1.5312499999999984   
   0.6687500000000020     1.5437499999999986   
   0.6687500000000020     1.5562499999999986   
   0.6687500000000020     1.5687499999999988   
   0.6687500000000020     1.5812499999999987   
   0.6687500000000020     1.5937499999999987   
   0.6687500000000020     1.6062499999999986   
   0.6687500000000020     1.6187499999999984   
   0.6687500000000020     1.6312499999999985   
   0.6687500000000020     1.6437499999999985   
   0.6687500000000022     1.6562499999999987   
   0.6687500000000022     1.6687499999999986   
   0.6687500000000023     1.6812499999999986   
   0.6812500000000017     1.3687499999999990   
   0.6812500000000017     1.3812499999999990   
   0.6812500000000017     1.3937499999999989   
   0.6812500000000017     1.4062499999999991   
   0.6812500000000017     1.4187499999999991   
   0.6812500000000017     1.4312499999999990   
   0.6812500000000017     1.4437499999999990   
   0.6812500000000019     1.4562499999999989   
   0.6812500000000020     1.4687499999999987   
   0.6812500000000020     1.4812499999999986   
   0.6812500000000020     1.4937499999999986   
   0.6812500000000020     1.5062499999999988   
   0.6812500000000020     1.5187499999999985   
   0.6812500000000020     1.5312499999999984   
   0.6812500000000020     1.5437499999999988   
   0.6812500000000020     1.5562499999999988   
   0.6812500000000020     1.5687499999999988   
   0.6812500000000020     1.5812499999999987   
   0.6812500000000020     1.5937499999999982   
   0.6812500000000020     1.6062499999999982   
   0.6812500000000020     1.6187499999999984   
   0.6812500000000020     1.6312499999999983   
   0.6812500000000020     1.6437499999999985   
   0.6812500000000020     1.6562499999999987   
   0.6812500000000021     1.6687499999999988   
   0.6812500000000021     1.6812499999999986   
   0.6937500000000018     1.3812499999999992   
   0.6937500000000018     1.3937499999999989   
   0.6937500000000018     1.4062499999999991   
   0.6937500000000018     1.4187499999999988   
   0.6937500000000018     1.4312499999999990   
   0.6937500000000019     1.4437499999999990   
   0.6937500000000019     1.4562499999999987   
   0.6937500000000019     1.4687499999999989   
   0.6937500000000019     1.4812499999999986   
   0.6937500000000019     1.4937499999999986   
   0.6937500000000019     1.5062499999999985   
   0.6937500000000019     1.5187499999999987   
   0.6937500000000019     1.5312499999999984   
   0.6937500000000019     1.5437499999999988   
   0.6937500000000019     1.5562499999999990   
   0.6937500000000019     1.5687499999999990   
   0.6937500000000019     1.5812499999999987   
   0.6937500000000019     1.5937499999999984   
   0.6937500000000019     1.6062499999999984   
   0.6937500000000019     1.6187499999999986   
   0.6937500000000019     1.6312499999999985   
   0.6937500000000019     1.6437499999999987   
   0.6937500000000021     1.6562499999999987   
   0.6937500000000022     1.6687499999999986   
   0.6937500000000022     1.6812499999999984   
   0.7062500000000016     1.3812499999999992   
   0.7062500000000016     1.3937499999999989   
   0.7062500000000016     1.4062499999999991   
   0.7062500000000016     1.4187499999999988   
   0.7062500000000016     1.4312499999999990   
   0.7062500000000018     1.4437499999999990   
   0.7062500000000018     1.4562499999999989   
   0.7062500000000018     1.4687499999999987   
   0.7062500000000019     1.4812499999999986   
   0.7062500000000019     1.4937499999999986   
   0.7062500000000019     1.5062499999999985   
   0.7062500000000019     1.5187499999999985   
   0.7062500000000019     1.5312499999999987   
   0.7062500000000019     1.5437499999999986   
   0.7062500000000019     1.5562499999999988   
   0.7062500000000019     1.5687499999999990   
   0.7062500000000019     1.5812499999999987   
   0.7062500000000019     1.5937499999999987   
   0.7062500000000019     1.6062499999999986   
   0.7062500000000019     1.6187499999999984   
   0.7062500000000019     1.6312499999999985   
   0.7062500000000020     1.6437499999999985   
   0.7062500000000020     1.6562499999999987   
   0.7062500000000019     1.6687499999999986   
   0.7062500000000020     1.6812499999999986   
   0.7187500000000017     1.3812499999999990   
   0.7187500000000017     1.3937499999999989   
   0.7187500000000017     1.4062499999999991   
   0.7187500000000017     1.4187499999999988   
   0.7187500000000017     1.4312499999999990   
   0.7187500000000017     1.4437499999999990   
   0.7187500000000017     1.4562499999999989   
   0.7187500000000017     1.4687499999999987   
   0.7187500000000018     1.4812499999999986   
   0.7187500000000018     1.4937499999999986   
   0.7187500000000018     1.5062499999999988   
   0.7187500000000018     1.5187499999999985   
   0.7187500000000018     1.5312499999999987   
   0.7187500000000018     1.5437499999999986   
   0.7187500000000018     1.5562499999999986   
   0.7187500000000018     1.5687499999999990   
   0.7187500000000018     1.5812499999999985   
   0.7187500000000018     1.5937499999999984   
   0.7187500000000018     1.6062499999999986   
   0.7187500000000018     1.6187499999999986   
   0.7187500000000018     1.6312499999999983   
   0.7187500000000020     1.6437499999999985   
   0.7187500000000020     1.6562499999999987   
   0.7187500000000020     1.6687499999999986   
   0.7187500000000021     1.6812499999999986   
   0.7312500000000015     1.3812499999999992   
   0.7312500000000015     1.3937499999999989   
   0.7312500000000015     1.4062499999999991   
   0.7312500000000015     1.4187499999999988   
   0.7312500000000015     1.4312499999999986   
   0.7312500000000015     1.4437499999999988   
   0.7312500000000017     1.4562499999999987   
   0.7312500000000017     1.4687499999999987   
   0.7312500000000018     1.4812499999999988   
   0.7312500000000018     1.4937499999999986   
   0.7312500000000018     1.5062499999999988   
   0.7312500000000018     1.5187499999999987   
   0.7312500000000018     1.5312499999999987   
   0.7312500000000018     1.5437499999999986   
   0.7312500000000018     1.5562499999999986   
   0.7312500000000018     1.5687499999999988   
   0.7312500000000018     1.5812499999999987   
   0.7312500000000018     1.5937499999999987   
   0.7312500000000018     1.6062499999999986   
   0.7312500000000018     1.6187499999999986   
   0.7312500000000018     1.6312499999999983   
   0.7312500000000018     1.6437499999999985   
   0.7312500000000018     1.6562499999999989   
   0.7312500000000020     1.6687499999999986   
   0.7312500000000020     1.6812499999999986   
   0.7437500000000015     1.3812499999999992   
   0.7437500000000015     1.3937499999999989   
   0.7437500000000016     1.4062499999999991   
   0.7437500000000016     1.4187499999999988   
   0.7437500000000017     1.4312499999999988   
   0.7437500000000017     1.4437499999999988   
   0.7437500000000016     1.4562499999999989   
   0.7437500000000017     1.4687499999999987   
   0.7437500000000017     1.4812499999999988   
   0.7437500000000017     1.4937499999999986   
   0.7437500000000017     1.5062499999999988   
   0.7437500000000017     1.5187499999999987   
   0.7437500000000017     1.5312499999999987   
   0.7437500000000017     1.5437499999999988   
   0.7437500000000017     1.5562499999999986   
   0.7437500000000017     1.5687499999999988   
   0.7437500000000017     1.5812499999999985   
   0.7437500000000017     1.5937499999999982   
   0.7437500000000017     1.6062499999999986   
   0.7437500000000017     1.6187499999999986   
   0.7437500000000019     1.6312499999999983   
   0.7437500000000019     1.6437499999999983   
   0.7437500000000018     1.6562499999999987   
   0.7437500000000019     1.6687499999999988   
   0.7437500000000019     1.6812499999999986   
   0.7562500000000013     1.3812499999999990   
   0.7562500000000014     1.3937499999999989   
   0.7562500000000014     1.4062499999999991   
   0.7562500000000014     1.4187499999999988   
   0.7562500000000016     1.4312499999999990   
   0.7562500000000016     1.4437499999999990   
   0.7562500000000016     1.4562499999999987   
   0.7562500000000018     1.4687499999999989   
   0.7562500000000018     1.4812499999999988   
   0.7562500000000016     1.4937499999999986   
   0.7562500000000018     1.5062499999999985   
   0.7562500000000018     1.5187499999999985   
   0.7562500000000018     1.5312499999999984   
   0.7562500000000018     1.5437499999999986   
   0.7562500000000018     1.5562499999999986   
   0.7562500000000018     1.5687499999999988   
   0.7562500000000018     1.5812499999999985   
   0.7562500000000018     1.5937499999999984   
   0.7562500000000018     1.6062499999999986   
   0.7562500000000018     1.6187499999999986   
   0.7562500000000018     1.6312499999999983   
   0.7562500000000018     1.6437499999999985   
   0.7562500000000018     1.6562499999999982   
   0.7562500000000019     1.6687499999999982   
   0.7562500000000019     1.6812499999999984   
   0.7687500000000014     1.3812499999999992   
   0.7687500000000015     1.3937499999999989   
   0.7687500000000015     1.4062499999999991   
   0.7687500000000015     1.4187499999999988   
   0.7687500000000015     1.4312499999999986   
   0.7687500000000016     1.4437499999999988   
   0.7687500000000016     1.4562499999999989   
   0.7687500000000016     1.4687499999999987   
   0.7687500000000016     1.4812499999999988   
   0.7687500000000016     1.4937499999999986   
   0.7687500000000016     1.5062499999999985   
   0.7687500000000016     1.5187499999999985   
   0.7687500000000016     1.5312499999999987   
   0.7687500000000016     1.5437499999999986   
   0.7687500000000016     1.5562499999999984   
   0.7687500000000016     1.5687499999999985   
   0.7687500000000016     1.5812499999999987   
   0.7687500000000016     1.5937499999999987   
   0.7687500000000016     1.6062499999999986   
   0.7687500000000016     1.6187499999999986   
   0.7687500000000016     1.6312499999999983   
   0.7687500000000016     1.6437499999999985   
   0.7687500000000018     1.6562499999999984   
   0.7687500000000019     1.6687499999999984   
   0.7687500000000019     1.6812499999999986   
   0.7812500000000012     1.3812499999999992   
   0.7812500000000013     1.3937499999999989   
   0.7812500000000013     1.4062499999999991   
   0.7812500000000013     1.4187499999999988   
   0.7812500000000013     1.4312499999999986   
   0.7812500000000016     1.4437499999999988   
   0.7812500000000017     1.4562499999999989   
   0.7812500000000017     1.4687499999999987   
   0.7812500000000017     1.4812499999999988   
   0.7812500000000017     1.4937499999999986   
   0.7812500000000017     1.5062499999999988   
   0.7812500000000017     1.5187499999999985   
   0.7812500000000017     1.5312499999999987   
   0.7812500000000017     1.5437499999999986   
   0.7812500000000017     1.5562499999999984   
   0.7812500000000017     1.5687499999999983   
   0.7812500000000017     1.5812499999999985   
   0.7812500000000017     1.5937499999999987   
   0.7812500000000017     1.6062499999999986   
   0.7812500000000017     1.6187499999999984   
   0.7812500000000017     1.6312499999999985   
   0.7812500000000017     1.6437499999999983   
   0.7812500000000017     1.6562499999999984   
   0.7812500000000018     1.6687499999999986   
   0.7812500000000018     1.6812499999999986   
   0.7937500000000013     1.3812499999999990   
   0.7937500000000013     1.3937499999999989   
   0.7937500000000013     1.4062499999999991   
   0.7937500000000015     1.4187499999999988   
   0.7937500000000014     1.4312499999999988   
   0.7937500000000014     1.4437499999999990   
   0.7937500000000015     1.4562499999999987   
   0.7937500000000015     1.4687499999999987   
   0.7937500000000015     1.4812499999999988   
   0.7937500000000015     1.4937499999999988   
   0.7937500000000015     1.5062499999999988   
   0.7937500000000015     1.5187499999999987   
   0.7937500000000015     1.5312499999999982   
   0.7937500000000015     1.5437499999999984   
   0.7937500000000015     1.5562499999999981   
   0.7937500000000015     1.5687499999999983   
   0.7937500000000015     1.5812499999999985   
   0.7937500000000015     1.5937499999999987   
   0.7937500000000015     1.6062499999999986   
   0.7937500000000015     1.6187499999999986   
   0.7937500000000015     1.6312499999999983   
   0.7937500000000015     1.6437499999999985   
   0.7937500000000015     1.6562499999999982   
   0.7937500000000017     1.6687499999999982   
   0.7937500000000018     1.6812499999999984   
   0.8062500000000012     1.3812499999999992   
   0.8062500000000012     1.3937499999999989   
   0.8062500000000012     1.4062499999999991   
   0.8062500000000014     1.4187499999999988   
   0.8062500000000012     1.4312499999999990   
   0.8062500000000014     1.4437499999999985   
   0.8062500000000015     1.4562499999999985   
   0.8062500000000015     1.4687499999999984   
   0.8062500000000016     1.4812499999999986   
   0.8062500000000015     1.4937499999999986   
   0.8062500000000015     1.5062499999999985   
   0.8062500000000016     1.5187499999999985   
   0.8062500000000016     1.5312499999999982   
   0.8062500000000016     1.5437499999999984   
   0.8062500000000016     1.5562499999999986   
   0.8062500000000016     1.5687499999999983   
   0.8062500000000016     1.5812499999999985   
   0.8062500000000016     1.5937499999999987   
   0.8062500000000016     1.6062499999999988   
   0.8062500000000016     1.6187499999999986   
   0.8062500000000016     1.6312499999999983   
   0.8062500000000016     1.6437499999999983   
   0.8062500000000017     1.6562499999999982   
   0.8062500000000017     1.6687499999999982   
   0.8062500000000017     1.6812499999999981   
   0.8187500000000011     1.3812499999999992   
   0.8187500000000012     1.3937499999999989   
   0.8187500000000013     1.4062499999999991   
   0.8187500000000013     1.4187499999999988   
   0.8187500000000013     1.4312499999999986   
   0.8187500000000013     1.4437499999999988   
   0.8187500000000013     1.4562499999999985   
   0.8187500000000014     1.4687499999999987   
   0.8187500000000014     1.4812499999999986   
   0.8187500000000014     1.4937499999999988   
   0.8187500000000014     1.5062499999999988   
   0.8187500000000014     1.5187499999999985   
   0.8187500000000014     1.5312499999999984   
   0.8187500000000014     1.5437499999999986   
   0.8187500000000014     1.5562499999999986   
   0.8187500000000014     1.5687499999999983   
   0.8187500000000014     1.5812499999999985   
   0.8187500000000014     1.5937499999999982   
   0.8187500000000014     1.6062499999999984   
   0.8187500000000014     1.6187499999999984   
   0.8187500000000014     1.6312499999999983   
   0.8187500000000014     1.6437499999999983   
   0.8187500000000016     1.6562499999999982   
   0.8187500000000016     1.6687499999999982   
   0.8187500000000018     1.6812499999999981   
   0.8312500000000012     1.3812499999999990   
   0.8312500000000012     1.3937499999999989   
   0.8312500000000012     1.4062499999999989   
   0.8312500000000012     1.4187499999999986   
   0.8312500000000014     1.4312499999999986   
   0.8312500000000014     1.4437499999999988   
   0.8312500000000014     1.4562499999999985   
   0.8312500000000015     1.4687499999999987   
   0.8312500000000015     1.4812499999999984   
   0.8312500000000015     1.4937499999999986   
   0.8312500000000015     1.5062499999999985   
   0.8312500000000015     1.5187499999999987   
   0.8312500000000015     1.5312499999999987   
   0.8312500000000015     1.5437499999999986   
   0.8312500000000015     1.5562499999999986   
   0.8312500000000015     1.5687499999999983   
   0.8312500000000015     1.5812499999999985   
   0.8312500000000015     1.5937499999999982   
   0.8312500000000015     1.6062499999999984   
   0.8312500000000015     1.6187499999999981   
   0.8312500000000015     1.6312499999999979   
   0.8312500000000015     1.6437499999999980   
   0.8312500000000015     1.6562499999999982   
   0.8312500000000015     1.6687499999999980   
   0.8312500000000016     1.6812499999999981   
   0.8437500000000011     1.3812499999999990   
   0.8437500000000012     1.3937499999999989   
   0.8437500000000011     1.4062499999999989   
   0.8437500000000011     1.4187499999999988   
   0.8437500000000012     1.4312499999999986   
   0.8437500000000012     1.4437499999999988   
   0.8437500000000013     1.4562499999999985   
   0.8437500000000013     1.4687499999999987   
   0.8437500000000013     1.4812499999999986   
   0.8437500000000013     1.4937499999999986   
   0.8437500000000013     1.5062499999999983   
   0.8437500000000013     1.5187499999999985   
   0.8437500000000013     1.5312499999999984   
   0.8437500000000013     1.5437499999999986   
   0.8437500000000013     1.5562499999999984   
   0.8437500000000013     1.5687499999999983   
   0.8437500000000013     1.5812499999999983   
   0.8437500000000013     1.5937499999999982   
   0.8437500000000013     1.6062499999999984   
   0.8437500000000013     1.6187499999999986   
   0.8437500000000013     1.6312499999999981   
   0.8437500000000013     1.6437499999999980   
   0.8437500000000016     1.6562499999999982   
   0.8437500000000017     1.6687499999999982   
   0.8437500000000016     1.6812499999999981   
   0.8562500000000010     1.3812499999999988   
   0.8562500000000011     1.3937499999999989   
   0.8562500000000010     1.4062499999999989   
   0.8562500000000010     1.4187499999999988   
   0.8562500000000011     1.4312499999999986   
   0.8562500000000011     1.4437499999999985   
   0.8562500000000013     1.4562499999999989   
   0.8562500000000013     1.4687499999999987   
   0.8562500000000013     1.4812499999999984   
   0.8562500000000013     1.4937499999999986   
   0.8562500000000013     1.5062499999999983   
   0.8562500000000013     1.5187499999999985   
   0.8562500000000013     1.5312499999999982   
   0.8562500000000014     1.5437499999999986   
   0.8562500000000014     1.5562499999999984   
   0.8562500000000014     1.5687499999999983   
   0.8562500000000014     1.5812499999999983   
   0.8562500000000014     1.5937499999999984   
   0.8562500000000014     1.6062499999999986   
   0.8562500000000014     1.6187499999999986   
   0.8562500000000014     1.6312499999999983   
   0.8562500000000014     1.6437499999999980   
   0.8562500000000014     1.6562499999999982   
   0.8562500000000015     1.6687499999999982   
   0.8562500000000014     1.6812499999999981   
   0.8687500000000010     1.3812499999999988   
   0.8687500000000010     1.3937499999999989   
   0.8687500000000008     1.4062499999999987   
   0.8687500000000010     1.4187499999999986   
   0.8687500000000011     1.4312499999999988   
   0.8687500000000012     1.4437499999999988   
   0.8687500000000011     1.4562499999999987   
   0.8687500000000011     1.4687499999999987   
   0.8687500000000012     1.4812499999999984   
   0.8687500000000011     1.4937499999999984   
   0.8687500000000011     1.5062499999999985   
   0.8687500000000012     1.5187499999999985   
   0.8687500000000012     1.5312499999999982   
   0.8687500000000012     1.5437499999999984   
   0.8687500000000012     1.5562499999999984   
   0.8687500000000012     1.5687499999999983   
   0.8687500000000012     1.5812499999999985   
   0.8687500000000012     1.5937499999999987   
   0.8687500000000012     1.6062499999999984   
   0.8687500000000012     1.6187499999999984   
   0.8687500000000012     1.6312499999999983   
   0.8687500000000012     1.6437499999999980   
   0.8687500000000012     1.6562499999999982   
   0.8687500000000012     1.6687499999999980   
   0.8687500000000012     1.6812499999999981   
   0.8812500000000010     1.3812499999999990   
   0.8812500000000011     1.3937499999999989   
   0.8812500000000010     1.4062499999999987   
   0.8812500000000010     1.4187499999999986   
   0.8812500000000013     1.4312499999999986   
   0.8812500000000011     1.4437499999999988   
   0.8812500000000010     1.4562499999999989   
   0.8812500000000013     1.4687499999999987   
   0.8812500000000013     1.4812499999999984   
   0.8812500000000012     1.4937499999999984   
   0.8812500000000013     1.5062499999999985   
   0.8812500000000013     1.5187499999999985   
   0.8812500000000013     1.5312499999999984   
   0.8812500000000013     1.5437499999999984   
   0.8812500000000013     1.5562499999999981   
   0.8812500000000013     1.5687499999999983   
   0.8812500000000013     1.5812499999999983   
   0.8812500000000013     1.5937499999999982   
   0.8812500000000013     1.6062499999999982   
   0.8812500000000013     1.6187499999999981   
   0.8812500000000014     1.6312499999999981   
   0.8812500000000013     1.6437499999999980   
   0.8812500000000013     1.6562499999999982   
   0.8812500000000014     1.6687499999999982   
   0.8812500000000014     1.6812499999999981   
   0.8937500000000009     1.3812499999999990   
   0.8937500000000009     1.3937499999999989   
   0.8937500000000009     1.4062499999999987   
   0.8937500000000009     1.4187499999999986   
   0.8937500000000009     1.4312499999999986   
   0.8937500000000010     1.4437499999999985   
   0.8937500000000012     1.4562499999999987   
   0.8937500000000012     1.4687499999999987   
   0.8937500000000012     1.4812499999999984   
   0.8937500000000012     1.4937499999999984   
   0.8937500000000012     1.5062499999999983   
   0.8937500000000012     1.5187499999999985   
   0.8937500000000012     1.5312499999999982   
   0.8937500000000012     1.5437499999999982   
   0.8937500000000012     1.5562499999999981   
   0.8937500000000012     1.5687499999999983   
   0.8937500000000012     1.5812499999999983   
   0.8937500000000012     1.5937499999999984   
   0.8937500000000012     1.6062499999999984   
   0.8937500000000013     1.6187499999999986   
   0.8937500000000014     1.6312499999999983   
   0.8937500000000012     1.6437499999999980   
   0.8937500000000014     1.6562499999999980   
   0.8937500000000015     1.6687499999999980   
   0.8937500000000014     1.6812499999999984   
   0.9062500000000008     1.3812499999999990   
   0.9062500000000009     1.3937499999999989   
   0.9062500000000009     1.4062499999999987   
   0.9062500000000008     1.4187499999999986   
   0.9062500000000009     1.4312499999999988   
   0.9062500000000009     1.4437499999999988   
   0.9062500000000011     1.4562499999999985   
   0.9062500000000011     1.4687499999999984   
   0.9062500000000012     1.4812499999999984   
   0.9062500000000012     1.4937499999999984   
   0.9062500000000011     1.5062499999999983   
   0.9062500000000012     1.5187499999999983   
   0.9062500000000012     1.5312499999999982   
   0.9062500000000012     1.5437499999999984   
   0.9062500000000012     1.5562499999999981   
   0.9062500000000012     1.5687499999999979   
   0.9062500000000012     1.5812499999999980   
   0.9062500000000012     1.5937499999999982   
   0.9062500000000012     1.6062499999999982   
   0.9062500000000012     1.6187499999999986   
   0.9062500000000013     1.6312499999999983   
   0.9062500000000013     1.6437499999999983   
   0.9062500000000012     1.6562499999999982   
   0.9062500000000013     1.6687499999999980   
   0.9062500000000013     1.6812499999999981   
   0.9187500000000010     1.3812499999999990   
   0.9187500000000011     1.3937499999999989   
   0.9187500000000008     1.4062499999999987   
   0.9187500000000008     1.4187499999999988   
   0.9187500000000010     1.4312499999999990   
   0.9187500000000010     1.4437499999999988   
   0.9187500000000010     1.4562499999999985   
   0.9187500000000010     1.4687499999999982   
   0.9187500000000011     1.4812499999999984   
   0.9187500000000011     1.4937499999999986   
   0.9187500000000011     1.5062499999999983   
   0.9187500000000011     1.5187499999999983   
   0.9187500000000011     1.5312499999999982   
   0.9187500000000011     1.5437499999999982   
   0.9187500000000011     1.5562499999999981   
   0.9187500000000011     1.5687499999999979   
   0.9187500000000011     1.5812499999999980   
   0.9187500000000011     1.5937499999999984   
   0.9187500000000011     1.6062499999999984   
   0.9187500000000013     1.6187499999999984   
   0.9187500000000013     1.6312499999999983   
   0.9187500000000013     1.6437499999999978   
   0.9187500000000013     1.6562499999999982   
   0.9187500000000014     1.6687499999999980   
   0.9187500000000013     1.6812499999999984   
   0.9312500000000008     1.3812499999999988   
   0.9312500000000009     1.3937499999999989   
   0.9312500000000007     1.4062499999999987   
   0.9312500000000007     1.4187499999999988   
   0.9312500000000008     1.4312499999999986   
   0.9312500000000010     1.4437499999999985   
   0.9312500000000011     1.4562499999999985   
   0.9312500000000010     1.4687499999999984   
   0.9312500000000011     1.4812499999999986   
   0.9312500000000011     1.4937499999999986   
   0.9312500000000010     1.5062499999999985   
   0.9312500000000011     1.5187499999999985   
   0.9312500000000011     1.5312499999999984   
   0.9312500000000011     1.5437499999999984   
   0.9312500000000011     1.5562499999999979   
   0.9312500000000011     1.5687499999999979   
   0.9312500000000011     1.5812499999999980   
   0.9312500000000011     1.5937499999999984   
   0.9312500000000011     1.6062499999999984   
   0.9312500000000011     1.6187499999999986   
   0.9312500000000011     1.6312499999999983   
   0.9312500000000011     1.6437499999999980   
   0.9312500000000011     1.6562499999999982   
   0.9312500000000012     1.6687499999999982   
   0.9312500000000011     1.6812499999999981   
   0.9437500000000008     1.3812499999999990   
   0.9437500000000008     1.3937499999999989   
   0.9437500000000005     1.4062499999999987   
   0.9437500000000008     1.4187499999999986   
   0.9437500000000008     1.4312499999999986   
   0.9437500000000009     1.4437499999999985   
   0.9437500000000010     1.4562499999999985   
   0.9437500000000010     1.4687499999999982   
   0.9437500000000010     1.4812499999999984   
   0.9437500000000010     1.4937499999999984   
   0.9437500000000010     1.5062499999999983   
   0.9437500000000010     1.5187499999999985   
   0.9437500000000010     1.5312499999999987   
   0.9437500000000010     1.5437499999999984   
   0.9437500000000010     1.5562499999999981   
   0.9437500000000010     1.5687499999999979   
   0.9437500000000010     1.5812499999999980   
   0.9437500000000010     1.5937499999999982   
   0.9437500000000010     1.6062499999999982   
   0.9437500000000010     1.6187499999999981   
   0.9437500000000010     1.6312499999999979   
   0.9437500000000010     1.6437499999999980   
   0.9437500000000010     1.6562499999999980   
   0.9437500000000012     1.6687499999999980   
   0.9437500000000012     1.6812499999999984   
   0.9562500000000009     1.4687499999999982   
   0.9562500000000009     1.4812499999999984   
   0.9562500000000009     1.4937499999999986   
   0.9562500000000009     1.5062499999999979   
   0.9562500000000010     1.5187499999999980   
   0.9562500000000010     1.5312499999999982   
   0.9562500000000010     1.5437499999999982   
   0.9562500000000010     1.5562499999999981   
   0.9562500000000010     1.5687499999999979   
   0.9562500000000010     1.5812499999999980   
   0.9562500000000010     1.5937499999999982   
   0.9562500000000010     1.6062499999999980   
   0.9562500000000010     1.6187499999999979   
   0.9562500000000010     1.6312499999999979   
   0.9562500000000010     1.6437499999999980   
   0.9562500000000012     1.6562499999999978   
   0.9562500000000012     1.6687499999999980   
   0.9562500000000012     1.6812499999999981   
   0.9687500000000011     1.6687499999999980   
   0.9687500000000011     1.6812499999999981   
   0.9812500000000011     1.6687499999999980   
   0.9812500000000011     1.6812499999999979   
   0.9937500000000009     1.6687499999999980   
   0.9937500000000010     1.6812499999999981   
