   0.0062500000000000     0.0062500000000025   
   0.0062500000000000     0.0187500000000050   
   0.0062500000000000     0.0312500000000050   
   0.0062500000000001     0.0437500000000049   
   0.0062500000000001     0.0562500000000049   
   0.0062500000000001     0.0687500000000048   
   0.0062500000000001     0.0812500000000048   
   0.0062500000000001     0.0937500000000047   
   0.0062500000000001     0.1062500000000047   
   0.0062500000000002     0.1187500000000047   
   0.0062500000000002     0.1312500000000046   
   0.0062500000000002     0.1437500000000046   
   0.0062500000000002     0.1562500000000045   
   0.0062500000000002     0.1687500000000045   
   0.0062500000000002     0.1812500000000045   
   0.0062500000000002     0.1937500000000044   
   0.0062500000000003     0.2062500000000043   
   0.0062500000000003     0.2187500000000043   
   0.0062500000000003     0.2312500000000043   
   0.0062500000000003     0.2437500000000042   
   0.0062500000000003     0.2562500000000042   
   0.0062500000000003     0.2687500000000042   
   0.0062500000000004     0.2812500000000041   
   0.0062500000000004     0.2937500000000041   
   0.0062500000000004     0.3062500000000040   
   0.0062500000000004     0.3187500000000040   
   0.0062500000000004     0.3312500000000039   
   0.0062500000000004     0.3437500000000039   
   0.0062500000000005     0.3562500000000038   
   0.0062500000000005     0.3687500000000038   
   0.0062500000000005     0.3812500000000038   
   0.0062500000000005     0.3937500000000037   
   0.0062500000000005     0.4062500000000037   
   0.0062500000000005     0.4187500000000036   
   0.0062500000000005     0.4312500000000036   
   0.0062500000000006     0.4437500000000035   
   0.0062500000000006     0.4562500000000035   
   0.0062500000000006     0.4687500000000034   
   0.0062500000000006     0.4812500000000034   
   0.0062500000000006     0.4937500000000034   
   0.0062500000000006     0.5062500000000033   
   0.0062500000000007     0.5187500000000033   
   0.0062500000000007     0.5312500000000032   
   0.0187500000000000     0.0062500000000025   
   0.0187500000000000     0.0187500000000050   
   0.0187500000000001     0.0312500000000049   
   0.0187500000000001     0.0437500000000049   
   0.0187500000000001     0.0562500000000049   
   0.0187500000000002     0.0687500000000048   
   0.0187500000000002     0.0812500000000048   
   0.0187500000000002     0.0937500000000047   
   0.0187500000000003     0.1062500000000047   
   0.0187500000000003     0.1187500000000047   
   0.0187500000000003     0.1312500000000046   
   0.0187500000000004     0.1437500000000045   
   0.0187500000000004     0.1562500000000045   
   0.0187500000000004     0.1687500000000045   
   0.0187500000000005     0.1812500000000044   
   0.0187500000000005     0.1937500000000044   
   0.0187500000000005     0.2062500000000043   
   0.0187500000000006     0.2187500000000043   
   0.0187500000000006     0.2312500000000042   
   0.0187500000000006     0.2437500000000042   
   0.0187500000000006     0.2562500000000041   
   0.0187500000000007     0.2687500000000042   
   0.0187500000000007     0.2812500000000041   
   0.0187500000000007     0.2937500000000041   
   0.0187500000000008     0.3062500000000040   
   0.0187500000000008     0.3187500000000040   
   0.0187500000000008     0.3312500000000039   
   0.0187500000000009     0.3437500000000038   
   0.0187500000000009     0.3562500000000037   
   0.0187500000000009     0.3687500000000038   
   0.0187500000000010     0.3812500000000038   
   0.0187500000000010     0.3937500000000037   
   0.0187500000000010     0.4062500000000037   
   0.0187500000000011     0.4187500000000036   
   0.0187500000000011     0.4312500000000035   
   0.0187500000000011     0.4437500000000034   
   0.0187500000000011     0.4562500000000034   
   0.0187500000000012     0.4687500000000034   
   0.0187500000000012     0.4812500000000034   
   0.0187500000000012     0.4937500000000034   
   0.0187500000000013     0.5062500000000033   
   0.0187500000000013     0.5187500000000033   
   0.0187500000000013     0.5312500000000031   
   0.0312500000000000     0.0062500000000025   
   0.0312500000000001     0.0187500000000050   
   0.0312500000000001     0.0312500000000049   
   0.0312500000000001     0.0437500000000049   
   0.0312500000000001     0.0562500000000048   
   0.0312500000000002     0.0687500000000048   
   0.0312500000000002     0.0812500000000047   
   0.0312500000000002     0.0937500000000047   
   0.0312500000000003     0.1062500000000047   
   0.0312500000000003     0.1187500000000046   
   0.0312500000000003     0.1312500000000045   
   0.0312500000000004     0.1437500000000045   
   0.0312500000000004     0.1562500000000045   
   0.0312500000000004     0.1687500000000045   
   0.0312500000000005     0.1812500000000044   
   0.0312500000000005     0.1937500000000044   
   0.0312500000000005     0.2062500000000043   
   0.0312500000000006     0.2187500000000043   
   0.0312500000000006     0.2312500000000042   
   0.0312500000000006     0.2437500000000041   
   0.0312500000000006     0.2562500000000041   
   0.0312500000000007     0.2687500000000042   
   0.0312500000000007     0.2812500000000041   
   0.0312500000000007     0.2937500000000041   
   0.0312500000000008     0.3062500000000040   
   0.0312500000000008     0.3187500000000039   
   0.0312500000000008     0.3312500000000038   
   0.0312500000000009     0.3437500000000038   
   0.0312500000000009     0.3562500000000037   
   0.0312500000000009     0.3687500000000037   
   0.0312500000000010     0.3812500000000038   
   0.0312500000000010     0.3937500000000037   
   0.0312500000000010     0.4062500000000037   
   0.0312500000000011     0.4187500000000036   
   0.0312500000000011     0.4312500000000035   
   0.0312500000000011     0.4437500000000034   
   0.0312500000000011     0.4562500000000034   
   0.0312500000000012     0.4687500000000034   
   0.0312500000000012     0.4812500000000035   
   0.0312500000000012     0.4937500000000032   
   0.0312500000000013     0.5062500000000032   
   0.0312500000000013     0.5187500000000033   
   0.0312500000000013     0.5312500000000032   
   0.0437500000000000     0.0062500000000025   
   0.0437500000000000     0.0187500000000049   
   0.0437500000000001     0.0312500000000049   
   0.0437500000000001     0.0437500000000048   
   0.0437500000000001     0.0562500000000048   
   0.0437500000000002     0.0687500000000048   
   0.0437500000000002     0.0812500000000047   
   0.0437500000000002     0.0937500000000047   
   0.0437500000000003     0.1062500000000046   
   0.0437500000000003     0.1187500000000046   
   0.0437500000000003     0.1312500000000045   
   0.0437500000000004     0.1437500000000045   
   0.0437500000000004     0.1562500000000045   
   0.0437500000000004     0.1687500000000044   
   0.0437500000000004     0.1812500000000044   
   0.0437500000000005     0.1937500000000043   
   0.0437500000000005     0.2062500000000043   
   0.0437500000000006     0.2187500000000042   
   0.0437500000000006     0.2312500000000042   
   0.0437500000000006     0.2437500000000041   
   0.0437500000000006     0.2562500000000041   
   0.0437500000000007     0.2687500000000040   
   0.0437500000000007     0.2812500000000041   
   0.0437500000000007     0.2937500000000041   
   0.0437500000000008     0.3062500000000040   
   0.0437500000000008     0.3187500000000039   
   0.0437500000000008     0.3312500000000038   
   0.0437500000000009     0.3437500000000038   
   0.0437500000000009     0.3562500000000037   
   0.0437500000000009     0.3687500000000038   
   0.0437500000000009     0.3812500000000038   
   0.0437500000000010     0.3937500000000037   
   0.0437500000000010     0.4062500000000037   
   0.0437500000000010     0.4187500000000036   
   0.0437500000000011     0.4312500000000035   
   0.0437500000000011     0.4437500000000034   
   0.0437500000000011     0.4562500000000034   
   0.0437500000000012     0.4687500000000034   
   0.0437500000000012     0.4812500000000034   
   0.0437500000000012     0.4937500000000032   
   0.0437500000000012     0.5062500000000032   
   0.0437500000000013     0.5187500000000032   
   0.0437500000000013     0.5312500000000031   
   0.0562500000000000     0.0062500000000025   
   0.0562500000000000     0.0187500000000049   
   0.0562500000000001     0.0312500000000049   
   0.0562500000000001     0.0437500000000048   
   0.0562500000000001     0.0562500000000048   
   0.0562500000000002     0.0687500000000047   
   0.0562500000000002     0.0812500000000047   
   0.0562500000000002     0.0937500000000046   
   0.0562500000000003     0.1062500000000046   
   0.0562500000000003     0.1187500000000045   
   0.0562500000000003     0.1312500000000045   
   0.0562500000000004     0.1437500000000045   
   0.0562500000000004     0.1562500000000044   
   0.0562500000000004     0.1687500000000044   
   0.0562500000000004     0.1812500000000044   
   0.0562500000000005     0.1937500000000043   
   0.0562500000000005     0.2062500000000042   
   0.0562500000000005     0.2187500000000042   
   0.0562500000000006     0.2312500000000042   
   0.0562500000000006     0.2437500000000041   
   0.0562500000000006     0.2562500000000040   
   0.0562500000000007     0.2687500000000040   
   0.0562500000000007     0.2812500000000040   
   0.0562500000000007     0.2937500000000040   
   0.0562500000000008     0.3062500000000040   
   0.0562500000000008     0.3187500000000039   
   0.0562500000000008     0.3312500000000038   
   0.0562500000000008     0.3437500000000038   
   0.0562500000000009     0.3562500000000037   
   0.0562500000000009     0.3687500000000037   
   0.0562500000000009     0.3812500000000036   
   0.0562500000000010     0.3937500000000036   
   0.0562500000000010     0.4062500000000037   
   0.0562500000000010     0.4187500000000036   
   0.0562500000000011     0.4312500000000035   
   0.0562500000000011     0.4437500000000034   
   0.0562500000000011     0.4562500000000034   
   0.0562500000000011     0.4687500000000033   
   0.0562500000000012     0.4812500000000033   
   0.0562500000000012     0.4937500000000032   
   0.0562500000000012     0.5062500000000031   
   0.0562500000000013     0.5187500000000030   
   0.0562500000000013     0.5312500000000031   
   0.0687500000000000     0.0062500000000024   
   0.0687500000000000     0.0187500000000049   
   0.0687500000000001     0.0312500000000048   
   0.0687500000000001     0.0437500000000048   
   0.0687500000000001     0.0562500000000047   
   0.0687500000000002     0.0687500000000047   
   0.0687500000000002     0.0812500000000047   
   0.0687500000000002     0.0937500000000046   
   0.0687500000000003     0.1062500000000046   
   0.0687500000000003     0.1187500000000045   
   0.0687500000000003     0.1312500000000045   
   0.0687500000000003     0.1437500000000044   
   0.0687500000000004     0.1562500000000044   
   0.0687500000000004     0.1687500000000044   
   0.0687500000000004     0.1812500000000043   
   0.0687500000000005     0.1937500000000043   
   0.0687500000000005     0.2062500000000042   
   0.0687500000000005     0.2187500000000042   
   0.0687500000000006     0.2312500000000041   
   0.0687500000000006     0.2437500000000041   
   0.0687500000000006     0.2562500000000041   
   0.0687500000000006     0.2687500000000040   
   0.0687500000000007     0.2812500000000039   
   0.0687500000000007     0.2937500000000039   
   0.0687500000000008     0.3062500000000039   
   0.0687500000000008     0.3187500000000039   
   0.0687500000000008     0.3312500000000038   
   0.0687500000000008     0.3437500000000038   
   0.0687500000000009     0.3562500000000037   
   0.0687500000000009     0.3687500000000036   
   0.0687500000000009     0.3812500000000036   
   0.0687500000000009     0.3937500000000036   
   0.0687500000000010     0.4062500000000036   
   0.0687500000000010     0.4187500000000036   
   0.0687500000000010     0.4312500000000035   
   0.0687500000000011     0.4437500000000034   
   0.0687500000000011     0.4562500000000033   
   0.0687500000000011     0.4687500000000033   
   0.0687500000000012     0.4812500000000033   
   0.0687500000000012     0.4937500000000032   
   0.0687500000000012     0.5062500000000032   
   0.0687500000000013     0.5187500000000032   
   0.0687500000000013     0.5312500000000030   
   0.0812500000000000     0.0062500000000024   
   0.0812500000000000     0.0187500000000048   
   0.0812500000000001     0.0312500000000048   
   0.0812500000000001     0.0437500000000048   
   0.0812500000000001     0.0562500000000047   
   0.0812500000000002     0.0687500000000047   
   0.0812500000000002     0.0812500000000046   
   0.0812500000000002     0.0937500000000046   
   0.0812500000000003     0.1062500000000045   
   0.0812500000000003     0.1187500000000045   
   0.0812500000000003     0.1312500000000044   
   0.0812500000000003     0.1437500000000044   
   0.0812500000000004     0.1562500000000044   
   0.0812500000000004     0.1687500000000043   
   0.0812500000000004     0.1812500000000042   
   0.0812500000000005     0.1937500000000043   
   0.0812500000000005     0.2062500000000042   
   0.0812500000000005     0.2187500000000042   
   0.0812500000000006     0.2312500000000041   
   0.0812500000000006     0.2437500000000041   
   0.0812500000000006     0.2562500000000040   
   0.0812500000000006     0.2687500000000039   
   0.0812500000000007     0.2812500000000039   
   0.0812500000000007     0.2937500000000038   
   0.0812500000000007     0.3062500000000039   
   0.0812500000000008     0.3187500000000039   
   0.0812500000000008     0.3312500000000038   
   0.0812500000000008     0.3437500000000038   
   0.0812500000000008     0.3562500000000037   
   0.0812500000000009     0.3687500000000036   
   0.0812500000000009     0.3812500000000036   
   0.0812500000000009     0.3937500000000035   
   0.0812500000000010     0.4062500000000036   
   0.0812500000000010     0.4187500000000036   
   0.0812500000000010     0.4312500000000035   
   0.0812500000000011     0.4437500000000034   
   0.0812500000000011     0.4562500000000034   
   0.0812500000000011     0.4687500000000033   
   0.0812500000000012     0.4812500000000033   
   0.0812500000000012     0.4937500000000031   
   0.0812500000000012     0.5062500000000031   
   0.0812500000000013     0.5187500000000030   
   0.0812500000000013     0.5312500000000030   
   0.0937500000000000     0.0062500000000024   
   0.0937500000000000     0.0187500000000048   
   0.0937500000000001     0.0312500000000048   
   0.0937500000000001     0.0437500000000047   
   0.0937500000000001     0.0562500000000047   
   0.0937500000000002     0.0687500000000046   
   0.0937500000000002     0.0812500000000046   
   0.0937500000000002     0.0937500000000046   
   0.0937500000000002     0.1062500000000045   
   0.0937500000000003     0.1187500000000045   
   0.0937500000000003     0.1312500000000044   
   0.0937500000000003     0.1437500000000044   
   0.0937500000000004     0.1562500000000043   
   0.0937500000000004     0.1687500000000043   
   0.0937500000000004     0.1812500000000042   
   0.0937500000000005     0.1937500000000042   
   0.0937500000000005     0.2062500000000042   
   0.0937500000000005     0.2187500000000041   
   0.0937500000000005     0.2312500000000041   
   0.0937500000000006     0.2437500000000041   
   0.0937500000000006     0.2562500000000040   
   0.0937500000000006     0.2687500000000039   
   0.0937500000000007     0.2812500000000039   
   0.0937500000000007     0.2937500000000038   
   0.0937500000000007     0.3062500000000038   
   0.0937500000000008     0.3187500000000038   
   0.0937500000000008     0.3312500000000038   
   0.0937500000000008     0.3437500000000038   
   0.0937500000000008     0.3562500000000037   
   0.0937500000000009     0.3687500000000036   
   0.0937500000000009     0.3812500000000035   
   0.0937500000000009     0.3937500000000035   
   0.0937500000000010     0.4062500000000036   
   0.0937500000000010     0.4187500000000035   
   0.0937500000000010     0.4312500000000035   
   0.0937500000000011     0.4437500000000034   
   0.0937500000000011     0.4562500000000034   
   0.0937500000000011     0.4687500000000033   
   0.0937500000000011     0.4812500000000033   
   0.0937500000000012     0.4937500000000032   
   0.0937500000000012     0.5062500000000031   
   0.0937500000000012     0.5187500000000030   
   0.0937500000000013     0.5312500000000030   
   0.1062500000000000     0.0062500000000024   
   0.1062500000000000     0.0187500000000048   
   0.1062500000000001     0.0312500000000047   
   0.1062500000000001     0.0437500000000047   
   0.1062500000000001     0.0562500000000046   
   0.1062500000000001     0.0687500000000046   
   0.1062500000000002     0.0812500000000046   
   0.1062500000000002     0.0937500000000045   
   0.1062500000000002     0.1062500000000045   
   0.1062500000000003     0.1187500000000044   
   0.1062500000000003     0.1312500000000044   
   0.1062500000000003     0.1437500000000044   
   0.1062500000000004     0.1562500000000043   
   0.1062500000000004     0.1687500000000043   
   0.1062500000000004     0.1812500000000042   
   0.1062500000000005     0.1937500000000042   
   0.1062500000000005     0.2062500000000041   
   0.1062500000000005     0.2187500000000041   
   0.1062500000000005     0.2312500000000041   
   0.1062500000000006     0.2437500000000040   
   0.1062500000000006     0.2562500000000040   
   0.1062500000000006     0.2687500000000039   
   0.1062500000000006     0.2812500000000039   
   0.1062500000000007     0.2937500000000038   
   0.1062500000000007     0.3062500000000038   
   0.1062500000000008     0.3187500000000038   
   0.1062500000000008     0.3312500000000038   
   0.1062500000000008     0.3437500000000037   
   0.1062500000000008     0.3562500000000037   
   0.1062500000000009     0.3687500000000036   
   0.1062500000000009     0.3812500000000035   
   0.1062500000000009     0.3937500000000035   
   0.1062500000000010     0.4062500000000034   
   0.1062500000000010     0.4187500000000035   
   0.1062500000000010     0.4312500000000035   
   0.1062500000000010     0.4437500000000034   
   0.1062500000000011     0.4562500000000034   
   0.1062500000000011     0.4687500000000032   
   0.1062500000000011     0.4812500000000032   
   0.1062500000000012     0.4937500000000031   
   0.1062500000000012     0.5062500000000031   
   0.1062500000000012     0.5187500000000032   
   0.1062500000000013     0.5312500000000030   
   0.1187500000000000     0.0062500000000024   
   0.1187500000000000     0.0187500000000047   
   0.1187500000000000     0.0312500000000047   
   0.1187500000000001     0.0437500000000047   
   0.1187500000000001     0.0562500000000046   
   0.1187500000000001     0.0687500000000046   
   0.1187500000000002     0.0812500000000045   
   0.1187500000000002     0.0937500000000045   
   0.1187500000000002     0.1062500000000044   
   0.1187500000000003     0.1187500000000044   
   0.1187500000000003     0.1312500000000044   
   0.1187500000000003     0.1437500000000043   
   0.1187500000000004     0.1562500000000043   
   0.1187500000000004     0.1687500000000042   
   0.1187500000000004     0.1812500000000042   
   0.1187500000000004     0.1937500000000041   
   0.1187500000000005     0.2062500000000041   
   0.1187500000000005     0.2187500000000041   
   0.1187500000000005     0.2312500000000040   
   0.1187500000000005     0.2437500000000040   
   0.1187500000000006     0.2562500000000040   
   0.1187500000000006     0.2687500000000039   
   0.1187500000000007     0.2812500000000039   
   0.1187500000000007     0.2937500000000038   
   0.1187500000000007     0.3062500000000038   
   0.1187500000000008     0.3187500000000038   
   0.1187500000000008     0.3312500000000037   
   0.1187500000000008     0.3437500000000037   
   0.1187500000000008     0.3562500000000036   
   0.1187500000000009     0.3687500000000036   
   0.1187500000000009     0.3812500000000035   
   0.1187500000000009     0.3937500000000035   
   0.1187500000000009     0.4062500000000034   
   0.1187500000000010     0.4187500000000035   
   0.1187500000000010     0.4312500000000034   
   0.1187500000000010     0.4437500000000034   
   0.1187500000000010     0.4562500000000033   
   0.1187500000000011     0.4687500000000032   
   0.1187500000000011     0.4812500000000031   
   0.1187500000000011     0.4937500000000031   
   0.1187500000000012     0.5062500000000030   
   0.1187500000000012     0.5187500000000030   
   0.1187500000000012     0.5312500000000030   
   0.1312500000000000     0.0062500000000024   
   0.1312500000000000     0.0187500000000047   
   0.1312500000000000     0.0312500000000047   
   0.1312500000000001     0.0437500000000046   
   0.1312500000000001     0.0562500000000046   
   0.1312500000000001     0.0687500000000045   
   0.1312500000000002     0.0812500000000045   
   0.1312500000000002     0.0937500000000044   
   0.1312500000000003     0.1062500000000044   
   0.1312500000000003     0.1187500000000044   
   0.1312500000000003     0.1312500000000043   
   0.1312500000000003     0.1437500000000043   
   0.1312500000000003     0.1562500000000042   
   0.1312500000000004     0.1687500000000042   
   0.1312500000000004     0.1812500000000041   
   0.1312500000000004     0.1937500000000041   
   0.1312500000000004     0.2062500000000041   
   0.1312500000000005     0.2187500000000041   
   0.1312500000000005     0.2312500000000040   
   0.1312500000000005     0.2437500000000040   
   0.1312500000000006     0.2562500000000039   
   0.1312500000000006     0.2687500000000039   
   0.1312500000000006     0.2812500000000039   
   0.1312500000000006     0.2937500000000038   
   0.1312500000000007     0.3062500000000038   
   0.1312500000000008     0.3187500000000038   
   0.1312500000000008     0.3312500000000037   
   0.1312500000000008     0.3437500000000037   
   0.1312500000000008     0.3562500000000036   
   0.1312500000000009     0.3687500000000036   
   0.1312500000000009     0.3812500000000035   
   0.1312500000000009     0.3937500000000035   
   0.1312500000000010     0.4062500000000034   
   0.1312500000000010     0.4187500000000034   
   0.1312500000000010     0.4312500000000034   
   0.1312500000000010     0.4437500000000033   
   0.1312500000000010     0.4562500000000033   
   0.1312500000000011     0.4687500000000032   
   0.1312500000000011     0.4812500000000032   
   0.1312500000000011     0.4937500000000031   
   0.1312500000000011     0.5062500000000031   
   0.1312500000000012     0.5187500000000030   
   0.1312500000000012     0.5312500000000030   
   0.1437500000000000     0.0062500000000023   
   0.1437500000000000     0.0187500000000047   
   0.1437500000000000     0.0312500000000046   
   0.1437500000000001     0.0437500000000046   
   0.1437500000000001     0.0562500000000046   
   0.1437500000000002     0.0687500000000045   
   0.1437500000000002     0.0812500000000045   
   0.1437500000000002     0.0937500000000044   
   0.1437500000000002     0.1062500000000044   
   0.1437500000000003     0.1187500000000044   
   0.1437500000000003     0.1312500000000043   
   0.1437500000000003     0.1437500000000043   
   0.1437500000000003     0.1562500000000042   
   0.1437500000000004     0.1687500000000042   
   0.1437500000000004     0.1812500000000041   
   0.1437500000000004     0.1937500000000041   
   0.1437500000000004     0.2062500000000041   
   0.1437500000000005     0.2187500000000040   
   0.1437500000000005     0.2312500000000040   
   0.1437500000000005     0.2437500000000040   
   0.1437500000000005     0.2562500000000039   
   0.1437500000000006     0.2687500000000038   
   0.1437500000000006     0.2812500000000039   
   0.1437500000000007     0.2937500000000038   
   0.1437500000000007     0.3062500000000038   
   0.1437500000000007     0.3187500000000037   
   0.1437500000000008     0.3312500000000036   
   0.1437500000000008     0.3437500000000036   
   0.1437500000000008     0.3562500000000036   
   0.1437500000000008     0.3687500000000036   
   0.1437500000000009     0.3812500000000035   
   0.1437500000000009     0.3937500000000035   
   0.1437500000000009     0.4062500000000034   
   0.1437500000000010     0.4187500000000034   
   0.1437500000000010     0.4312500000000034   
   0.1437500000000010     0.4437500000000033   
   0.1437500000000010     0.4562500000000033   
   0.1437500000000011     0.4687500000000033   
   0.1437500000000011     0.4812500000000032   
   0.1437500000000012     0.4937500000000031   
   0.1437500000000012     0.5062500000000031   
   0.1437500000000012     0.5187500000000030   
   0.1437500000000012     0.5312500000000031   
   0.1562500000000000     0.0062500000000023   
   0.1562500000000000     0.0187500000000046   
   0.1562500000000001     0.0312500000000046   
   0.1562500000000001     0.0437500000000046   
   0.1562500000000001     0.0562500000000045   
   0.1562500000000001     0.0687500000000045   
   0.1562500000000002     0.0812500000000044   
   0.1562500000000002     0.0937500000000044   
   0.1562500000000002     0.1062500000000043   
   0.1562500000000003     0.1187500000000043   
   0.1562500000000003     0.1312500000000043   
   0.1562500000000003     0.1437500000000043   
   0.1562500000000003     0.1562500000000042   
   0.1562500000000004     0.1687500000000042   
   0.1562500000000004     0.1812500000000041   
   0.1562500000000004     0.1937500000000041   
   0.1562500000000005     0.2062500000000040   
   0.1562500000000005     0.2187500000000040   
   0.1562500000000005     0.2312500000000040   
   0.1562500000000006     0.2437500000000039   
   0.1562500000000006     0.2562500000000039   
   0.1562500000000006     0.2687500000000038   
   0.1562500000000006     0.2812500000000038   
   0.1562500000000007     0.2937500000000038   
   0.1562500000000007     0.3062500000000038   
   0.1562500000000007     0.3187500000000036   
   0.1562500000000008     0.3312500000000036   
   0.1562500000000008     0.3437500000000036   
   0.1562500000000008     0.3562500000000035   
   0.1562500000000008     0.3687500000000035   
   0.1562500000000009     0.3812500000000035   
   0.1562500000000009     0.3937500000000035   
   0.1562500000000009     0.4062500000000034   
   0.1562500000000009     0.4187500000000033   
   0.1562500000000009     0.4312500000000032   
   0.1562500000000010     0.4437500000000032   
   0.1562500000000011     0.4562500000000033   
   0.1562500000000011     0.4687500000000032   
   0.1562500000000011     0.4812500000000032   
   0.1562500000000011     0.4937500000000031   
   0.1562500000000012     0.5062500000000032   
   0.1562500000000012     0.5187500000000032   
   0.1562500000000012     0.5312500000000031   
   0.1687500000000000     0.0062500000000023   
   0.1687500000000001     0.0187500000000046   
   0.1687500000000001     0.0312500000000046   
   0.1687500000000001     0.0437500000000045   
   0.1687500000000001     0.0562500000000045   
   0.1687500000000001     0.0687500000000044   
   0.1687500000000002     0.0812500000000044   
   0.1687500000000002     0.0937500000000044   
   0.1687500000000002     0.1062500000000043   
   0.1687500000000003     0.1187500000000043   
   0.1687500000000003     0.1312500000000043   
   0.1687500000000003     0.1437500000000042   
   0.1687500000000003     0.1562500000000042   
   0.1687500000000004     0.1687500000000041   
   0.1687500000000004     0.1812500000000041   
   0.1687500000000005     0.1937500000000041   
   0.1687500000000005     0.2062500000000040   
   0.1687500000000005     0.2187500000000040   
   0.1687500000000006     0.2312500000000039   
   0.1687500000000006     0.2437500000000039   
   0.1687500000000006     0.2562500000000039   
   0.1687500000000006     0.2687500000000038   
   0.1687500000000006     0.2812500000000038   
   0.1687500000000007     0.2937500000000037   
   0.1687500000000007     0.3062500000000037   
   0.1687500000000007     0.3187500000000037   
   0.1687500000000007     0.3312500000000036   
   0.1687500000000008     0.3437500000000036   
   0.1687500000000008     0.3562500000000035   
   0.1687500000000008     0.3687500000000035   
   0.1687500000000009     0.3812500000000035   
   0.1687500000000009     0.3937500000000035   
   0.1687500000000010     0.4062500000000034   
   0.1687500000000010     0.4187500000000033   
   0.1687500000000010     0.4312500000000032   
   0.1687500000000010     0.4437500000000032   
   0.1687500000000010     0.4562500000000032   
   0.1687500000000011     0.4687500000000032   
   0.1687500000000011     0.4812500000000032   
   0.1687500000000012     0.4937500000000032   
   0.1687500000000012     0.5062500000000032   
   0.1687500000000012     0.5187500000000030   
   0.1687500000000012     0.5312500000000030   
   0.1812500000000000     0.0062500000000023   
   0.1812500000000001     0.0187500000000046   
   0.1812500000000001     0.0312500000000046   
   0.1812500000000001     0.0437500000000045   
   0.1812500000000002     0.0562500000000045   
   0.1812500000000002     0.0687500000000044   
   0.1812500000000002     0.0812500000000044   
   0.1812500000000002     0.0937500000000043   
   0.1812500000000003     0.1062500000000043   
   0.1812500000000003     0.1187500000000042   
   0.1812500000000003     0.1312500000000042   
   0.1812500000000003     0.1437500000000042   
   0.1812500000000004     0.1562500000000042   
   0.1812500000000004     0.1687500000000041   
   0.1812500000000004     0.1812500000000040   
   0.1812500000000005     0.1937500000000040   
   0.1812500000000005     0.2062500000000040   
   0.1812500000000005     0.2187500000000039   
   0.1812500000000005     0.2312500000000038   
   0.1812500000000006     0.2437500000000039   
   0.1812500000000006     0.2562500000000038   
   0.1812500000000006     0.2687500000000038   
   0.1812500000000007     0.2812500000000038   
   0.1812500000000007     0.2937500000000037   
   0.1812500000000007     0.3062500000000036   
   0.1812500000000007     0.3187500000000036   
   0.1812500000000007     0.3312500000000036   
   0.1812500000000007     0.3437500000000036   
   0.1812500000000008     0.3562500000000035   
   0.1812500000000008     0.3687500000000035   
   0.1812500000000009     0.3812500000000034   
   0.1812500000000009     0.3937500000000035   
   0.1812500000000009     0.4062500000000034   
   0.1812500000000009     0.4187500000000033   
   0.1812500000000010     0.4312500000000032   
   0.1812500000000010     0.4437500000000032   
   0.1812500000000010     0.4562500000000032   
   0.1812500000000011     0.4687500000000031   
   0.1812500000000011     0.4812500000000032   
   0.1812500000000011     0.4937500000000031   
   0.1812500000000012     0.5062500000000031   
   0.1812500000000012     0.5187500000000030   
   0.1812500000000012     0.5312500000000030   
   0.1937500000000000     0.0062500000000023   
   0.1937500000000001     0.0187500000000046   
   0.1937500000000001     0.0312500000000045   
   0.1937500000000001     0.0437500000000045   
   0.1937500000000001     0.0562500000000044   
   0.1937500000000002     0.0687500000000044   
   0.1937500000000002     0.0812500000000044   
   0.1937500000000003     0.0937500000000043   
   0.1937500000000003     0.1062500000000043   
   0.1937500000000003     0.1187500000000042   
   0.1937500000000003     0.1312500000000042   
   0.1937500000000003     0.1437500000000042   
   0.1937500000000004     0.1562500000000041   
   0.1937500000000004     0.1687500000000041   
   0.1937500000000004     0.1812500000000040   
   0.1937500000000005     0.1937500000000040   
   0.1937500000000005     0.2062500000000040   
   0.1937500000000005     0.2187500000000039   
   0.1937500000000006     0.2312500000000038   
   0.1937500000000006     0.2437500000000038   
   0.1937500000000006     0.2562500000000039   
   0.1937500000000006     0.2687500000000037   
   0.1937500000000006     0.2812500000000037   
   0.1937500000000007     0.2937500000000036   
   0.1937500000000007     0.3062500000000036   
   0.1937500000000008     0.3187500000000036   
   0.1937500000000008     0.3312500000000036   
   0.1937500000000008     0.3437500000000036   
   0.1937500000000009     0.3562500000000035   
   0.1937500000000009     0.3687500000000034   
   0.1937500000000009     0.3812500000000034   
   0.1937500000000009     0.3937500000000034   
   0.1937500000000010     0.4062500000000033   
   0.1937500000000010     0.4187500000000033   
   0.1937500000000010     0.4312500000000032   
   0.1937500000000010     0.4437500000000032   
   0.1937500000000010     0.4562500000000032   
   0.1937500000000011     0.4687500000000031   
   0.1937500000000011     0.4812500000000031   
   0.1937500000000011     0.4937500000000031   
   0.1937500000000011     0.5062500000000031   
   0.1937500000000012     0.5187500000000030   
   0.1937500000000012     0.5312500000000030   
   0.2062500000000000     0.0062500000000023   
   0.2062500000000001     0.0187500000000045   
   0.2062500000000001     0.0312500000000045   
   0.2062500000000001     0.0437500000000045   
   0.2062500000000002     0.0562500000000044   
   0.2062500000000002     0.0687500000000044   
   0.2062500000000002     0.0812500000000043   
   0.2062500000000002     0.0937500000000043   
   0.2062500000000003     0.1062500000000042   
   0.2062500000000003     0.1187500000000042   
   0.2062500000000004     0.1312500000000042   
   0.2062500000000004     0.1437500000000042   
   0.2062500000000004     0.1562500000000041   
   0.2062500000000004     0.1687500000000040   
   0.2062500000000004     0.1812500000000040   
   0.2062500000000005     0.1937500000000040   
   0.2062500000000005     0.2062500000000039   
   0.2062500000000005     0.2187500000000039   
   0.2062500000000006     0.2312500000000038   
   0.2062500000000006     0.2437500000000039   
   0.2062500000000006     0.2562500000000038   
   0.2062500000000006     0.2687500000000037   
   0.2062500000000007     0.2812500000000037   
   0.2062500000000007     0.2937500000000036   
   0.2062500000000007     0.3062500000000036   
   0.2062500000000007     0.3187500000000036   
   0.2062500000000008     0.3312500000000036   
   0.2062500000000008     0.3437500000000036   
   0.2062500000000008     0.3562500000000035   
   0.2062500000000008     0.3687500000000034   
   0.2062500000000008     0.3812500000000034   
   0.2062500000000009     0.3937500000000034   
   0.2062500000000010     0.4062500000000033   
   0.2062500000000010     0.4187500000000033   
   0.2062500000000010     0.4312500000000032   
   0.2062500000000010     0.4437500000000032   
   0.2062500000000010     0.4562500000000032   
   0.2062500000000010     0.4687500000000031   
   0.2062500000000011     0.4812500000000031   
   0.2062500000000011     0.4937500000000031   
   0.2062500000000012     0.5062500000000030   
   0.2062500000000012     0.5187500000000029   
   0.2062500000000012     0.5312500000000029   
   0.2062500000000012     0.5437500000000030   
   0.2187500000000001     0.0062500000000023   
   0.2187500000000001     0.0187500000000045   
   0.2187500000000001     0.0312500000000045   
   0.2187500000000002     0.0437500000000044   
   0.2187500000000002     0.0562500000000044   
   0.2187500000000002     0.0687500000000043   
   0.2187500000000002     0.0812500000000043   
   0.2187500000000002     0.0937500000000043   
   0.2187500000000003     0.1062500000000042   
   0.2187500000000003     0.1187500000000042   
   0.2187500000000003     0.1312500000000041   
   0.2187500000000003     0.1437500000000041   
   0.2187500000000004     0.1562500000000041   
   0.2187500000000004     0.1687500000000040   
   0.2187500000000004     0.1812500000000040   
   0.2187500000000005     0.1937500000000039   
   0.2187500000000005     0.2062500000000039   
   0.2187500000000006     0.2187500000000038   
   0.2187500000000006     0.2312500000000038   
   0.2187500000000006     0.2437500000000038   
   0.2187500000000006     0.2562500000000038   
   0.2187500000000006     0.2687500000000037   
   0.2187500000000007     0.2812500000000037   
   0.2187500000000007     0.2937500000000036   
   0.2187500000000007     0.3062500000000036   
   0.2187500000000008     0.3187500000000035   
   0.2187500000000008     0.3312500000000035   
   0.2187500000000008     0.3437500000000035   
   0.2187500000000008     0.3562500000000035   
   0.2187500000000008     0.3687500000000034   
   0.2187500000000008     0.3812500000000034   
   0.2187500000000009     0.3937500000000033   
   0.2187500000000009     0.4062500000000033   
   0.2187500000000009     0.4187500000000033   
   0.2187500000000010     0.4312500000000032   
   0.2187500000000010     0.4437500000000032   
   0.2187500000000010     0.4562500000000032   
   0.2187500000000011     0.4687500000000031   
   0.2187500000000011     0.4812500000000031   
   0.2187500000000011     0.4937500000000030   
   0.2187500000000011     0.5062500000000030   
   0.2187500000000012     0.5187500000000030   
   0.2187500000000012     0.5312500000000030   
   0.2187500000000012     0.5437500000000028   
   0.2312500000000001     0.0062500000000022   
   0.2312500000000001     0.0187500000000045   
   0.2312500000000001     0.0312500000000044   
   0.2312500000000002     0.0437500000000044   
   0.2312500000000002     0.0562500000000043   
   0.2312500000000002     0.0687500000000043   
   0.2312500000000003     0.0812500000000043   
   0.2312500000000003     0.0937500000000042   
   0.2312500000000003     0.1062500000000042   
   0.2312500000000003     0.1187500000000041   
   0.2312500000000003     0.1312500000000041   
   0.2312500000000003     0.1437500000000041   
   0.2312500000000004     0.1562500000000041   
   0.2312500000000004     0.1687500000000040   
   0.2312500000000005     0.1812500000000039   
   0.2312500000000005     0.1937500000000039   
   0.2312500000000005     0.2062500000000039   
   0.2312500000000005     0.2187500000000039   
   0.2312500000000006     0.2312500000000038   
   0.2312500000000006     0.2437500000000037   
   0.2312500000000006     0.2562500000000036   
   0.2312500000000006     0.2687500000000037   
   0.2312500000000006     0.2812500000000037   
   0.2312500000000007     0.2937500000000036   
   0.2312500000000007     0.3062500000000036   
   0.2312500000000007     0.3187500000000035   
   0.2312500000000008     0.3312500000000035   
   0.2312500000000008     0.3437500000000034   
   0.2312500000000008     0.3562500000000035   
   0.2312500000000008     0.3687500000000034   
   0.2312500000000008     0.3812500000000033   
   0.2312500000000009     0.3937500000000033   
   0.2312500000000010     0.4062500000000033   
   0.2312500000000010     0.4187500000000033   
   0.2312500000000010     0.4312500000000032   
   0.2312500000000010     0.4437500000000032   
   0.2312500000000010     0.4562500000000031   
   0.2312500000000011     0.4687500000000031   
   0.2312500000000011     0.4812500000000031   
   0.2312500000000011     0.4937500000000030   
   0.2312500000000012     0.5062500000000030   
   0.2312500000000012     0.5187500000000032   
   0.2312500000000012     0.5312500000000030   
   0.2312500000000012     0.5437500000000030   
   0.2437500000000001     0.0062500000000022   
   0.2437500000000001     0.0187500000000044   
   0.2437500000000001     0.0312500000000044   
   0.2437500000000001     0.0437500000000043   
   0.2437500000000002     0.0562500000000043   
   0.2437500000000002     0.0687500000000043   
   0.2437500000000002     0.0812500000000042   
   0.2437500000000002     0.0937500000000042   
   0.2437500000000003     0.1062500000000042   
   0.2437500000000003     0.1187500000000041   
   0.2437500000000004     0.1312500000000041   
   0.2437500000000004     0.1437500000000040   
   0.2437500000000004     0.1562500000000040   
   0.2437500000000005     0.1687500000000040   
   0.2437500000000005     0.1812500000000039   
   0.2437500000000005     0.1937500000000039   
   0.2437500000000005     0.2062500000000038   
   0.2437500000000005     0.2187500000000038   
   0.2437500000000006     0.2312500000000037   
   0.2437500000000006     0.2437500000000037   
   0.2437500000000006     0.2562500000000036   
   0.2437500000000006     0.2687500000000037   
   0.2437500000000006     0.2812500000000037   
   0.2437500000000007     0.2937500000000036   
   0.2437500000000007     0.3062500000000035   
   0.2437500000000007     0.3187500000000035   
   0.2437500000000008     0.3312500000000035   
   0.2437500000000008     0.3437500000000034   
   0.2437500000000008     0.3562500000000034   
   0.2437500000000008     0.3687500000000034   
   0.2437500000000008     0.3812500000000033   
   0.2437500000000009     0.3937500000000033   
   0.2437500000000009     0.4062500000000032   
   0.2437500000000009     0.4187500000000032   
   0.2437500000000009     0.4312500000000032   
   0.2437500000000010     0.4437500000000032   
   0.2437500000000010     0.4562500000000030   
   0.2437500000000010     0.4687500000000031   
   0.2437500000000010     0.4812500000000030   
   0.2437500000000011     0.4937500000000030   
   0.2437500000000011     0.5062500000000030   
   0.2437500000000012     0.5187500000000029   
   0.2437500000000012     0.5312500000000029   
   0.2437500000000012     0.5437500000000028   
   0.2562500000000001     0.0062500000000022   
   0.2562500000000001     0.0187500000000044   
   0.2562500000000001     0.0312500000000044   
   0.2562500000000001     0.0437500000000043   
   0.2562500000000002     0.0562500000000043   
   0.2562500000000002     0.0687500000000042   
   0.2562500000000003     0.0812500000000042   
   0.2562500000000003     0.0937500000000041   
   0.2562500000000003     0.1062500000000041   
   0.2562500000000004     0.1187500000000041   
   0.2562500000000004     0.1312500000000041   
   0.2562500000000003     0.1437500000000040   
   0.2562500000000004     0.1562500000000039   
   0.2562500000000004     0.1687500000000039   
   0.2562500000000004     0.1812500000000039   
   0.2562500000000004     0.1937500000000039   
   0.2562500000000005     0.2062500000000038   
   0.2562500000000005     0.2187500000000038   
   0.2562500000000005     0.2312500000000037   
   0.2562500000000005     0.2437500000000037   
   0.2562500000000005     0.2562500000000036   
   0.2562500000000006     0.2687500000000037   
   0.2562500000000006     0.2812500000000036   
   0.2562500000000006     0.2937500000000035   
   0.2562500000000006     0.3062500000000035   
   0.2562500000000007     0.3187500000000035   
   0.2562500000000008     0.3312500000000034   
   0.2562500000000008     0.3437500000000033   
   0.2562500000000008     0.3562500000000033   
   0.2562500000000008     0.3687500000000034   
   0.2562500000000009     0.3812500000000033   
   0.2562500000000009     0.3937500000000033   
   0.2562500000000009     0.4062500000000032   
   0.2562500000000009     0.4187500000000032   
   0.2562500000000009     0.4312500000000031   
   0.2562500000000010     0.4437500000000031   
   0.2562500000000010     0.4562500000000031   
   0.2562500000000010     0.4687500000000031   
   0.2562500000000010     0.4812500000000030   
   0.2562500000000011     0.4937500000000029   
   0.2562500000000011     0.5062500000000029   
   0.2562500000000011     0.5187500000000028   
   0.2562500000000012     0.5312500000000029   
   0.2562500000000012     0.5437500000000028   
   0.2562500000000012     0.5562500000000028   
   0.2687500000000000     0.0062500000000022   
   0.2687500000000000     0.0187500000000044   
   0.2687500000000001     0.0312500000000043   
   0.2687500000000002     0.0437500000000043   
   0.2687500000000002     0.0562500000000043   
   0.2687500000000002     0.0687500000000042   
   0.2687500000000003     0.0812500000000042   
   0.2687500000000003     0.0937500000000041   
   0.2687500000000003     0.1062500000000041   
   0.2687500000000004     0.1187500000000041   
   0.2687500000000004     0.1312500000000040   
   0.2687500000000004     0.1437500000000040   
   0.2687500000000004     0.1562500000000039   
   0.2687500000000004     0.1687500000000039   
   0.2687500000000005     0.1812500000000039   
   0.2687500000000005     0.1937500000000038   
   0.2687500000000005     0.2062500000000038   
   0.2687500000000005     0.2187500000000037   
   0.2687500000000005     0.2312500000000037   
   0.2687500000000006     0.2437500000000037   
   0.2687500000000006     0.2562500000000036   
   0.2687500000000006     0.2687500000000036   
   0.2687500000000007     0.2812500000000036   
   0.2687500000000007     0.2937500000000035   
   0.2687500000000007     0.3062500000000035   
   0.2687500000000008     0.3187500000000034   
   0.2687500000000008     0.3312500000000034   
   0.2687500000000008     0.3437500000000033   
   0.2687500000000008     0.3562500000000033   
   0.2687500000000008     0.3687500000000034   
   0.2687500000000009     0.3812500000000033   
   0.2687500000000009     0.3937500000000033   
   0.2687500000000009     0.4062500000000032   
   0.2687500000000009     0.4187500000000032   
   0.2687500000000009     0.4312500000000031   
   0.2687500000000009     0.4437500000000031   
   0.2687500000000010     0.4562500000000030   
   0.2687500000000010     0.4687500000000030   
   0.2687500000000010     0.4812500000000030   
   0.2687500000000011     0.4937500000000029   
   0.2687500000000012     0.5062500000000029   
   0.2687500000000012     0.5187500000000028   
   0.2687500000000012     0.5312500000000028   
   0.2687500000000012     0.5437500000000027   
   0.2687500000000013     0.5562500000000027   
   0.2812500000000001     0.0062500000000022   
   0.2812500000000001     0.0187500000000043   
   0.2812500000000001     0.0312500000000043   
   0.2812500000000002     0.0437500000000043   
   0.2812500000000002     0.0562500000000042   
   0.2812500000000002     0.0687500000000042   
   0.2812500000000002     0.0812500000000041   
   0.2812500000000002     0.0937500000000041   
   0.2812500000000003     0.1062500000000041   
   0.2812500000000004     0.1187500000000040   
   0.2812500000000003     0.1312500000000040   
   0.2812500000000003     0.1437500000000039   
   0.2812500000000004     0.1562500000000039   
   0.2812500000000004     0.1687500000000039   
   0.2812500000000004     0.1812500000000038   
   0.2812500000000005     0.1937500000000038   
   0.2812500000000006     0.2062500000000038   
   0.2812500000000006     0.2187500000000037   
   0.2812500000000006     0.2312500000000037   
   0.2812500000000006     0.2437500000000037   
   0.2812500000000006     0.2562500000000036   
   0.2812500000000006     0.2687500000000035   
   0.2812500000000006     0.2812500000000036   
   0.2812500000000007     0.2937500000000035   
   0.2812500000000007     0.3062500000000035   
   0.2812500000000007     0.3187500000000034   
   0.2812500000000007     0.3312500000000034   
   0.2812500000000007     0.3437500000000033   
   0.2812500000000008     0.3562500000000033   
   0.2812500000000008     0.3687500000000034   
   0.2812500000000008     0.3812500000000033   
   0.2812500000000009     0.3937500000000033   
   0.2812500000000009     0.4062500000000032   
   0.2812500000000009     0.4187500000000031   
   0.2812500000000009     0.4312500000000031   
   0.2812500000000009     0.4437500000000031   
   0.2812500000000010     0.4562500000000030   
   0.2812500000000010     0.4687500000000030   
   0.2812500000000010     0.4812500000000030   
   0.2812500000000011     0.4937500000000029   
   0.2812500000000011     0.5062500000000029   
   0.2812500000000011     0.5187500000000028   
   0.2812500000000012     0.5312500000000028   
   0.2812500000000012     0.5437500000000027   
   0.2812500000000012     0.5562500000000027   
   0.2937500000000004     0.1562500000000039   
   0.2937500000000004     0.1687500000000038   
   0.2937500000000004     0.1812500000000038   
   0.2937500000000005     0.1937500000000038   
   0.2937500000000005     0.2062500000000038   
   0.2937500000000006     0.2187500000000037   
   0.2937500000000006     0.2312500000000037   
   0.2937500000000006     0.2437500000000036   
   0.2937500000000006     0.2562500000000036   
   0.2937500000000006     0.2687500000000035   
   0.2937500000000006     0.2812500000000035   
   0.2937500000000006     0.2937500000000035   
   0.2937500000000006     0.3062500000000035   
   0.2937500000000006     0.3187500000000034   
   0.2937500000000007     0.3312500000000034   
   0.2937500000000008     0.3437500000000033   
   0.2937500000000008     0.3562500000000033   
   0.2937500000000008     0.3687500000000032   
   0.2937500000000008     0.3812500000000032   
   0.2937500000000008     0.3937500000000032   
   0.2937500000000009     0.4062500000000032   
   0.2937500000000010     0.4187500000000032   
   0.2937500000000010     0.4312500000000030   
   0.2937500000000010     0.4437500000000030   
   0.2937500000000010     0.4562500000000029   
   0.2937500000000010     0.4687500000000030   
   0.2937500000000010     0.4812500000000030   
   0.2937500000000011     0.4937500000000029   
   0.2937500000000011     0.5062500000000029   
   0.2937500000000011     0.5187500000000028   
   0.2937500000000011     0.5312500000000029   
   0.2937500000000012     0.5437500000000027   
   0.2937500000000012     0.5562500000000027   
   0.2937500000000012     0.5687500000000026   
   0.2937500000000012     0.5812500000000026   
   0.3062500000000005     0.2062500000000037   
   0.3062500000000005     0.2187500000000037   
   0.3062500000000006     0.2312500000000036   
   0.3062500000000006     0.2437500000000036   
   0.3062500000000006     0.2562500000000035   
   0.3062500000000006     0.2687500000000035   
   0.3062500000000006     0.2812500000000034   
   0.3062500000000006     0.2937500000000034   
   0.3062500000000007     0.3062500000000034   
   0.3062500000000007     0.3187500000000034   
   0.3062500000000007     0.3312500000000034   
   0.3062500000000008     0.3437500000000033   
   0.3062500000000008     0.3562500000000033   
   0.3062500000000008     0.3687500000000032   
   0.3062500000000009     0.3812500000000032   
   0.3062500000000009     0.3937500000000032   
   0.3062500000000009     0.4062500000000032   
   0.3062500000000009     0.4187500000000031   
   0.3062500000000010     0.4312500000000030   
   0.3062500000000010     0.4437500000000030   
   0.3062500000000010     0.4562500000000029   
   0.3062500000000010     0.4687500000000029   
   0.3062500000000010     0.4812500000000030   
   0.3062500000000011     0.4937500000000029   
   0.3062500000000011     0.5062500000000030   
   0.3062500000000011     0.5187500000000028   
   0.3062500000000011     0.5312500000000028   
   0.3062500000000011     0.5437500000000027   
   0.3062500000000011     0.5562500000000027   
   0.3062500000000012     0.5687500000000026   
   0.3062500000000012     0.5812500000000027   
   0.3187500000000008     0.3187500000000034   
   0.3187500000000008     0.3312500000000034   
   0.3187500000000008     0.3437500000000033   
   0.3187500000000008     0.3562500000000032   
   0.3187500000000008     0.3687500000000032   
   0.3187500000000009     0.3812500000000032   
   0.3187500000000009     0.3937500000000032   
   0.3187500000000009     0.4062500000000031   
   0.3187500000000009     0.4187500000000031   
   0.3187500000000010     0.4312500000000030   
   0.3187500000000010     0.4437500000000029   
   0.3187500000000010     0.4562500000000029   
   0.3187500000000010     0.4687500000000029   
   0.3187500000000010     0.4812500000000030   
   0.3187500000000010     0.4937500000000029   
   0.3187500000000011     0.5062500000000029   
   0.3187500000000012     0.5187500000000028   
   0.3187500000000012     0.5312500000000028   
   0.3187500000000012     0.5437500000000027   
   0.3187500000000012     0.5562500000000028   
   0.3187500000000012     0.5687500000000026   
   0.3187500000000013     0.5812500000000026   
   0.3312500000000008     0.3437500000000033   
   0.3312500000000008     0.3562500000000032   
   0.3312500000000008     0.3687500000000032   
   0.3312500000000009     0.3812500000000032   
   0.3312500000000009     0.3937500000000031   
   0.3312500000000009     0.4062500000000031   
   0.3312500000000009     0.4187500000000031   
   0.3312500000000010     0.4312500000000030   
   0.3312500000000010     0.4437500000000030   
   0.3312500000000010     0.4562500000000029   
   0.3312500000000010     0.4687500000000029   
   0.3312500000000009     0.4812500000000028   
   0.3312500000000010     0.4937500000000027   
   0.3312500000000011     0.5062500000000028   
   0.3312500000000012     0.5187500000000027   
   0.3312500000000012     0.5312500000000027   
   0.3312500000000012     0.5437500000000026   
   0.3312500000000012     0.5562500000000026   
   0.3312500000000012     0.5687500000000025   
   0.3312500000000012     0.5812500000000025   
   0.3437500000000008     0.3437500000000033   
   0.3437500000000008     0.3562500000000032   
   0.3437500000000008     0.3687500000000031   
   0.3437500000000009     0.3812500000000032   
   0.3437500000000009     0.3937500000000032   
   0.3437500000000009     0.4062500000000031   
   0.3437500000000009     0.4187500000000031   
   0.3437500000000009     0.4312500000000030   
   0.3437500000000009     0.4437500000000030   
   0.3437500000000010     0.4562500000000029   
   0.3437500000000010     0.4687500000000028   
   0.3437500000000011     0.4812500000000028   
   0.3437500000000011     0.4937500000000027   
   0.3437500000000011     0.5062500000000028   
   0.3437500000000011     0.5187500000000027   
   0.3437500000000011     0.5312500000000028   
   0.3437500000000011     0.5437500000000026   
   0.3437500000000012     0.5562500000000026   
   0.3437500000000012     0.5687500000000025   
   0.3437500000000012     0.5812500000000024   
   0.3562500000000008     0.3437500000000032   
   0.3562500000000008     0.3562500000000033   
   0.3562500000000008     0.3687500000000032   
   0.3562500000000008     0.3812500000000031   
   0.3562500000000008     0.3937500000000031   
   0.3562500000000010     0.4062500000000031   
   0.3562500000000010     0.4187500000000030   
   0.3562500000000010     0.4312500000000030   
   0.3562500000000010     0.4437500000000030   
   0.3562500000000010     0.4562500000000029   
   0.3562500000000010     0.4687500000000028   
   0.3562500000000011     0.4812500000000028   
   0.3562500000000011     0.4937500000000027   
   0.3562500000000011     0.5062500000000028   
   0.3562500000000011     0.5187500000000027   
   0.3562500000000011     0.5312500000000027   
   0.3562500000000012     0.5437500000000026   
   0.3562500000000012     0.5562500000000026   
   0.3562500000000012     0.5687500000000024   
   0.3562500000000012     0.5812500000000024   
   0.3687500000000008     0.3437500000000032   
   0.3687500000000008     0.3562500000000032   
   0.3687500000000008     0.3687500000000032   
   0.3687500000000008     0.3812500000000031   
   0.3687500000000009     0.3937500000000030   
   0.3687500000000009     0.4062500000000030   
   0.3687500000000009     0.4187500000000030   
   0.3687500000000010     0.4312500000000030   
   0.3687500000000010     0.4437500000000030   
   0.3687500000000010     0.4562500000000029   
   0.3687500000000010     0.4687500000000028   
   0.3687500000000011     0.4812500000000028   
   0.3687500000000011     0.4937500000000027   
   0.3687500000000011     0.5062500000000026   
   0.3687500000000011     0.5187500000000026   
   0.3687500000000011     0.5312500000000026   
   0.3687500000000012     0.5437500000000025   
   0.3687500000000011     0.5562500000000025   
   0.3687500000000012     0.5687500000000025   
   0.3687500000000012     0.5812500000000025   
   0.3812500000000009     0.3812500000000031   
   0.3812500000000009     0.3937500000000030   
   0.3812500000000009     0.4062500000000030   
   0.3812500000000009     0.4187500000000030   
   0.3812500000000009     0.4312500000000030   
   0.3812500000000009     0.4437500000000029   
   0.3812500000000009     0.4562500000000029   
   0.3812500000000010     0.4687500000000028   
   0.3812500000000010     0.4812500000000028   
   0.3812500000000010     0.4937500000000027   
   0.3812500000000011     0.5062500000000026   
   0.3812500000000011     0.5187500000000026   
   0.3812500000000011     0.5312500000000026   
   0.3812500000000011     0.5437500000000025   
   0.3812500000000011     0.5562500000000025   
   0.3812500000000012     0.5687500000000024   
   0.3812500000000013     0.5812500000000024   
   0.3937500000000009     0.3812500000000031   
   0.3937500000000009     0.3937500000000030   
   0.3937500000000009     0.4062500000000029   
   0.3937500000000009     0.4187500000000030   
   0.3937500000000009     0.4312500000000030   
   0.3937500000000009     0.4437500000000029   
   0.3937500000000009     0.4562500000000029   
   0.3937500000000009     0.4687500000000029   
   0.3937500000000009     0.4812500000000027   
   0.3937500000000010     0.4937500000000027   
   0.3937500000000011     0.5062500000000026   
   0.3937500000000011     0.5187500000000026   
   0.3937500000000012     0.5312500000000026   
   0.3937500000000012     0.5437500000000024   
   0.3937500000000012     0.5562500000000024   
   0.3937500000000012     0.5687500000000024   
   0.3937500000000012     0.5812500000000024   
   0.4062500000000009     0.4062500000000030   
   0.4062500000000009     0.4187500000000030   
   0.4062500000000009     0.4312500000000029   
   0.4062500000000009     0.4437500000000029   
   0.4062500000000009     0.4562500000000029   
   0.4062500000000010     0.4687500000000028   
   0.4062500000000011     0.4812500000000027   
   0.4062500000000011     0.4937500000000027   
   0.4062500000000011     0.5062500000000026   
   0.4062500000000011     0.5187500000000026   
   0.4062500000000011     0.5312500000000026   
   0.4062500000000011     0.5437500000000025   
   0.4062500000000012     0.5562500000000025   
   0.4062500000000012     0.5687500000000024   
   0.4062500000000012     0.5812500000000024   
   0.4187500000000008     0.4187500000000028   
   0.4187500000000010     0.4312500000000028   
   0.4187500000000010     0.4437500000000029   
   0.4187500000000010     0.4562500000000028   
   0.4187500000000010     0.4687500000000028   
   0.4187500000000011     0.4812500000000027   
   0.4187500000000011     0.4937500000000027   
   0.4187500000000011     0.5062500000000026   
   0.4187500000000011     0.5187500000000026   
   0.4187500000000011     0.5312500000000026   
   0.4187500000000011     0.5437500000000025   
   0.4187500000000012     0.5562500000000025   
   0.4187500000000012     0.5687500000000024   
   0.4187500000000012     0.5812500000000024   
   0.4312500000000010     0.4562500000000027   
   0.4312500000000010     0.4687500000000027   
   0.4312500000000010     0.4812500000000027   
   0.4312500000000010     0.4937500000000027   
   0.4312500000000010     0.5062500000000026   
   0.4312500000000011     0.5187500000000026   
   0.4312500000000011     0.5312500000000026   
   0.4312500000000011     0.5437500000000025   
   0.4312500000000012     0.5562500000000026   
   0.4312500000000012     0.5687500000000025   
   0.4312500000000011     0.5812500000000024   
   0.4437500000000009     0.4562500000000028   
   0.4437500000000010     0.4687500000000028   
   0.4437500000000010     0.4812500000000027   
   0.4437500000000010     0.4937500000000027   
   0.4437500000000010     0.5062500000000026   
   0.4437500000000010     0.5187500000000026   
   0.4437500000000011     0.5312500000000026   
   0.4437500000000011     0.5437500000000025   
   0.4437500000000012     0.5562500000000025   
   0.4437500000000012     0.5687500000000024   
   0.4437500000000011     0.5812500000000024   
   0.4562500000000009     0.4562500000000027   
   0.4562500000000010     0.4687500000000028   
   0.4562500000000010     0.4812500000000028   
   0.4562500000000010     0.4937500000000027   
   0.4562500000000010     0.5062500000000028   
   0.4562500000000010     0.5187500000000026   
   0.4562500000000011     0.5312500000000026   
   0.4562500000000012     0.5437500000000025   
   0.4562500000000012     0.5562500000000025   
   0.4562500000000012     0.5687500000000024   
   0.4562500000000012     0.5812500000000024   
   0.4687500000000010     0.4562500000000027   
   0.4687500000000010     0.4687500000000027   
   0.4687500000000010     0.4812500000000027   
   0.4687500000000010     0.4937500000000027   
   0.4687500000000011     0.5062500000000026   
   0.4687500000000011     0.5187500000000026   
   0.4687500000000011     0.5312500000000026   
   0.4687500000000011     0.5437500000000025   
   0.4687500000000011     0.5562500000000025   
   0.4687500000000012     0.5687500000000025   
   0.4687500000000012     0.5812500000000025   
   0.4812500000000010     0.4562500000000027   
   0.4812500000000010     0.4687500000000027   
   0.4812500000000010     0.4812500000000026   
   0.4812500000000010     0.4937500000000026   
   0.4812500000000010     0.5062500000000026   
   0.4812500000000011     0.5187500000000026   
   0.4812500000000011     0.5312500000000026   
   0.4812500000000011     0.5437500000000025   
   0.4812500000000011     0.5562500000000025   
   0.4812500000000011     0.5687500000000024   
   0.4812500000000012     0.5812500000000024   
