   1.0062500000000010     1.6687499999999980   
   1.0062500000000010     1.6812499999999979   
   1.0062500000000010     1.6937499999999979   
   1.0062500000000010     1.7062499999999980   
   1.0187500000000007     1.6687499999999980   
   1.0187500000000009     1.6812499999999981   
   1.0187500000000012     1.6937499999999979   
   1.0187500000000012     1.7062499999999978   
   1.0187500000000012     1.7187499999999978   
   1.0187500000000012     1.7312499999999975   
   1.0312500000000009     1.6687499999999980   
   1.0312500000000009     1.6812499999999979   
   1.0312500000000009     1.6937499999999979   
   1.0312500000000009     1.7062499999999976   
   1.0312500000000009     1.7187499999999976   
   1.0312500000000009     1.7312499999999975   
   1.0312500000000009     1.7437499999999977   
   1.0312500000000009     1.7562499999999979   
   1.0312500000000011     1.7687499999999976   
   1.0312500000000013     1.7812499999999978   
   1.0312500000000013     1.7937499999999977   
   1.0312500000000013     1.8062499999999977   
   1.0312500000000013     1.8187499999999976   
   1.0312500000000013     1.8312499999999976   
   1.0312500000000013     1.8437499999999978   
   1.0312500000000013     1.8562499999999975   
   1.0312500000000013     1.8687499999999977   
   1.0312500000000013     1.8812499999999976   
   1.0312500000000013     1.8937499999999976   
   1.0312500000000013     1.9062499999999978   
   1.0312500000000013     1.9187499999999975   
   1.0312500000000013     1.9312499999999972   
   1.0312500000000013     1.9437499999999974   
   1.0312500000000013     1.9562499999999976   
   1.0312500000000013     1.9687499999999976   
   1.0312500000000013     1.9812499999999975   
   1.0312500000000013     1.9937499999999988   
   1.0437500000000011     1.6687499999999980   
   1.0437500000000011     1.6812499999999981   
   1.0437500000000011     1.6937499999999979   
   1.0437500000000011     1.7062499999999976   
   1.0437500000000011     1.7187499999999976   
   1.0437500000000011     1.7312499999999977   
   1.0437500000000011     1.7437499999999979   
   1.0437500000000011     1.7562499999999979   
   1.0437500000000011     1.7687499999999978   
   1.0437500000000011     1.7812499999999978   
   1.0437500000000011     1.7937499999999975   
   1.0437500000000011     1.8062499999999977   
   1.0437500000000011     1.8187499999999976   
   1.0437500000000011     1.8312499999999976   
   1.0437500000000011     1.8437499999999978   
   1.0437500000000011     1.8562499999999975   
   1.0437500000000011     1.8687499999999977   
   1.0437500000000011     1.8812499999999976   
   1.0437500000000011     1.8937499999999976   
   1.0437500000000011     1.9062499999999976   
   1.0437500000000013     1.9187499999999975   
   1.0437500000000015     1.9312499999999975   
   1.0437500000000013     1.9437499999999974   
   1.0437500000000011     1.9562499999999974   
   1.0437500000000013     1.9687499999999976   
   1.0437500000000013     1.9812499999999975   
   1.0437500000000013     1.9937499999999990   
   1.0562500000000008     1.6687499999999980   
   1.0562500000000008     1.6812499999999977   
   1.0562500000000008     1.6937499999999979   
   1.0562500000000008     1.7062499999999976   
   1.0562500000000008     1.7187499999999978   
   1.0562500000000010     1.7312499999999980   
   1.0562500000000012     1.7437499999999979   
   1.0562500000000012     1.7562499999999979   
   1.0562500000000010     1.7687499999999978   
   1.0562500000000010     1.7812499999999978   
   1.0562500000000010     1.7937499999999975   
   1.0562500000000010     1.8062499999999977   
   1.0562500000000012     1.8187499999999976   
   1.0562500000000012     1.8312499999999976   
   1.0562500000000012     1.8437499999999978   
   1.0562500000000012     1.8562499999999975   
   1.0562500000000012     1.8687499999999977   
   1.0562500000000012     1.8812499999999976   
   1.0562500000000012     1.8937499999999976   
   1.0562500000000012     1.9062499999999978   
   1.0562500000000012     1.9187499999999975   
   1.0562500000000012     1.9312499999999975   
   1.0562500000000012     1.9437499999999974   
   1.0562500000000012     1.9562499999999974   
   1.0562500000000012     1.9687499999999976   
   1.0562500000000012     1.9812499999999975   
   1.0562500000000012     1.9937499999999990   
   1.0687500000000008     1.6687499999999980   
   1.0687500000000010     1.6812499999999977   
   1.0687500000000010     1.6937499999999979   
   1.0687500000000008     1.7062499999999978   
   1.0687500000000008     1.7187499999999978   
   1.0687500000000010     1.7312499999999975   
   1.0687500000000010     1.7437499999999977   
   1.0687500000000010     1.7562499999999979   
   1.0687500000000010     1.7687499999999978   
   1.0687500000000010     1.7812499999999978   
   1.0687500000000010     1.7937499999999975   
   1.0687500000000010     1.8062499999999977   
   1.0687500000000010     1.8187499999999974   
   1.0687500000000010     1.8312499999999976   
   1.0687500000000010     1.8437499999999976   
   1.0687500000000010     1.8562499999999975   
   1.0687500000000010     1.8687499999999977   
   1.0687500000000010     1.8812499999999976   
   1.0687500000000010     1.8937499999999976   
   1.0687500000000010     1.9062499999999971   
   1.0687500000000012     1.9187499999999973   
   1.0687500000000012     1.9312499999999972   
   1.0687500000000012     1.9437499999999974   
   1.0687500000000014     1.9562499999999972   
   1.0687500000000014     1.9687499999999971   
   1.0687500000000014     1.9812499999999973   
   1.0687500000000014     1.9937499999999986   
   1.0812500000000007     1.6687499999999980   
   1.0812500000000009     1.6812499999999977   
   1.0812500000000009     1.6937499999999979   
   1.0812500000000007     1.7062499999999978   
   1.0812500000000009     1.7187499999999978   
   1.0812500000000009     1.7312499999999975   
   1.0812500000000009     1.7437499999999975   
   1.0812500000000012     1.7562499999999979   
   1.0812500000000012     1.7687499999999976   
   1.0812500000000012     1.7812499999999976   
   1.0812500000000012     1.7937499999999975   
   1.0812500000000012     1.8062499999999977   
   1.0812500000000012     1.8187499999999974   
   1.0812500000000012     1.8312499999999974   
   1.0812500000000012     1.8437499999999978   
   1.0812500000000012     1.8562499999999977   
   1.0812500000000012     1.8687499999999977   
   1.0812500000000012     1.8812499999999976   
   1.0812500000000012     1.8937499999999974   
   1.0812500000000012     1.9062499999999973   
   1.0812500000000012     1.9187499999999975   
   1.0812500000000012     1.9312499999999972   
   1.0812500000000012     1.9437499999999974   
   1.0812500000000012     1.9562499999999972   
   1.0812500000000012     1.9687499999999971   
   1.0812500000000012     1.9812499999999971   
   1.0812500000000012     1.9937499999999986   
   1.0937500000000004     1.6687499999999977   
   1.0937500000000007     1.6812499999999977   
   1.0937500000000009     1.6937499999999979   
   1.0937500000000009     1.7062499999999978   
   1.0937500000000009     1.7187499999999978   
   1.0937500000000009     1.7312499999999975   
   1.0937500000000009     1.7437499999999975   
   1.0937500000000009     1.7562499999999976   
   1.0937500000000009     1.7687499999999976   
   1.0937500000000009     1.7812499999999976   
   1.0937500000000009     1.7937499999999973   
   1.0937500000000009     1.8062499999999975   
   1.0937500000000009     1.8187499999999974   
   1.0937500000000009     1.8312499999999974   
   1.0937500000000009     1.8437499999999978   
   1.0937500000000009     1.8562499999999975   
   1.0937500000000011     1.8687499999999975   
   1.0937500000000011     1.8812499999999974   
   1.0937500000000011     1.8937499999999976   
   1.0937500000000013     1.9062499999999976   
   1.0937500000000013     1.9187499999999975   
   1.0937500000000013     1.9312499999999975   
   1.0937500000000013     1.9437499999999974   
   1.0937500000000013     1.9562499999999972   
   1.0937500000000013     1.9687499999999971   
   1.0937500000000013     1.9812499999999975   
   1.0937500000000013     1.9937499999999986   
   1.1062500000000006     1.6687499999999980   
   1.1062500000000006     1.6812499999999977   
   1.1062500000000006     1.6937499999999979   
   1.1062500000000008     1.7062499999999976   
   1.1062500000000011     1.7187499999999976   
   1.1062500000000011     1.7312499999999975   
   1.1062500000000011     1.7437499999999975   
   1.1062500000000011     1.7562499999999976   
   1.1062500000000011     1.7687499999999976   
   1.1062500000000011     1.7812499999999976   
   1.1062500000000011     1.7937499999999975   
   1.1062500000000011     1.8062499999999975   
   1.1062500000000011     1.8187499999999976   
   1.1062500000000011     1.8312499999999976   
   1.1062500000000011     1.8437499999999978   
   1.1062500000000011     1.8562499999999975   
   1.1062500000000011     1.8687499999999972   
   1.1062500000000011     1.8812499999999974   
   1.1062500000000011     1.8937499999999976   
   1.1062500000000011     1.9062499999999976   
   1.1062500000000011     1.9187499999999975   
   1.1062500000000011     1.9312499999999975   
   1.1062500000000011     1.9437499999999972   
   1.1062500000000011     1.9562499999999972   
   1.1062500000000011     1.9687499999999971   
   1.1062500000000011     1.9812499999999973   
   1.1062500000000011     1.9937499999999986   
   1.1187500000000008     1.6687499999999975   
   1.1187500000000008     1.6812499999999975   
   1.1187500000000006     1.6937499999999979   
   1.1187500000000006     1.7062499999999976   
   1.1187500000000008     1.7187499999999978   
   1.1187500000000008     1.7312499999999975   
   1.1187500000000008     1.7437499999999975   
   1.1187500000000008     1.7562499999999974   
   1.1187500000000008     1.7687499999999976   
   1.1187500000000008     1.7812499999999976   
   1.1187500000000008     1.7937499999999973   
   1.1187500000000008     1.8062499999999975   
   1.1187500000000008     1.8187499999999974   
   1.1187500000000008     1.8312499999999976   
   1.1187500000000008     1.8437499999999978   
   1.1187500000000008     1.8562499999999975   
   1.1187500000000008     1.8687499999999972   
   1.1187500000000008     1.8812499999999972   
   1.1187500000000008     1.8937499999999972   
   1.1187500000000008     1.9062499999999973   
   1.1187500000000010     1.9187499999999973   
   1.1187500000000012     1.9312499999999972   
   1.1187500000000010     1.9437499999999974   
   1.1187500000000010     1.9562499999999972   
   1.1187500000000012     1.9687499999999969   
   1.1187500000000012     1.9812499999999971   
   1.1187500000000012     1.9937499999999986   
   1.1312500000000005     1.6687499999999975   
   1.1312500000000005     1.6812499999999975   
   1.1312500000000005     1.6937499999999974   
   1.1312500000000005     1.7062499999999976   
   1.1312500000000008     1.7187499999999976   
   1.1312500000000008     1.7312499999999973   
   1.1312500000000005     1.7437499999999975   
   1.1312500000000005     1.7562499999999976   
   1.1312500000000005     1.7687499999999976   
   1.1312500000000005     1.7812499999999973   
   1.1312500000000005     1.7937499999999971   
   1.1312500000000008     1.8062499999999972   
   1.1312500000000010     1.8187499999999974   
   1.1312500000000010     1.8312499999999972   
   1.1312500000000010     1.8437499999999973   
   1.1312500000000010     1.8562499999999975   
   1.1312500000000010     1.8687499999999975   
   1.1312500000000010     1.8812499999999972   
   1.1312500000000010     1.8937499999999972   
   1.1312500000000010     1.9062499999999973   
   1.1312500000000010     1.9187499999999973   
   1.1312500000000010     1.9312499999999972   
   1.1312500000000010     1.9437499999999972   
   1.1312500000000010     1.9562499999999972   
   1.1312500000000010     1.9687499999999971   
   1.1312500000000010     1.9812499999999973   
   1.1312500000000010     1.9937499999999986   
   1.1437500000000005     1.6687499999999975   
   1.1437500000000007     1.6812499999999972   
   1.1437500000000007     1.6937499999999974   
   1.1437500000000007     1.7062499999999974   
   1.1437500000000007     1.7187499999999973   
   1.1437500000000007     1.7312499999999971   
   1.1437500000000007     1.7437499999999975   
   1.1437500000000007     1.7562499999999976   
   1.1437500000000007     1.7687499999999976   
   1.1437500000000007     1.7812499999999976   
   1.1437500000000007     1.7937499999999971   
   1.1437500000000007     1.8062499999999972   
   1.1437500000000007     1.8187499999999972   
   1.1437500000000007     1.8312499999999974   
   1.1437500000000007     1.8437499999999976   
   1.1437500000000007     1.8562499999999975   
   1.1437500000000009     1.8687499999999972   
   1.1437500000000009     1.8812499999999974   
   1.1437500000000007     1.8937499999999972   
   1.1437500000000009     1.9062499999999971   
   1.1437500000000009     1.9187499999999971   
   1.1437500000000007     1.9312499999999972   
   1.1437500000000009     1.9437499999999972   
   1.1437500000000012     1.9562499999999972   
   1.1437500000000009     1.9687499999999971   
   1.1437500000000009     1.9812499999999973   
   1.1437500000000012     1.9937499999999986   
   1.1562500000000004     1.6687499999999975   
   1.1562500000000004     1.6812499999999977   
   1.1562500000000004     1.6937499999999976   
   1.1562500000000004     1.7062499999999976   
   1.1562500000000004     1.7187499999999973   
   1.1562500000000007     1.7312499999999975   
   1.1562500000000007     1.7437499999999977   
   1.1562500000000007     1.7562499999999976   
   1.1562500000000009     1.7687499999999976   
   1.1562500000000009     1.7812499999999976   
   1.1562500000000009     1.7937499999999975   
   1.1562500000000007     1.8062499999999972   
   1.1562500000000007     1.8187499999999972   
   1.1562500000000009     1.8312499999999972   
   1.1562500000000009     1.8437499999999978   
   1.1562500000000009     1.8562499999999975   
   1.1562500000000009     1.8687499999999972   
   1.1562500000000009     1.8812499999999974   
   1.1562500000000009     1.8937499999999972   
   1.1562500000000009     1.9062499999999969   
   1.1562500000000009     1.9187499999999971   
   1.1562500000000009     1.9312499999999972   
   1.1562500000000009     1.9437499999999974   
   1.1562500000000009     1.9562499999999972   
   1.1562500000000009     1.9687499999999969   
   1.1562500000000009     1.9812499999999971   
   1.1562500000000009     1.9937499999999986   
   1.1687500000000002     1.6687499999999975   
   1.1687500000000004     1.6812499999999975   
   1.1687500000000006     1.6937499999999976   
   1.1687500000000006     1.7062499999999974   
   1.1687500000000006     1.7187499999999973   
   1.1687500000000006     1.7312499999999973   
   1.1687500000000006     1.7437499999999975   
   1.1687500000000006     1.7562499999999974   
   1.1687500000000006     1.7687499999999972   
   1.1687500000000006     1.7812499999999973   
   1.1687500000000006     1.7937499999999975   
   1.1687500000000006     1.8062499999999975   
   1.1687500000000006     1.8187499999999974   
   1.1687500000000006     1.8312499999999972   
   1.1687500000000006     1.8437499999999973   
   1.1687500000000006     1.8562499999999973   
   1.1687500000000006     1.8687499999999975   
   1.1687500000000006     1.8812499999999974   
   1.1687500000000006     1.8937499999999972   
   1.1687500000000006     1.9062499999999973   
   1.1687500000000006     1.9187499999999971   
   1.1687500000000008     1.9312499999999972   
   1.1687500000000011     1.9437499999999972   
   1.1687500000000011     1.9562499999999969   
   1.1687500000000011     1.9687499999999969   
   1.1687500000000011     1.9812499999999971   
   1.1687500000000011     1.9937499999999986   
   1.1812500000000004     1.6687499999999977   
   1.1812500000000004     1.6812499999999975   
   1.1812500000000004     1.6937499999999974   
   1.1812500000000004     1.7062499999999976   
   1.1812500000000004     1.7187499999999973   
   1.1812500000000004     1.7312499999999973   
   1.1812500000000004     1.7437499999999975   
   1.1812500000000006     1.7562499999999976   
   1.1812500000000006     1.7687499999999974   
   1.1812500000000006     1.7812499999999973   
   1.1812500000000008     1.7937499999999973   
   1.1812500000000008     1.8062499999999972   
   1.1812500000000008     1.8187499999999972   
   1.1812500000000008     1.8312499999999972   
   1.1812500000000008     1.8437499999999973   
   1.1812500000000008     1.8562499999999971   
   1.1812500000000008     1.8687499999999972   
   1.1812500000000008     1.8812499999999974   
   1.1812500000000008     1.8937499999999972   
   1.1812500000000008     1.9062499999999973   
   1.1812500000000008     1.9187499999999973   
   1.1812500000000008     1.9312499999999972   
   1.1812500000000008     1.9437499999999972   
   1.1812500000000008     1.9562499999999972   
   1.1812500000000008     1.9687499999999971   
   1.1812500000000008     1.9812499999999971   
   1.1812500000000008     1.9937499999999986   
   1.1937500000000003     1.6687499999999975   
   1.1937500000000003     1.6812499999999975   
   1.1937500000000003     1.6937499999999974   
   1.1937500000000003     1.7062499999999976   
   1.1937500000000005     1.7187499999999973   
   1.1937500000000005     1.7312499999999973   
   1.1937500000000005     1.7437499999999975   
   1.1937500000000005     1.7562499999999979   
   1.1937500000000005     1.7687499999999976   
   1.1937500000000005     1.7812499999999976   
   1.1937500000000005     1.7937499999999975   
   1.1937500000000005     1.8062499999999975   
   1.1937500000000005     1.8187499999999974   
   1.1937500000000005     1.8312499999999972   
   1.1937500000000005     1.8437499999999971   
   1.1937500000000005     1.8562499999999971   
   1.1937500000000008     1.8687499999999972   
   1.1937500000000010     1.8812499999999974   
   1.1937500000000010     1.8937499999999972   
   1.1937500000000008     1.9062499999999973   
   1.1937500000000005     1.9187499999999973   
   1.1937500000000008     1.9312499999999972   
   1.1937500000000008     1.9437499999999972   
   1.1937500000000008     1.9562499999999972   
   1.1937500000000010     1.9687499999999971   
   1.1937500000000010     1.9812499999999971   
   1.1937500000000010     1.9937499999999986   
   1.2062500000000003     1.6687499999999975   
   1.2062500000000003     1.6812499999999975   
   1.2062500000000003     1.6937499999999974   
   1.2062500000000003     1.7062499999999976   
   1.2062500000000003     1.7187499999999973   
   1.2062500000000005     1.7312499999999973   
   1.2062500000000005     1.7437499999999975   
   1.2062500000000003     1.7562499999999974   
   1.2062500000000003     1.7687499999999972   
   1.2062500000000005     1.7812499999999973   
   1.2062500000000005     1.7937499999999975   
   1.2062500000000005     1.8062499999999972   
   1.2062500000000005     1.8187499999999974   
   1.2062500000000005     1.8312499999999972   
   1.2062500000000007     1.8437499999999969   
   1.2062500000000007     1.8562499999999971   
   1.2062500000000007     1.8687499999999968   
   1.2062500000000007     1.8812499999999970   
   1.2062500000000007     1.8937499999999972   
   1.2062500000000007     1.9062499999999971   
   1.2062500000000007     1.9187499999999973   
   1.2062500000000007     1.9312499999999972   
   1.2062500000000007     1.9437499999999970   
   1.2062500000000007     1.9562499999999969   
   1.2062500000000007     1.9687499999999969   
   1.2062500000000007     1.9812499999999971   
   1.2062500000000007     1.9937499999999986   
   1.2187500000000002     1.6687499999999975   
   1.2187500000000004     1.6812499999999977   
   1.2187500000000004     1.6937499999999974   
   1.2187500000000004     1.7062499999999976   
   1.2187500000000004     1.7187499999999973   
   1.2187500000000004     1.7312499999999971   
   1.2187500000000004     1.7437499999999972   
   1.2187500000000004     1.7562499999999974   
   1.2187500000000004     1.7687499999999972   
   1.2187500000000004     1.7812499999999973   
   1.2187500000000004     1.7937499999999973   
   1.2187500000000004     1.8062499999999972   
   1.2187500000000004     1.8187499999999974   
   1.2187500000000004     1.8312499999999972   
   1.2187500000000004     1.8437499999999971   
   1.2187500000000004     1.8562499999999971   
   1.2187500000000004     1.8687499999999968   
   1.2187500000000004     1.8812499999999972   
   1.2187500000000007     1.8937499999999972   
   1.2187500000000009     1.9062499999999971   
   1.2187500000000007     1.9187499999999971   
   1.2187500000000004     1.9312499999999972   
   1.2187500000000007     1.9437499999999970   
   1.2187500000000009     1.9562499999999967   
   1.2187500000000009     1.9687499999999969   
   1.2187500000000009     1.9812499999999971   
   1.2187500000000009     1.9937499999999984   
   1.2312500000000002     1.6687499999999975   
   1.2312500000000002     1.6812499999999975   
   1.2312500000000002     1.6937499999999974   
   1.2312500000000002     1.7062499999999976   
   1.2312500000000002     1.7187499999999973   
   1.2312500000000002     1.7312499999999975   
   1.2312500000000002     1.7437499999999975   
   1.2312500000000002     1.7562499999999976   
   1.2312500000000004     1.7687499999999974   
   1.2312500000000006     1.7812499999999976   
   1.2312500000000006     1.7937499999999975   
   1.2312500000000006     1.8062499999999972   
   1.2312500000000004     1.8187499999999974   
   1.2312500000000004     1.8312499999999972   
   1.2312500000000006     1.8437499999999971   
   1.2312500000000006     1.8562499999999971   
   1.2312500000000006     1.8687499999999968   
   1.2312500000000006     1.8812499999999970   
   1.2312500000000006     1.8937499999999972   
   1.2312500000000006     1.9062499999999969   
   1.2312500000000006     1.9187499999999971   
   1.2312500000000006     1.9312499999999972   
   1.2312500000000006     1.9437499999999972   
   1.2312500000000006     1.9562499999999972   
   1.2312500000000006     1.9687499999999969   
   1.2312500000000006     1.9812499999999968   
   1.2312500000000006     1.9937499999999984   
   1.2437499999999999     1.6687499999999975   
   1.2437500000000001     1.6812499999999975   
   1.2437500000000004     1.6937499999999974   
   1.2437500000000004     1.7062499999999976   
   1.2437500000000004     1.7187499999999973   
   1.2437500000000004     1.7312499999999975   
   1.2437500000000004     1.7437499999999975   
   1.2437500000000004     1.7562499999999974   
   1.2437500000000004     1.7687499999999972   
   1.2437500000000004     1.7812499999999971   
   1.2437500000000004     1.7937499999999975   
   1.2437500000000004     1.8062499999999975   
   1.2437500000000004     1.8187499999999972   
   1.2437500000000004     1.8312499999999972   
   1.2437500000000004     1.8437499999999971   
   1.2437500000000004     1.8562499999999971   
   1.2437500000000006     1.8687499999999968   
   1.2437500000000006     1.8812499999999970   
   1.2437500000000004     1.8937499999999972   
   1.2437500000000004     1.9062499999999971   
   1.2437500000000004     1.9187499999999971   
   1.2437500000000006     1.9312499999999972   
   1.2437500000000008     1.9437499999999970   
   1.2437500000000008     1.9562499999999969   
   1.2437500000000008     1.9687499999999969   
   1.2437500000000008     1.9812499999999968   
   1.2437500000000008     1.9937499999999986   
   1.2562500000000001     1.6687499999999975   
   1.2562500000000001     1.6812499999999975   
   1.2562500000000001     1.6937499999999976   
   1.2562500000000001     1.7062499999999976   
   1.2562500000000001     1.7187499999999976   
   1.2562500000000001     1.7312499999999975   
   1.2562500000000001     1.7437499999999975   
   1.2562500000000001     1.7562499999999972   
   1.2562500000000001     1.7687499999999972   
   1.2562500000000003     1.7812499999999973   
   1.2562500000000005     1.7937499999999973   
   1.2562500000000003     1.8062499999999975   
   1.2562500000000001     1.8187499999999972   
   1.2562500000000003     1.8312499999999972   
   1.2562500000000005     1.8437499999999971   
   1.2562500000000005     1.8562499999999971   
   1.2562500000000005     1.8687499999999968   
   1.2562500000000005     1.8812499999999970   
   1.2562500000000005     1.8937499999999972   
   1.2562500000000005     1.9062499999999969   
   1.2562500000000005     1.9187499999999971   
   1.2562500000000005     1.9312499999999972   
   1.2562500000000005     1.9437499999999970   
   1.2562500000000005     1.9562499999999967   
   1.2562500000000005     1.9687499999999969   
   1.2562500000000005     1.9812499999999968   
   1.2562500000000005     1.9937499999999984   
   1.2687500000000003     1.6687499999999975   
   1.2687500000000003     1.6812499999999975   
   1.2687500000000003     1.6937499999999974   
   1.2687500000000003     1.7062499999999974   
   1.2687500000000003     1.7187499999999976   
   1.2687500000000003     1.7312499999999975   
   1.2687500000000003     1.7437499999999975   
   1.2687500000000003     1.7562499999999974   
   1.2687500000000003     1.7687499999999972   
   1.2687500000000003     1.7812499999999973   
   1.2687500000000003     1.7937499999999975   
   1.2687500000000003     1.8062499999999972   
   1.2687500000000003     1.8187499999999974   
   1.2687500000000003     1.8312499999999972   
   1.2687500000000003     1.8437499999999969   
   1.2687500000000003     1.8562499999999971   
   1.2687500000000003     1.8687499999999968   
   1.2687500000000003     1.8812499999999970   
   1.2687500000000003     1.8937499999999972   
   1.2687500000000005     1.9062499999999971   
   1.2687500000000005     1.9187499999999971   
   1.2687500000000005     1.9312499999999970   
   1.2687500000000005     1.9437499999999970   
   1.2687500000000005     1.9562499999999969   
   1.2687500000000007     1.9687499999999971   
   1.2687500000000005     1.9812499999999971   
   1.2687500000000005     1.9937499999999984   
   1.2812500000000000     1.6687499999999975   
   1.2812500000000000     1.6812499999999975   
   1.2812500000000000     1.6937499999999974   
   1.2812500000000000     1.7062499999999972   
   1.2812500000000000     1.7187499999999973   
   1.2812500000000000     1.7312499999999975   
   1.2812500000000000     1.7437499999999975   
   1.2812500000000002     1.7562499999999974   
   1.2812500000000004     1.7687499999999972   
   1.2812500000000004     1.7812499999999973   
   1.2812500000000002     1.7937499999999973   
   1.2812500000000002     1.8062499999999968   
   1.2812500000000002     1.8187499999999970   
   1.2812500000000002     1.8312499999999972   
   1.2812500000000004     1.8437499999999969   
   1.2812500000000004     1.8562499999999971   
   1.2812500000000004     1.8687499999999968   
   1.2812500000000004     1.8812499999999972   
   1.2812500000000004     1.8937499999999972   
   1.2812500000000004     1.9062499999999969   
   1.2812500000000004     1.9187499999999971   
   1.2812500000000004     1.9312499999999968   
   1.2812500000000004     1.9437499999999970   
   1.2812500000000004     1.9562499999999967   
   1.2812500000000004     1.9687499999999969   
   1.2812500000000004     1.9812499999999968   
   1.2812500000000004     1.9937499999999986   
   1.2937500000000000     1.6687499999999973   
   1.2937500000000002     1.6812499999999972   
   1.2937500000000002     1.6937499999999974   
   1.2937500000000002     1.7062499999999972   
   1.2937500000000002     1.7187499999999973   
   1.2937500000000002     1.7312499999999973   
   1.2937500000000002     1.7437499999999972   
   1.2937500000000002     1.7562499999999974   
   1.2937500000000002     1.7687499999999972   
   1.2937500000000002     1.7812499999999971   
   1.2937500000000002     1.7937499999999971   
   1.2937500000000002     1.8062499999999968   
   1.2937500000000002     1.8187499999999970   
   1.2937500000000002     1.8312499999999972   
   1.2937500000000002     1.8437499999999971   
   1.2937500000000002     1.8562499999999971   
   1.2937500000000004     1.8687499999999970   
   1.2937500000000004     1.8812499999999972   
   1.2937500000000002     1.8937499999999972   
   1.2937500000000002     1.9062499999999969   
   1.2937500000000002     1.9187499999999968   
   1.2937500000000002     1.9312499999999968   
   1.2937500000000004     1.9437499999999968   
   1.2937500000000006     1.9562499999999967   
   1.2937500000000006     1.9687499999999969   
   1.2937500000000006     1.9812499999999971   
   1.2937500000000006     1.9937499999999984   
   1.3062499999999999     1.6687499999999975   
   1.3062499999999999     1.6812499999999972   
   1.3062499999999999     1.6937499999999974   
   1.3062499999999999     1.7062499999999974   
   1.3062499999999999     1.7187499999999973   
   1.3062499999999999     1.7312499999999971   
   1.3062500000000001     1.7437499999999972   
   1.3062500000000001     1.7562499999999972   
   1.3062499999999999     1.7687499999999972   
   1.3062500000000001     1.7812499999999969   
   1.3062500000000004     1.7937499999999971   
   1.3062500000000004     1.8062499999999970   
   1.3062500000000004     1.8187499999999972   
   1.3062500000000001     1.8312499999999972   
   1.3062500000000001     1.8437499999999969   
   1.3062500000000004     1.8562499999999971   
   1.3062500000000004     1.8687499999999972   
   1.3062500000000004     1.8812499999999972   
   1.3062500000000004     1.8937499999999969   
   1.3062500000000004     1.9062499999999971   
   1.3062500000000004     1.9187499999999971   
   1.3062500000000004     1.9312499999999968   
   1.3062500000000004     1.9437499999999965   
   1.3062500000000004     1.9562499999999967   
   1.3062500000000004     1.9687499999999969   
   1.3062500000000004     1.9812499999999966   
   1.3062500000000004     1.9937499999999984   
   1.3187499999999996     1.6687499999999975   
   1.3187499999999999     1.6812499999999975   
   1.3187500000000001     1.6937499999999974   
   1.3187500000000001     1.7062499999999974   
   1.3187500000000001     1.7187499999999973   
   1.3187500000000001     1.7312499999999971   
   1.3187500000000001     1.7437499999999972   
   1.3187500000000001     1.7562499999999972   
   1.3187500000000001     1.7687499999999969   
   1.3187500000000001     1.7812499999999971   
   1.3187500000000001     1.7937499999999971   
   1.3187500000000001     1.8062499999999972   
   1.3187500000000001     1.8187499999999974   
   1.3187500000000001     1.8312499999999972   
   1.3187500000000001     1.8437499999999969   
   1.3187500000000001     1.8562499999999968   
   1.3187500000000001     1.8687499999999968   
   1.3187500000000001     1.8812499999999968   
   1.3187500000000003     1.8937499999999967   
   1.3187500000000003     1.9062499999999969   
   1.3187500000000001     1.9187499999999968   
   1.3187500000000001     1.9312499999999968   
   1.3187500000000003     1.9437499999999970   
   1.3187500000000005     1.9562499999999969   
   1.3187500000000003     1.9687499999999964   
   1.3187500000000003     1.9812499999999966   
   1.3187500000000005     1.9937499999999986   
   1.3312499999999998     1.6687499999999973   
   1.3312499999999998     1.6812499999999975   
   1.3312499999999998     1.6937499999999974   
   1.3312499999999998     1.7062499999999976   
   1.3312499999999998     1.7187499999999973   
   1.3312499999999998     1.7312499999999971   
   1.3312500000000000     1.7437499999999972   
   1.3312500000000000     1.7562499999999972   
   1.3312499999999998     1.7687499999999972   
   1.3312500000000000     1.7812499999999969   
   1.3312500000000000     1.7937499999999971   
   1.3312500000000000     1.8062499999999968   
   1.3312500000000000     1.8187499999999972   
   1.3312500000000000     1.8312499999999972   
   1.3312500000000000     1.8437499999999969   
   1.3312500000000000     1.8562499999999968   
   1.3312500000000000     1.8687499999999968   
   1.3312500000000000     1.8812499999999965   
   1.3312500000000000     1.8937499999999967   
   1.3312500000000000     1.9062499999999967   
   1.3312500000000000     1.9187499999999968   
   1.3312500000000000     1.9312499999999968   
   1.3312500000000000     1.9437499999999968   
   1.3312500000000003     1.9562499999999967   
   1.3312500000000000     1.9687499999999964   
   1.3312500000000000     1.9812499999999966   
   1.3312500000000003     1.9937499999999984   
   1.3437500000000000     1.6687499999999975   
   1.3437500000000000     1.6812499999999972   
   1.3437500000000000     1.6937499999999972   
   1.3437500000000000     1.7062499999999972   
   1.3437500000000000     1.7187499999999971   
   1.3437500000000000     1.7312499999999971   
   1.3437500000000000     1.7437499999999972   
   1.3437500000000000     1.7562499999999972   
   1.3437500000000000     1.7687499999999969   
   1.3437500000000000     1.7812499999999969   
   1.3437500000000000     1.7937499999999968   
   1.3437500000000000     1.8062499999999970   
   1.3437500000000000     1.8187499999999972   
   1.3437500000000000     1.8312499999999969   
   1.3437500000000000     1.8437499999999969   
   1.3437500000000000     1.8562499999999968   
   1.3437500000000004     1.8687499999999968   
   1.3437500000000002     1.8812499999999968   
   1.3437500000000000     1.8937499999999967   
   1.3437500000000004     1.9062499999999969   
   1.3437500000000002     1.9187499999999968   
   1.3437500000000004     1.9312499999999968   
   1.3437500000000004     1.9437499999999965   
   1.3437500000000004     1.9562499999999965   
   1.3437500000000004     1.9687499999999964   
   1.3437500000000004     1.9812499999999966   
   1.3437500000000004     1.9937499999999984   
   1.3562499999999997     1.6687499999999973   
   1.3562499999999997     1.6812499999999972   
   1.3562499999999997     1.6937499999999974   
   1.3562499999999997     1.7062499999999972   
   1.3562499999999997     1.7187499999999971   
   1.3562499999999997     1.7312499999999973   
   1.3562499999999997     1.7437499999999975   
   1.3562499999999997     1.7562499999999974   
   1.3562500000000000     1.7687499999999969   
   1.3562500000000002     1.7812499999999969   
   1.3562499999999997     1.7937499999999971   
   1.3562500000000000     1.8062499999999972   
   1.3562500000000002     1.8187499999999968   
   1.3562500000000002     1.8312499999999969   
   1.3562500000000002     1.8437499999999969   
   1.3562500000000002     1.8562499999999971   
   1.3562500000000002     1.8687499999999968   
   1.3562500000000002     1.8812499999999968   
   1.3562500000000002     1.8937499999999967   
   1.3562500000000002     1.9062499999999964   
   1.3562500000000002     1.9187499999999966   
   1.3562500000000002     1.9312499999999968   
   1.3562500000000002     1.9437499999999968   
   1.3562500000000002     1.9562499999999967   
   1.3562500000000002     1.9687499999999964   
   1.3562500000000002     1.9812499999999968   
   1.3562500000000004     1.9937499999999986   
   1.3687499999999997     1.6687499999999971   
   1.3687499999999997     1.6812499999999975   
   1.3687499999999997     1.6937499999999974   
   1.3687499999999997     1.7062499999999972   
   1.3687499999999997     1.7187499999999973   
   1.3687499999999997     1.7312499999999971   
   1.3687499999999997     1.7437499999999972   
   1.3687499999999997     1.7562499999999970   
   1.3687499999999997     1.7687499999999969   
   1.3687499999999997     1.7812499999999969   
   1.3687499999999999     1.7937499999999971   
   1.3687499999999999     1.8062499999999972   
   1.3687499999999999     1.8187499999999970   
   1.3687499999999999     1.8312499999999972   
   1.3687499999999999     1.8437499999999969   
   1.3687499999999999     1.8562499999999968   
   1.3687499999999999     1.8687499999999968   
   1.3687499999999999     1.8812499999999968   
   1.3687499999999999     1.8937499999999967   
   1.3687499999999999     1.9062499999999967   
   1.3687499999999999     1.9187499999999966   
   1.3687499999999999     1.9312499999999968   
   1.3687499999999999     1.9437499999999965   
   1.3687500000000001     1.9562499999999967   
   1.3687500000000001     1.9687499999999964   
   1.3687500000000001     1.9812499999999966   
   1.3687500000000004     1.9937499999999986   
   1.3812499999999996     1.6687499999999973   
   1.3812499999999996     1.6812499999999972   
   1.3812499999999996     1.6937499999999974   
   1.3812499999999996     1.7062499999999972   
   1.3812499999999996     1.7187499999999973   
   1.3812499999999996     1.7312499999999971   
   1.3812499999999996     1.7437499999999972   
   1.3812500000000001     1.7562499999999970   
   1.3812499999999999     1.7687499999999972   
   1.3812500000000001     1.7812499999999969   
   1.3812500000000001     1.7937499999999971   
   1.3812500000000001     1.8062499999999972   
   1.3812500000000001     1.8187499999999970   
   1.3812500000000001     1.8312499999999969   
   1.3812500000000001     1.8437499999999969   
   1.3812500000000001     1.8562499999999971   
   1.3812500000000001     1.8687499999999968   
   1.3812500000000001     1.8812499999999968   
   1.3812500000000001     1.8937499999999967   
   1.3812500000000001     1.9062499999999969   
   1.3812500000000001     1.9187499999999968   
   1.3812500000000001     1.9312499999999966   
   1.3812500000000001     1.9437499999999965   
   1.3812500000000001     1.9562499999999967   
   1.3812500000000001     1.9687499999999964   
   1.3812500000000001     1.9812499999999966   
   1.3812500000000001     1.9937499999999984   
   1.3937499999999994     1.6687499999999971   
   1.3937499999999994     1.6812499999999970   
   1.3937499999999998     1.6937499999999970   
   1.3937499999999998     1.7062499999999972   
   1.3937499999999998     1.7187499999999971   
   1.3937499999999998     1.7312499999999971   
   1.3937499999999998     1.7437499999999972   
   1.3937499999999998     1.7562499999999972   
   1.3937500000000000     1.7687499999999972   
   1.3937500000000000     1.7812499999999971   
   1.3937500000000000     1.7937499999999971   
   1.3937499999999998     1.8062499999999968   
   1.3937499999999998     1.8187499999999970   
   1.3937500000000000     1.8312499999999972   
   1.3937500000000000     1.8437499999999969   
   1.3937500000000000     1.8562499999999966   
   1.3937500000000000     1.8687499999999968   
   1.3937500000000003     1.8812499999999968   
   1.3937500000000000     1.8937499999999967   
   1.3937500000000000     1.9062499999999964   
   1.3937500000000000     1.9187499999999966   
   1.3937500000000000     1.9312499999999968   
   1.3937500000000000     1.9437499999999965   
   1.3937500000000000     1.9562499999999963   
   1.3937500000000000     1.9687499999999964   
   1.3937500000000003     1.9812499999999964   
   1.3937500000000003     1.9937499999999981   
   1.4062499999999998     1.6687499999999971   
   1.4062499999999998     1.6812499999999968   
   1.4062499999999998     1.6937499999999970   
   1.4062499999999998     1.7062499999999969   
   1.4062499999999998     1.7187499999999971   
   1.4062499999999998     1.7312499999999971   
   1.4062499999999998     1.7437499999999968   
   1.4062499999999998     1.7562499999999970   
   1.4062500000000000     1.7687499999999969   
   1.4062500000000000     1.7812499999999969   
   1.4062500000000000     1.7937499999999968   
   1.4062499999999998     1.8062499999999968   
   1.4062499999999998     1.8187499999999970   
   1.4062500000000000     1.8312499999999969   
   1.4062500000000000     1.8437499999999969   
   1.4062500000000000     1.8562499999999968   
   1.4062500000000000     1.8687499999999968   
   1.4062500000000000     1.8812499999999965   
   1.4062500000000000     1.8937499999999967   
   1.4062500000000000     1.9062499999999964   
   1.4062500000000000     1.9187499999999964   
   1.4062500000000000     1.9312499999999966   
   1.4062500000000000     1.9437499999999965   
   1.4062500000000000     1.9562499999999963   
   1.4062500000000000     1.9687499999999964   
   1.4062500000000000     1.9812499999999966   
   1.4062500000000000     1.9937499999999981   
   1.4187499999999997     1.6687499999999971   
   1.4187499999999997     1.6812499999999970   
   1.4187499999999997     1.6937499999999972   
   1.4187499999999997     1.7062499999999972   
   1.4187499999999997     1.7187499999999969   
   1.4187499999999997     1.7312499999999968   
   1.4187499999999997     1.7437499999999968   
   1.4187499999999997     1.7562499999999970   
   1.4187499999999997     1.7687499999999969   
   1.4187499999999997     1.7812499999999969   
   1.4187499999999997     1.7937499999999968   
   1.4187499999999997     1.8062499999999968   
   1.4187499999999997     1.8187499999999968   
   1.4187499999999997     1.8312499999999967   
   1.4187499999999997     1.8437499999999969   
   1.4187499999999997     1.8562499999999971   
   1.4187499999999997     1.8687499999999968   
   1.4187500000000000     1.8812499999999965   
   1.4187500000000002     1.8937499999999967   
   1.4187499999999997     1.9062499999999967   
   1.4187499999999997     1.9187499999999966   
   1.4187500000000000     1.9312499999999964   
   1.4187500000000002     1.9437499999999965   
   1.4187499999999997     1.9562499999999963   
   1.4187500000000000     1.9687499999999964   
   1.4187500000000002     1.9812499999999966   
   1.4187500000000002     1.9937499999999984   
   1.4312499999999995     1.6687499999999971   
   1.4312499999999995     1.6812499999999972   
   1.4312499999999995     1.6937499999999970   
   1.4312499999999995     1.7062499999999972   
   1.4312499999999997     1.7187499999999969   
   1.4312499999999997     1.7312499999999971   
   1.4312499999999995     1.7437499999999970   
   1.4312499999999995     1.7562499999999970   
   1.4312499999999995     1.7687499999999967   
   1.4312499999999997     1.7812499999999969   
   1.4312499999999997     1.7937499999999971   
   1.4312499999999997     1.8062499999999968   
   1.4312499999999997     1.8187499999999965   
   1.4312499999999997     1.8312499999999965   
   1.4312499999999997     1.8437499999999969   
   1.4312499999999997     1.8562499999999971   
   1.4312499999999997     1.8687499999999968   
   1.4312499999999997     1.8812499999999965   
   1.4312499999999999     1.8937499999999967   
   1.4312499999999997     1.9062499999999964   
   1.4312499999999997     1.9187499999999964   
   1.4312499999999997     1.9312499999999966   
   1.4312499999999999     1.9437499999999965   
   1.4312499999999997     1.9562499999999963   
   1.4312499999999997     1.9687499999999964   
   1.4312499999999999     1.9812499999999964   
   1.4312499999999999     1.9937499999999981   
   1.4437499999999996     1.6687499999999971   
   1.4437499999999996     1.6812499999999972   
   1.4437499999999996     1.6937499999999970   
   1.4437499999999996     1.7062499999999972   
   1.4437499999999996     1.7187499999999973   
   1.4437499999999996     1.7312499999999973   
   1.4437499999999996     1.7437499999999972   
   1.4437499999999996     1.7562499999999972   
   1.4437499999999996     1.7687499999999969   
   1.4437499999999996     1.7812499999999969   
   1.4437499999999996     1.7937499999999966   
   1.4437499999999996     1.8062499999999968   
   1.4437499999999996     1.8187499999999965   
   1.4437499999999996     1.8312499999999967   
   1.4437499999999996     1.8437499999999964   
   1.4437499999999996     1.8562499999999966   
   1.4437500000000001     1.8687499999999968   
   1.4437499999999999     1.8812499999999965   
   1.4437500000000001     1.8937499999999967   
   1.4437499999999999     1.9062499999999964   
   1.4437499999999996     1.9187499999999962   
   1.4437499999999996     1.9312499999999964   
   1.4437499999999996     1.9437499999999965   
   1.4437499999999996     1.9562499999999963   
   1.4437499999999996     1.9687499999999964   
   1.4437500000000001     1.9812499999999962   
   1.4437500000000001     1.9937499999999981   
   1.4562499999999994     1.6687499999999971   
   1.4562499999999994     1.6812499999999968   
   1.4562499999999994     1.6937499999999970   
   1.4562499999999994     1.7062499999999969   
   1.4562499999999994     1.7187499999999971   
   1.4562499999999994     1.7312499999999971   
   1.4562499999999994     1.7437499999999968   
   1.4562499999999994     1.7562499999999970   
   1.4562499999999994     1.7687499999999969   
   1.4562499999999994     1.7812499999999969   
   1.4562499999999996     1.7937499999999966   
   1.4562499999999998     1.8062499999999964   
   1.4562499999999998     1.8187499999999965   
   1.4562499999999998     1.8312499999999965   
   1.4562499999999998     1.8437499999999967   
   1.4562499999999998     1.8562499999999966   
   1.4562499999999998     1.8687499999999968   
   1.4562499999999998     1.8812499999999968   
   1.4562499999999998     1.8937499999999967   
   1.4562499999999998     1.9062499999999964   
   1.4562499999999998     1.9187499999999964   
   1.4562499999999998     1.9312499999999964   
   1.4562499999999998     1.9437499999999965   
   1.4562499999999998     1.9562499999999965   
   1.4562499999999998     1.9687499999999964   
   1.4562499999999998     1.9812499999999964   
   1.4562500000000000     1.9937499999999981   
   1.4687499999999993     1.6687499999999971   
   1.4687499999999993     1.6812499999999970   
   1.4687499999999993     1.6937499999999970   
   1.4687499999999993     1.7062499999999967   
   1.4687499999999993     1.7187499999999969   
   1.4687499999999993     1.7312499999999971   
   1.4687499999999993     1.7437499999999968   
   1.4687499999999993     1.7562499999999970   
   1.4687499999999993     1.7687499999999969   
   1.4687499999999996     1.7812499999999969   
   1.4687499999999996     1.7937499999999966   
   1.4687499999999993     1.8062499999999968   
   1.4687499999999993     1.8187499999999965   
   1.4687499999999993     1.8312499999999967   
   1.4687499999999993     1.8437499999999964   
   1.4687499999999996     1.8562499999999966   
   1.4687499999999996     1.8687499999999968   
   1.4687499999999996     1.8812499999999968   
   1.4687499999999996     1.8937499999999965   
   1.4687499999999998     1.9062499999999964   
   1.4687499999999998     1.9187499999999966   
   1.4687499999999996     1.9312499999999964   
   1.4687499999999998     1.9437499999999965   
   1.4687499999999998     1.9562499999999965   
   1.4687499999999998     1.9687499999999964   
   1.4687499999999998     1.9812499999999964   
   1.4687500000000000     1.9937499999999981   
   1.4812499999999993     1.6687499999999971   
   1.4812499999999993     1.6812499999999968   
   1.4812499999999993     1.6937499999999970   
   1.4812499999999993     1.7062499999999972   
   1.4812499999999993     1.7187499999999969   
   1.4812499999999993     1.7312499999999968   
   1.4812499999999997     1.7437499999999968   
   1.4812499999999995     1.7562499999999970   
   1.4812499999999997     1.7687499999999967   
   1.4812499999999997     1.7812499999999969   
   1.4812499999999997     1.7937499999999966   
   1.4812499999999995     1.8062499999999968   
   1.4812499999999997     1.8187499999999968   
   1.4812499999999995     1.8312499999999967   
   1.4812499999999997     1.8437499999999964   
   1.4812499999999997     1.8562499999999966   
   1.4812499999999997     1.8687499999999966   
   1.4812499999999997     1.8812499999999965   
   1.4812499999999997     1.8937499999999967   
   1.4812499999999997     1.9062499999999964   
   1.4812499999999997     1.9187499999999964   
   1.4812499999999997     1.9312499999999964   
   1.4812499999999997     1.9437499999999965   
   1.4812499999999997     1.9562499999999967   
   1.4812499999999997     1.9687499999999964   
   1.4812499999999997     1.9812499999999964   
   1.4812499999999997     1.9937499999999981   
   1.4937499999999995     1.6687499999999971   
   1.4937499999999990     1.6812499999999970   
   1.4937499999999990     1.6937499999999970   
   1.4937499999999995     1.7062499999999969   
   1.4937499999999995     1.7187499999999969   
   1.4937499999999995     1.7312499999999968   
   1.4937499999999995     1.7437499999999968   
   1.4937499999999997     1.7562499999999970   
   1.4937499999999995     1.7687499999999967   
   1.4937499999999995     1.7812499999999969   
   1.4937499999999995     1.7937499999999966   
   1.4937499999999995     1.8062499999999968   
   1.4937499999999997     1.8187499999999965   
   1.4937499999999997     1.8312499999999965   
   1.4937499999999997     1.8437499999999964   
   1.4937499999999997     1.8562499999999966   
   1.4937499999999997     1.8687499999999966   
   1.4937499999999997     1.8812499999999965   
   1.4937499999999997     1.8937499999999967   
   1.4937499999999997     1.9062499999999964   
   1.4937499999999997     1.9187499999999964   
   1.4937499999999999     1.9312499999999964   
   1.4937499999999999     1.9437499999999961   
   1.4937499999999997     1.9562499999999963   
   1.4937499999999997     1.9687499999999962   
   1.4937499999999999     1.9812499999999964   
   1.4937499999999999     1.9937499999999981   
   1.5062499999999994     1.6687499999999971   
   1.5062499999999992     1.6812499999999972   
   1.5062499999999992     1.6937499999999972   
   1.5062499999999994     1.7062499999999972   
   1.5062499999999994     1.7187499999999967   
   1.5062499999999994     1.7312499999999968   
   1.5062499999999994     1.7437499999999968   
   1.5062499999999996     1.7562499999999970   
   1.5062499999999994     1.7687499999999972   
   1.5062499999999994     1.7812499999999967   
   1.5062499999999994     1.7937499999999966   
   1.5062499999999994     1.8062499999999968   
   1.5062499999999996     1.8187499999999968   
   1.5062499999999996     1.8312499999999967   
   1.5062499999999996     1.8437499999999964   
   1.5062499999999996     1.8562499999999966   
   1.5062499999999996     1.8687499999999964   
   1.5062499999999996     1.8812499999999965   
   1.5062499999999996     1.8937499999999967   
   1.5062499999999996     1.9062499999999964   
   1.5062499999999996     1.9187499999999964   
   1.5062499999999996     1.9312499999999966   
   1.5062499999999996     1.9437499999999963   
   1.5062499999999996     1.9562499999999965   
   1.5062499999999996     1.9687499999999964   
   1.5062499999999996     1.9812499999999962   
   1.5062499999999996     1.9937499999999981   
   1.5187499999999994     1.6687499999999971   
   1.5187499999999992     1.6812499999999972   
   1.5187499999999992     1.6937499999999972   
   1.5187499999999994     1.7062499999999969   
   1.5187499999999994     1.7187499999999969   
   1.5187499999999994     1.7312499999999966   
   1.5187499999999994     1.7437499999999968   
   1.5187499999999994     1.7562499999999970   
   1.5187499999999994     1.7687499999999969   
   1.5187499999999994     1.7812499999999969   
   1.5187499999999994     1.7937499999999966   
   1.5187499999999994     1.8062499999999968   
   1.5187499999999994     1.8187499999999965   
   1.5187499999999994     1.8312499999999965   
   1.5187499999999994     1.8437499999999964   
   1.5187499999999994     1.8562499999999966   
   1.5187499999999994     1.8687499999999966   
   1.5187499999999994     1.8812499999999963   
   1.5187499999999996     1.8937499999999965   
   1.5187499999999998     1.9062499999999964   
   1.5187499999999998     1.9187499999999964   
   1.5187499999999994     1.9312499999999964   
   1.5187499999999994     1.9437499999999965   
   1.5187499999999996     1.9562499999999965   
   1.5187499999999998     1.9687499999999964   
   1.5187499999999998     1.9812499999999964   
   1.5187499999999998     1.9937499999999981   
   1.5312499999999991     1.6687499999999971   
   1.5312499999999991     1.6812499999999972   
   1.5312499999999991     1.6937499999999974   
   1.5312499999999991     1.7062499999999967   
   1.5312499999999991     1.7187499999999964   
   1.5312499999999991     1.7312499999999966   
   1.5312499999999991     1.7437499999999968   
   1.5312499999999991     1.7562499999999970   
   1.5312499999999993     1.7687499999999969   
   1.5312499999999993     1.7812499999999969   
   1.5312499999999993     1.7937499999999966   
   1.5312499999999993     1.8062499999999966   
   1.5312499999999993     1.8187499999999968   
   1.5312499999999993     1.8312499999999967   
   1.5312499999999993     1.8437499999999964   
   1.5312499999999993     1.8562499999999964   
   1.5312499999999993     1.8687499999999966   
   1.5312499999999993     1.8812499999999963   
   1.5312499999999993     1.8937499999999965   
   1.5312499999999996     1.9062499999999962   
   1.5312499999999996     1.9187499999999962   
   1.5312499999999993     1.9312499999999964   
   1.5312499999999993     1.9437499999999963   
   1.5312499999999993     1.9562499999999963   
   1.5312499999999996     1.9687499999999964   
   1.5312499999999996     1.9812499999999964   
   1.5312499999999996     1.9937499999999981   
   1.5437499999999993     1.6687499999999968   
   1.5437499999999993     1.6812499999999970   
   1.5437499999999993     1.6937499999999970   
   1.5437499999999993     1.7062499999999967   
   1.5437499999999993     1.7187499999999967   
   1.5437499999999993     1.7312499999999966   
   1.5437499999999993     1.7437499999999968   
   1.5437499999999993     1.7562499999999968   
   1.5437499999999993     1.7687499999999967   
   1.5437499999999993     1.7812499999999969   
   1.5437499999999997     1.7937499999999968   
   1.5437499999999997     1.8062499999999964   
   1.5437499999999997     1.8187499999999965   
   1.5437499999999997     1.8312499999999965   
   1.5437499999999995     1.8437499999999964   
   1.5437499999999997     1.8562499999999966   
   1.5437499999999997     1.8687499999999966   
   1.5437499999999997     1.8812499999999965   
   1.5437499999999997     1.8937499999999963   
   1.5437499999999997     1.9062499999999960   
   1.5437499999999997     1.9187499999999962   
   1.5437499999999997     1.9312499999999964   
   1.5437499999999997     1.9437499999999961   
   1.5437499999999997     1.9562499999999963   
   1.5437499999999997     1.9687499999999962   
   1.5437499999999997     1.9812499999999962   
   1.5437499999999997     1.9937499999999981   
   1.5562499999999990     1.6687499999999971   
   1.5562499999999990     1.6812499999999968   
   1.5562499999999990     1.6937499999999970   
   1.5562499999999995     1.7062499999999967   
   1.5562499999999995     1.7187499999999967   
   1.5562499999999995     1.7312499999999968   
   1.5562499999999995     1.7437499999999968   
   1.5562499999999995     1.7562499999999968   
   1.5562499999999995     1.7687499999999967   
   1.5562499999999995     1.7812499999999964   
   1.5562499999999995     1.7937499999999966   
   1.5562499999999995     1.8062499999999966   
   1.5562499999999995     1.8187499999999965   
   1.5562499999999997     1.8312499999999965   
   1.5562499999999997     1.8437499999999967   
   1.5562499999999997     1.8562499999999966   
   1.5562499999999997     1.8687499999999964   
   1.5562499999999997     1.8812499999999963   
   1.5562499999999997     1.8937499999999965   
   1.5562499999999997     1.9062499999999962   
   1.5562499999999999     1.9187499999999964   
   1.5562499999999997     1.9312499999999964   
   1.5562499999999997     1.9437499999999961   
   1.5562499999999997     1.9562499999999963   
   1.5562499999999999     1.9687499999999962   
   1.5562499999999999     1.9812499999999962   
   1.5562499999999999     1.9937499999999981   
   1.5687499999999990     1.6687499999999968   
   1.5687499999999990     1.6812499999999968   
   1.5687499999999990     1.6937499999999968   
   1.5687499999999990     1.7062499999999967   
   1.5687499999999990     1.7187499999999967   
   1.5687499999999992     1.7312499999999966   
   1.5687499999999992     1.7437499999999968   
   1.5687499999999992     1.7562499999999970   
   1.5687499999999992     1.7687499999999967   
   1.5687499999999992     1.7812499999999964   
   1.5687499999999994     1.7937499999999966   
   1.5687499999999992     1.8062499999999964   
   1.5687499999999994     1.8187499999999965   
   1.5687499999999996     1.8312499999999965   
   1.5687499999999996     1.8437499999999967   
   1.5687499999999996     1.8562499999999966   
   1.5687499999999996     1.8687499999999964   
   1.5687499999999996     1.8812499999999961   
   1.5687499999999996     1.8937499999999963   
   1.5687499999999999     1.9062499999999962   
   1.5687499999999999     1.9187499999999962   
   1.5687499999999999     1.9312499999999961   
   1.5687499999999996     1.9437499999999961   
   1.5687499999999999     1.9562499999999960   
   1.5687499999999999     1.9687499999999962   
   1.5687499999999999     1.9812499999999962   
   1.5687499999999999     1.9937499999999979   
   1.5812499999999992     1.6687499999999971   
   1.5812499999999989     1.6812499999999968   
   1.5812499999999989     1.6937499999999968   
   1.5812499999999989     1.7062499999999967   
   1.5812499999999994     1.7187499999999967   
   1.5812499999999994     1.7312499999999968   
   1.5812499999999994     1.7437499999999968   
   1.5812499999999996     1.7562499999999968   
   1.5812499999999994     1.7687499999999967   
   1.5812499999999996     1.7812499999999967   
   1.5812499999999994     1.7937499999999966   
   1.5812499999999996     1.8062499999999966   
   1.5812499999999996     1.8187499999999965   
   1.5812499999999998     1.8312499999999967   
   1.5812499999999998     1.8437499999999969   
   1.5812499999999998     1.8562499999999966   
   1.5812499999999998     1.8687499999999964   
   1.5812499999999998     1.8812499999999961   
   1.5812499999999998     1.8937499999999960   
   1.5812499999999998     1.9062499999999960   
   1.5812499999999998     1.9187499999999962   
   1.5812499999999998     1.9312499999999964   
   1.5812499999999998     1.9437499999999961   
   1.5812499999999998     1.9562499999999960   
   1.5812499999999998     1.9687499999999962   
   1.5812499999999998     1.9812499999999957   
   1.5812499999999998     1.9937499999999981   
   1.5937499999999991     1.6687499999999971   
   1.5937499999999993     1.6812499999999968   
   1.5937499999999993     1.6937499999999965   
   1.5937499999999993     1.7062499999999965   
   1.5937499999999993     1.7187499999999967   
   1.5937499999999993     1.7312499999999968   
   1.5937499999999993     1.7437499999999968   
   1.5937499999999993     1.7562499999999968   
   1.5937499999999993     1.7687499999999967   
   1.5937499999999993     1.7812499999999964   
   1.5937499999999993     1.7937499999999966   
   1.5937499999999993     1.8062499999999966   
   1.5937499999999996     1.8187499999999965   
   1.5937499999999993     1.8312499999999965   
   1.5937499999999993     1.8437499999999964   
   1.5937499999999993     1.8562499999999964   
   1.5937499999999993     1.8687499999999964   
   1.5937499999999996     1.8812499999999961   
   1.5937499999999996     1.8937499999999963   
   1.5937500000000000     1.9062499999999964   
   1.5937500000000000     1.9187499999999962   
   1.5937500000000000     1.9312499999999959   
   1.5937499999999996     1.9437499999999961   
   1.5937500000000000     1.9562499999999963   
   1.5937500000000000     1.9687499999999960   
   1.5937500000000000     1.9812499999999960   
   1.5937500000000000     1.9937499999999979   
   1.6062499999999993     1.6687499999999968   
   1.6062499999999993     1.6812499999999968   
   1.6062499999999993     1.6937499999999970   
   1.6062499999999993     1.7062499999999967   
   1.6062499999999993     1.7187499999999967   
   1.6062499999999993     1.7312499999999968   
   1.6062499999999993     1.7437499999999968   
   1.6062499999999993     1.7562499999999965   
   1.6062499999999997     1.7687499999999967   
   1.6062499999999997     1.7812499999999964   
   1.6062499999999997     1.7937499999999966   
   1.6062499999999997     1.8062499999999966   
   1.6062499999999997     1.8187499999999965   
   1.6062499999999997     1.8312499999999967   
   1.6062499999999997     1.8437499999999964   
   1.6062499999999997     1.8562499999999964   
   1.6062499999999997     1.8687499999999961   
   1.6062499999999997     1.8812499999999961   
   1.6062499999999997     1.8937499999999960   
   1.6062499999999997     1.9062499999999964   
   1.6062499999999997     1.9187499999999962   
   1.6062499999999997     1.9312499999999959   
   1.6062499999999997     1.9437499999999961   
   1.6062499999999997     1.9562499999999960   
   1.6062499999999997     1.9687499999999960   
   1.6062499999999997     1.9812499999999957   
   1.6062499999999997     1.9937499999999981   
