   1.4437499999999983     0.8187499999999999   
   1.4437499999999983     0.8312499999999999   
   1.4437499999999981     0.8437500000000000   
   1.4437499999999983     0.8562499999999997   
   1.4437499999999983     0.8687499999999997   
   1.4437499999999983     0.8812499999999998   
   1.4437499999999983     0.8937499999999998   
   1.4437499999999983     0.9062499999999997   
   1.4437499999999983     0.9187499999999996   
   1.4437499999999983     0.9312499999999997   
   1.4437499999999983     0.9437499999999995   
   1.4437499999999983     0.9562499999999996   
   1.4437499999999983     0.9687499999999994   
   1.4562499999999980     0.8187500000000000   
   1.4562499999999980     0.8312499999999998   
   1.4562499999999983     0.8437499999999998   
   1.4562499999999983     0.8562499999999997   
   1.4562499999999983     0.8687499999999997   
   1.4562499999999983     0.8812499999999996   
   1.4562499999999983     0.8937499999999996   
   1.4562499999999983     0.9062499999999998   
   1.4562499999999983     0.9187499999999996   
   1.4562499999999983     0.9312499999999995   
   1.4562499999999983     0.9437499999999994   
   1.4562499999999983     0.9562499999999994   
   1.4562499999999983     0.9687499999999994   
   1.4687499999999978     0.8187499999999999   
   1.4687499999999980     0.8312499999999998   
   1.4687499999999982     0.8437499999999998   
   1.4687499999999982     0.8562499999999996   
   1.4687499999999982     0.8687499999999995   
   1.4687499999999982     0.8812499999999996   
   1.4687499999999982     0.8937499999999996   
   1.4687499999999982     0.9062499999999997   
   1.4687499999999982     0.9187499999999995   
   1.4687499999999982     0.9312499999999995   
   1.4687499999999982     0.9437499999999994   
   1.4687499999999982     0.9562499999999993   
   1.4687499999999982     0.9687499999999993   
   1.4812499999999980     0.8187499999999999   
   1.4812499999999980     0.8312499999999998   
   1.4812499999999980     0.8437499999999998   
   1.4812499999999980     0.8562499999999996   
   1.4812499999999980     0.8687499999999996   
   1.4812499999999980     0.8812499999999996   
   1.4812499999999980     0.8937499999999998   
   1.4812499999999980     0.9062499999999996   
   1.4812499999999980     0.9187499999999995   
   1.4812499999999980     0.9312499999999995   
   1.4812499999999980     0.9437499999999994   
   1.4812499999999984     0.9562499999999994   
   1.4812499999999984     0.9687499999999992   
   1.4937499999999979     0.8187499999999998   
   1.4937499999999979     0.8312499999999997   
   1.4937499999999979     0.8437499999999998   
   1.4937499999999979     0.8562499999999996   
   1.4937499999999981     0.8687499999999997   
   1.4937499999999981     0.8812499999999996   
   1.4937499999999981     0.8937499999999996   
   1.4937499999999981     0.9062499999999994   
   1.4937499999999981     0.9187499999999994   
   1.4937499999999981     0.9312499999999995   
   1.4937499999999979     0.9437499999999995   
   1.4937499999999979     0.9562499999999993   
   1.4937499999999981     0.9687499999999993   
   1.5062499999999979     0.8187499999999999   
   1.5062499999999979     0.8312499999999996   
   1.5062499999999979     0.8437499999999997   
   1.5062499999999979     0.8562499999999996   
   1.5062499999999981     0.8687499999999995   
   1.5062499999999983     0.8812499999999995   
   1.5062499999999981     0.8937499999999994   
   1.5062499999999979     0.9062499999999994   
   1.5062499999999981     0.9187499999999993   
   1.5062499999999983     0.9312499999999994   
   1.5062499999999983     0.9437499999999994   
   1.5062499999999983     0.9562499999999992   
   1.5062499999999983     0.9687499999999991   
   1.5187499999999976     0.8187499999999998   
   1.5187499999999978     0.8312499999999996   
   1.5187499999999980     0.8437499999999997   
   1.5187499999999980     0.8562499999999995   
   1.5187499999999980     0.8687499999999996   
   1.5187499999999980     0.8812499999999996   
   1.5187499999999980     0.8937499999999994   
   1.5187499999999976     0.9062499999999993   
   1.5187499999999980     0.9187499999999994   
   1.5187499999999983     0.9312499999999995   
   1.5187499999999983     0.9437499999999993   
   1.5187499999999983     0.9562499999999992   
   1.5187499999999983     0.9687499999999992   
   1.5312499999999978     0.8187499999999996   
   1.5312499999999978     0.8312499999999996   
   1.5312499999999982     0.8437499999999997   
   1.5312499999999982     0.8562499999999996   
   1.5312499999999978     0.8687499999999997   
   1.5312499999999976     0.8812499999999996   
   1.5312499999999980     0.8937499999999994   
   1.5312499999999980     0.9062499999999993   
   1.5312499999999978     0.9187499999999994   
   1.5312499999999982     0.9312499999999995   
   1.5312499999999982     0.9437499999999994   
   1.5312499999999982     0.9562499999999993   
   1.5312499999999982     0.9687499999999992   
   1.5437499999999980     0.8187499999999996   
   1.5437499999999980     0.8312499999999996   
   1.5437499999999980     0.8437499999999997   
   1.5437499999999980     0.8562499999999996   
   1.5437499999999980     0.8687499999999995   
   1.5437499999999980     0.8812499999999995   
   1.5437499999999980     0.8937499999999995   
   1.5437499999999980     0.9062499999999993   
   1.5437499999999980     0.9187499999999994   
   1.5437499999999980     0.9312499999999995   
   1.5437499999999980     0.9437499999999994   
   1.5437499999999980     0.9562499999999993   
   1.5437499999999980     0.9687499999999992   
   1.5562499999999979     0.8187499999999998   
   1.5562499999999979     0.8312499999999998   
   1.5562499999999979     0.8437499999999997   
   1.5562499999999979     0.8562499999999995   
   1.5562499999999979     0.8687499999999995   
   1.5562499999999981     0.8812499999999996   
   1.5562499999999981     0.8937499999999995   
   1.5562499999999979     0.9062499999999994   
   1.5562499999999979     0.9187499999999993   
   1.5562499999999979     0.9312499999999995   
   1.5562499999999979     0.9437499999999994   
   1.5562499999999981     0.9562499999999994   
   1.5562499999999981     0.9687499999999993   
   1.5687499999999979     0.8187499999999998   
   1.5687499999999979     0.8312499999999998   
   1.5687499999999979     0.8437499999999997   
   1.5687499999999979     0.8562499999999995   
   1.5687499999999981     0.8687499999999996   
   1.5687499999999981     0.8812499999999996   
   1.5687499999999981     0.8937499999999996   
   1.5687499999999981     0.9062499999999994   
   1.5687499999999979     0.9187499999999993   
   1.5687499999999979     0.9312499999999995   
   1.5687499999999981     0.9437499999999993   
   1.5687499999999981     0.9562499999999994   
   1.5687499999999981     0.9687499999999992   
   1.5812499999999976     0.8062499999999997   
   1.5812499999999976     0.8187499999999998   
   1.5812499999999980     0.8312499999999997   
   1.5812499999999980     0.8437499999999998   
   1.5812499999999980     0.8562499999999996   
   1.5812499999999980     0.8687499999999996   
   1.5812499999999980     0.8812499999999996   
   1.5812499999999980     0.8937499999999995   
   1.5812499999999980     0.9062499999999993   
   1.5812499999999980     0.9187499999999993   
   1.5812499999999980     0.9312499999999992   
   1.5812499999999980     0.9437499999999994   
   1.5812499999999980     0.9562499999999994   
   1.5812499999999980     0.9687499999999993   
   1.5937499999999976     0.8062499999999998   
   1.5937499999999978     0.8187499999999996   
   1.5937499999999978     0.8312499999999998   
   1.5937499999999978     0.8437499999999997   
   1.5937499999999976     0.8562499999999995   
   1.5937499999999976     0.8687499999999995   
   1.5937499999999978     0.8812499999999996   
   1.5937499999999980     0.8937499999999996   
   1.5937499999999982     0.9062499999999994   
   1.5937499999999982     0.9187499999999993   
   1.5937499999999982     0.9312499999999995   
   1.5937499999999982     0.9437499999999993   
   1.5937499999999982     0.9562499999999993   
   1.5937499999999982     0.9687499999999991   
   1.6062499999999980     0.7812500000000000   
   1.6062499999999977     0.7937499999999998   
   1.6062499999999975     0.8062499999999997   
   1.6062499999999977     0.8187499999999998   
   1.6062499999999980     0.8312499999999998   
   1.6062499999999977     0.8437499999999998   
   1.6062499999999975     0.8562499999999996   
   1.6062499999999980     0.8687499999999995   
   1.6062499999999980     0.8812499999999995   
   1.6062499999999980     0.8937499999999995   
   1.6062499999999977     0.9062499999999993   
   1.6062499999999980     0.9187499999999994   
   1.6062499999999980     0.9312499999999995   
   1.6062499999999980     0.9437499999999994   
   1.6062499999999980     0.9562499999999993   
   1.6062499999999980     0.9687499999999992   
   1.6187499999999977     0.7812500000000000   
   1.6187499999999977     0.7937499999999998   
   1.6187499999999977     0.8062499999999998   
   1.6187499999999977     0.8187499999999998   
   1.6187499999999977     0.8312499999999997   
   1.6187499999999977     0.8437499999999997   
   1.6187499999999977     0.8562499999999995   
   1.6187499999999977     0.8687499999999995   
   1.6187499999999977     0.8812499999999996   
   1.6187499999999977     0.8937499999999995   
   1.6187499999999979     0.9062499999999994   
   1.6187499999999979     0.9187499999999995   
   1.6187499999999977     0.9312499999999995   
   1.6187499999999979     0.9437499999999994   
   1.6187499999999979     0.9562499999999993   
   1.6187499999999977     0.9687499999999992   
   1.6312499999999976     0.7812499999999999   
   1.6312499999999976     0.7937499999999998   
   1.6312499999999976     0.8062499999999997   
   1.6312499999999976     0.8187499999999996   
   1.6312499999999974     0.8312499999999998   
   1.6312499999999976     0.8437499999999997   
   1.6312499999999976     0.8562499999999995   
   1.6312499999999976     0.8687499999999995   
   1.6312499999999976     0.8812499999999996   
   1.6312499999999976     0.8937499999999995   
   1.6312499999999979     0.9062499999999993   
   1.6312499999999979     0.9187499999999994   
   1.6312499999999976     0.9312499999999995   
   1.6312499999999979     0.9437499999999994   
   1.6312499999999979     0.9562499999999992   
   1.6312499999999976     0.9687499999999992   
   1.6437499999999976     0.7812500000000000   
   1.6437499999999980     0.7937499999999998   
   1.6437499999999980     0.8062499999999997   
   1.6437499999999976     0.8187499999999998   
   1.6437499999999976     0.8312499999999998   
   1.6437499999999976     0.8437499999999998   
   1.6437499999999976     0.8562499999999996   
   1.6437499999999976     0.8687499999999996   
   1.6437499999999980     0.8812499999999996   
   1.6437499999999980     0.8937499999999995   
   1.6437499999999980     0.9062499999999993   
   1.6437499999999976     0.9187499999999994   
   1.6437499999999976     0.9312499999999995   
   1.6437499999999980     0.9437499999999994   
   1.6437499999999980     0.9562499999999993   
   1.6437499999999980     0.9687499999999991   
   1.6562499999999976     0.7812499999999999   
   1.6562499999999976     0.7937500000000000   
   1.6562499999999976     0.8062499999999998   
   1.6562499999999976     0.8187499999999996   
   1.6562499999999978     0.8312499999999998   
   1.6562499999999978     0.8437499999999998   
   1.6562499999999976     0.8562499999999996   
   1.6562499999999976     0.8687499999999996   
   1.6562499999999978     0.8812499999999995   
   1.6562499999999978     0.8937499999999994   
   1.6562499999999978     0.9062499999999994   
   1.6562499999999978     0.9187499999999993   
   1.6562499999999978     0.9312499999999992   
   1.6562499999999978     0.9437499999999993   
   1.6562499999999980     0.9562499999999992   
   1.6562499999999982     0.9687499999999991   
   1.6687499999999977     0.7812499999999998   
   1.6687499999999977     0.7937499999999997   
   1.6687499999999975     0.8062499999999997   
   1.6687499999999977     0.8187499999999996   
   1.6687499999999980     0.8312499999999997   
   1.6687499999999977     0.8437499999999996   
   1.6687499999999977     0.8562499999999995   
   1.6687499999999980     0.8687499999999995   
   1.6687499999999977     0.8812499999999994   
   1.6687499999999977     0.8937499999999994   
   1.6687499999999980     0.9062499999999994   
   1.6687499999999977     0.9187499999999993   
   1.6687499999999977     0.9312499999999992   
   1.6687499999999980     0.9437499999999992   
   1.6687499999999980     0.9562499999999992   
   1.6687499999999980     0.9687499999999991   
   1.6812499999999972     0.7562499999999999   
   1.6812499999999977     0.7687499999999998   
   1.6812499999999977     0.7812499999999998   
   1.6812499999999977     0.7937499999999996   
   1.6812499999999977     0.8062499999999997   
   1.6812499999999977     0.8187499999999996   
   1.6812499999999979     0.8312499999999996   
   1.6812499999999977     0.8437499999999994   
   1.6812499999999977     0.8562499999999995   
   1.6812499999999979     0.8687499999999996   
   1.6812499999999979     0.8812499999999995   
   1.6812499999999977     0.8937499999999995   
   1.6812499999999979     0.9062499999999993   
   1.6812499999999979     0.9187499999999993   
   1.6812499999999977     0.9312499999999992   
   1.6812499999999979     0.9437499999999992   
   1.6812499999999981     0.9562499999999990   
   1.6812499999999979     0.9687499999999991   
   1.6937499999999974     0.7562499999999996   
   1.6937499999999972     0.7687499999999998   
   1.6937499999999974     0.7812499999999997   
   1.6937499999999974     0.7937499999999996   
   1.6937499999999976     0.8062499999999996   
   1.6937499999999979     0.8187499999999996   
   1.6937499999999979     0.8312499999999995   
   1.6937499999999976     0.8437499999999994   
   1.6937499999999976     0.8562499999999995   
   1.6937499999999979     0.8687499999999995   
   1.6937499999999979     0.8812499999999994   
   1.6937499999999979     0.8937499999999994   
   1.6937499999999979     0.9062499999999994   
   1.6937499999999979     0.9187499999999993   
   1.6937499999999979     0.9312499999999992   
   1.6937499999999979     0.9437499999999991   
   1.6937499999999981     0.9562499999999992   
   1.6937499999999981     0.9687499999999990   
   1.7062499999999972     0.6187500000000004   
   1.7062499999999972     0.6312500000000003   
   1.7062499999999972     0.6437500000000002   
   1.7062499999999972     0.6562500000000001   
   1.7062499999999976     0.6687500000000002   
   1.7062499999999976     0.6812500000000000   
   1.7062499999999974     0.6937500000000000   
   1.7062499999999972     0.7062499999999999   
   1.7062499999999972     0.7187500000000000   
   1.7062499999999972     0.7312500000000000   
   1.7062499999999976     0.7437499999999998   
   1.7062499999999976     0.7562499999999996   
   1.7062499999999976     0.7687499999999997   
   1.7062499999999976     0.7812499999999998   
   1.7062499999999976     0.7937499999999995   
   1.7062499999999976     0.8062499999999996   
   1.7062499999999976     0.8187499999999995   
   1.7062499999999976     0.8312499999999995   
   1.7062499999999976     0.8437499999999993   
   1.7062499999999976     0.8562499999999994   
   1.7062499999999976     0.8687499999999994   
   1.7062499999999976     0.8812499999999993   
   1.7062499999999976     0.8937499999999994   
   1.7062499999999976     0.9062499999999993   
   1.7062499999999976     0.9187499999999993   
   1.7062499999999976     0.9312499999999990   
   1.7062499999999976     0.9437499999999990   
   1.7062499999999976     0.9562499999999990   
   1.7062499999999980     0.9687499999999989   
   1.7187499999999969     0.4687500000000007   
   1.7187499999999969     0.4812500000000007   
   1.7187499999999969     0.4937500000000007   
   1.7187499999999969     0.5062500000000006   
   1.7187499999999969     0.5187500000000006   
   1.7187499999999969     0.5312500000000006   
   1.7187499999999969     0.5437500000000006   
   1.7187499999999969     0.5562500000000006   
   1.7187499999999969     0.5687500000000004   
   1.7187499999999969     0.5812500000000003   
   1.7187499999999969     0.5937500000000002   
   1.7187499999999969     0.6062500000000003   
   1.7187499999999969     0.6187500000000002   
   1.7187499999999969     0.6312500000000002   
   1.7187499999999969     0.6437500000000002   
   1.7187499999999973     0.6562500000000001   
   1.7187499999999973     0.6687500000000002   
   1.7187499999999973     0.6812500000000001   
   1.7187499999999973     0.6937500000000000   
   1.7187499999999969     0.7062500000000000   
   1.7187499999999969     0.7187500000000000   
   1.7187499999999969     0.7312500000000000   
   1.7187499999999973     0.7437499999999998   
   1.7187499999999973     0.7562499999999996   
   1.7187499999999973     0.7687499999999996   
   1.7187499999999973     0.7812499999999996   
   1.7187499999999973     0.7937499999999996   
   1.7187499999999973     0.8062499999999996   
   1.7187499999999976     0.8187499999999996   
   1.7187499999999976     0.8312499999999996   
   1.7187499999999976     0.8437499999999994   
   1.7187499999999976     0.8562499999999994   
   1.7187499999999976     0.8687499999999995   
   1.7187499999999976     0.8812499999999993   
   1.7187499999999976     0.8937499999999994   
   1.7187499999999976     0.9062499999999993   
   1.7187499999999976     0.9187499999999992   
   1.7187499999999976     0.9312499999999990   
   1.7187499999999978     0.9437499999999990   
   1.7187499999999978     0.9562499999999989   
   1.7187499999999978     0.9687499999999991   
   1.7312499999999968     0.4687500000000007   
   1.7312499999999968     0.4812500000000007   
   1.7312499999999968     0.4937500000000007   
   1.7312499999999968     0.5062500000000006   
   1.7312499999999968     0.5187500000000006   
   1.7312499999999968     0.5312500000000006   
   1.7312499999999971     0.5437500000000005   
   1.7312499999999973     0.5562500000000006   
   1.7312499999999971     0.5687500000000004   
   1.7312499999999968     0.5812500000000003   
   1.7312499999999968     0.5937500000000002   
   1.7312499999999968     0.6062500000000003   
   1.7312499999999971     0.6187500000000001   
   1.7312499999999971     0.6312500000000002   
   1.7312499999999968     0.6437500000000002   
   1.7312499999999968     0.6562500000000001   
   1.7312499999999968     0.6687500000000002   
   1.7312499999999968     0.6812500000000000   
   1.7312499999999971     0.6937500000000001   
   1.7312499999999973     0.7062500000000000   
   1.7312499999999973     0.7187500000000000   
   1.7312499999999973     0.7312500000000000   
   1.7312499999999973     0.7437499999999998   
   1.7312499999999973     0.7562499999999998   
   1.7312499999999973     0.7687499999999998   
   1.7312499999999973     0.7812499999999997   
   1.7312499999999973     0.7937499999999996   
   1.7312499999999973     0.8062499999999995   
   1.7312499999999975     0.8187499999999994   
   1.7312499999999975     0.8312499999999994   
   1.7312499999999975     0.8437499999999994   
   1.7312499999999975     0.8562499999999993   
   1.7312499999999975     0.8687499999999992   
   1.7312499999999975     0.8812499999999992   
   1.7312499999999975     0.8937499999999993   
   1.7312499999999975     0.9062499999999991   
   1.7312499999999975     0.9187499999999991   
   1.7312499999999975     0.9312499999999990   
   1.7312499999999975     0.9437499999999990   
   1.7312499999999975     0.9562499999999989   
   1.7312499999999977     0.9687499999999989   
   1.7437499999999968     0.4687500000000007   
   1.7437499999999968     0.4812500000000007   
   1.7437499999999968     0.4937500000000007   
   1.7437499999999968     0.5062500000000005   
   1.7437499999999968     0.5187500000000006   
   1.7437499999999968     0.5312500000000004   
   1.7437499999999972     0.5437500000000004   
   1.7437499999999972     0.5562500000000004   
   1.7437499999999970     0.5687500000000004   
   1.7437499999999968     0.5812500000000003   
   1.7437499999999968     0.5937500000000002   
   1.7437499999999968     0.6062500000000004   
   1.7437499999999970     0.6187500000000002   
   1.7437499999999972     0.6312500000000001   
   1.7437499999999972     0.6437500000000000   
   1.7437499999999970     0.6562500000000000   
   1.7437499999999972     0.6687500000000000   
   1.7437499999999970     0.6812500000000000   
   1.7437499999999970     0.6937500000000000   
   1.7437499999999972     0.7062499999999998   
   1.7437499999999972     0.7187500000000000   
   1.7437499999999975     0.7312499999999997   
   1.7437499999999977     0.7437499999999998   
   1.7437499999999972     0.7562499999999996   
   1.7437499999999975     0.7687499999999996   
   1.7437499999999972     0.7812499999999996   
   1.7437499999999972     0.7937499999999996   
   1.7437499999999972     0.8062499999999996   
   1.7437499999999977     0.8187499999999996   
   1.7437499999999977     0.8312499999999994   
   1.7437499999999977     0.8437499999999993   
   1.7437499999999977     0.8562499999999993   
   1.7437499999999977     0.8687499999999992   
   1.7437499999999977     0.8812499999999992   
   1.7437499999999977     0.8937499999999992   
   1.7437499999999979     0.9062499999999992   
   1.7437499999999977     0.9187499999999993   
   1.7437499999999977     0.9312499999999990   
   1.7437499999999977     0.9437499999999990   
   1.7437499999999977     0.9562499999999989   
   1.7437499999999977     0.9687499999999989   
   1.7562499999999965     0.4687500000000007   
   1.7562499999999965     0.4812500000000007   
   1.7562499999999968     0.4937500000000006   
   1.7562499999999970     0.5062500000000005   
   1.7562499999999970     0.5187500000000005   
   1.7562499999999970     0.5312500000000004   
   1.7562499999999970     0.5437500000000003   
   1.7562499999999972     0.5562500000000004   
   1.7562499999999970     0.5687500000000003   
   1.7562499999999970     0.5812500000000003   
   1.7562499999999970     0.5937500000000002   
   1.7562499999999970     0.6062500000000004   
   1.7562499999999970     0.6187500000000002   
   1.7562499999999972     0.6312500000000000   
   1.7562499999999972     0.6437499999999999   
   1.7562499999999972     0.6562500000000000   
   1.7562499999999972     0.6687500000000000   
   1.7562499999999972     0.6812499999999999   
   1.7562499999999970     0.6937499999999999   
   1.7562499999999972     0.7062499999999998   
   1.7562499999999972     0.7187499999999999   
   1.7562499999999974     0.7312499999999996   
   1.7562499999999974     0.7437499999999995   
   1.7562499999999972     0.7562499999999995   
   1.7562499999999972     0.7687499999999996   
   1.7562499999999972     0.7812499999999997   
   1.7562499999999974     0.7937499999999995   
   1.7562499999999974     0.8062499999999995   
   1.7562499999999974     0.8187499999999996   
   1.7562499999999974     0.8312499999999995   
   1.7562499999999974     0.8437499999999993   
   1.7562499999999979     0.8562499999999992   
   1.7562499999999979     0.8687499999999992   
   1.7562499999999976     0.8812499999999992   
   1.7562499999999976     0.8937499999999993   
   1.7562499999999979     0.9062499999999991   
   1.7562499999999979     0.9187499999999991   
   1.7562499999999979     0.9312499999999991   
   1.7562499999999979     0.9437499999999990   
   1.7562499999999979     0.9562499999999988   
   1.7562499999999979     0.9687499999999987   
   1.7687499999999965     0.4687500000000006   
   1.7687499999999965     0.4812500000000006   
   1.7687499999999967     0.4937500000000006   
   1.7687499999999969     0.5062500000000005   
   1.7687499999999967     0.5187500000000005   
   1.7687499999999967     0.5312500000000004   
   1.7687499999999969     0.5437500000000004   
   1.7687499999999972     0.5562500000000004   
   1.7687499999999972     0.5687500000000002   
   1.7687499999999969     0.5812500000000002   
   1.7687499999999969     0.5937500000000002   
   1.7687499999999972     0.6062500000000002   
   1.7687499999999972     0.6187500000000001   
   1.7687499999999972     0.6312499999999999   
   1.7687499999999972     0.6437500000000000   
   1.7687499999999972     0.6562500000000001   
   1.7687499999999972     0.6687500000000001   
   1.7687499999999974     0.6812499999999999   
   1.7687499999999972     0.6937499999999999   
   1.7687499999999972     0.7062499999999997   
   1.7687499999999972     0.7187499999999998   
   1.7687499999999974     0.7312499999999996   
   1.7687499999999972     0.7437499999999996   
   1.7687499999999976     0.7562499999999996   
   1.7687499999999974     0.7687499999999996   
   1.7687499999999974     0.7812499999999996   
   1.7687499999999976     0.7937499999999995   
   1.7687499999999976     0.8062499999999995   
   1.7687499999999974     0.8187499999999995   
   1.7687499999999974     0.8312499999999994   
   1.7687499999999976     0.8437499999999993   
   1.7687499999999976     0.8562499999999993   
   1.7687499999999976     0.8687499999999991   
   1.7687499999999976     0.8812499999999992   
   1.7687499999999976     0.8937499999999992   
   1.7687499999999976     0.9062499999999991   
   1.7687499999999980     0.9187499999999991   
   1.7687499999999980     0.9312499999999990   
   1.7687499999999980     0.9437499999999991   
   1.7687499999999976     0.9562499999999988   
   1.7687499999999976     0.9687499999999988   
   1.7812499999999967     0.4687500000000006   
   1.7812499999999969     0.4812500000000006   
   1.7812499999999967     0.4937500000000005   
   1.7812499999999969     0.5062500000000004   
   1.7812499999999967     0.5187500000000004   
   1.7812499999999967     0.5312500000000003   
   1.7812499999999969     0.5437500000000003   
   1.7812499999999969     0.5562500000000002   
   1.7812499999999969     0.5687500000000001   
   1.7812499999999969     0.5812500000000000   
   1.7812499999999969     0.5937500000000001   
   1.7812499999999969     0.6062500000000001   
   1.7812499999999969     0.6187500000000000   
   1.7812499999999969     0.6312499999999999   
   1.7812499999999969     0.6437500000000000   
   1.7812499999999969     0.6562500000000000   
   1.7812499999999969     0.6687500000000000   
   1.7812499999999973     0.6812499999999998   
   1.7812499999999969     0.6937499999999999   
   1.7812499999999969     0.7062499999999998   
   1.7812499999999973     0.7187499999999997   
   1.7812499999999973     0.7312499999999996   
   1.7812499999999971     0.7437499999999997   
   1.7812499999999973     0.7562499999999996   
   1.7812499999999973     0.7687499999999995   
   1.7812499999999973     0.7812499999999994   
   1.7812499999999976     0.7937499999999995   
   1.7812499999999976     0.8062499999999995   
   1.7812499999999973     0.8187499999999994   
   1.7812499999999973     0.8312499999999992   
   1.7812499999999976     0.8437499999999992   
   1.7812499999999976     0.8562499999999993   
   1.7812499999999976     0.8687499999999992   
   1.7812499999999976     0.8812499999999991   
   1.7812499999999976     0.8937499999999989   
   1.7812499999999976     0.9062499999999990   
   1.7812499999999976     0.9187499999999991   
   1.7812499999999976     0.9312499999999989   
   1.7812499999999976     0.9437499999999988   
   1.7812499999999976     0.9562499999999987   
   1.7812499999999978     0.9687499999999987   
   1.7937499999999966     0.4687500000000006   
   1.7937499999999966     0.4812500000000006   
   1.7937499999999968     0.4937500000000005   
   1.7937499999999968     0.5062500000000004   
   1.7937499999999968     0.5187500000000004   
   1.7937499999999966     0.5312500000000003   
   1.7937499999999968     0.5437500000000003   
   1.7937499999999968     0.5562500000000002   
   1.7937499999999968     0.5687500000000002   
   1.7937499999999968     0.5812500000000002   
   1.7937499999999968     0.5937500000000001   
   1.7937499999999971     0.6062500000000001   
   1.7937499999999971     0.6187500000000000   
   1.7937499999999971     0.6312499999999999   
   1.7937499999999971     0.6437499999999999   
   1.7937499999999971     0.6562499999999999   
   1.7937499999999973     0.6687499999999998   
   1.7937499999999973     0.6812499999999997   
   1.7937499999999973     0.6937499999999996   
   1.7937499999999973     0.7062499999999997   
   1.7937499999999973     0.7187499999999998   
   1.7937499999999975     0.7312499999999996   
   1.7937499999999971     0.7437499999999997   
   1.7937499999999971     0.7562499999999996   
   1.7937499999999971     0.7687499999999996   
   1.7937499999999973     0.7812499999999994   
   1.7937499999999975     0.7937499999999995   
   1.7937499999999973     0.8062499999999995   
   1.7937499999999973     0.8187499999999994   
   1.7937499999999975     0.8312499999999993   
   1.7937499999999975     0.8437499999999993   
   1.7937499999999977     0.8562499999999992   
   1.7937499999999977     0.8687499999999990   
   1.7937499999999975     0.8812499999999990   
   1.7937499999999975     0.8937499999999990   
   1.7937499999999975     0.9062499999999991   
   1.7937499999999975     0.9187499999999990   
   1.7937499999999975     0.9312499999999988   
   1.7937499999999975     0.9437499999999988   
   1.7937499999999975     0.9562499999999989   
   1.7937499999999977     0.9687499999999988   
   1.8062499999999964     0.4687500000000006   
   1.8062499999999966     0.4812500000000005   
   1.8062499999999968     0.4937500000000005   
   1.8062499999999968     0.5062500000000004   
   1.8062499999999968     0.5187500000000004   
   1.8062499999999968     0.5312500000000003   
   1.8062499999999968     0.5437500000000003   
   1.8062499999999968     0.5562500000000002   
   1.8062499999999968     0.5687500000000002   
   1.8062499999999968     0.5812500000000002   
   1.8062499999999968     0.5937500000000002   
   1.8062499999999970     0.6062500000000002   
   1.8062499999999972     0.6187499999999999   
   1.8062499999999972     0.6312499999999999   
   1.8062499999999972     0.6437499999999999   
   1.8062499999999972     0.6562499999999999   
   1.8062499999999972     0.6687500000000000   
   1.8062499999999972     0.6812499999999998   
   1.8062499999999972     0.6937499999999998   
   1.8062499999999972     0.7062499999999996   
   1.8062499999999972     0.7187499999999997   
   1.8062499999999972     0.7312499999999996   
   1.8062499999999972     0.7437499999999997   
   1.8062499999999972     0.7562499999999996   
   1.8062499999999972     0.7687499999999995   
   1.8062499999999972     0.7812499999999993   
   1.8062499999999972     0.7937499999999993   
   1.8062499999999972     0.8062499999999995   
   1.8062499999999972     0.8187499999999993   
   1.8062499999999972     0.8312499999999993   
   1.8062499999999972     0.8437499999999992   
   1.8062499999999977     0.8562499999999991   
   1.8062499999999972     0.8687499999999990   
   1.8062499999999977     0.8812499999999991   
   1.8062499999999977     0.8937499999999990   
   1.8062499999999972     0.9062499999999991   
   1.8062499999999972     0.9187499999999990   
   1.8062499999999975     0.9312499999999988   
   1.8062499999999977     0.9437499999999988   
   1.8062499999999977     0.9562499999999989   
   1.8062499999999977     0.9687499999999988   
   1.8187499999999965     0.4687500000000006   
   1.8187499999999965     0.4812500000000005   
   1.8187499999999965     0.4937500000000005   
   1.8187499999999965     0.5062500000000004   
   1.8187499999999965     0.5187500000000004   
   1.8187499999999965     0.5312500000000003   
   1.8187499999999968     0.5437500000000003   
   1.8187499999999965     0.5562500000000002   
   1.8187499999999965     0.5687500000000002   
   1.8187499999999970     0.5812500000000002   
   1.8187499999999970     0.5937500000000001   
   1.8187499999999970     0.6062500000000001   
   1.8187499999999972     0.6187499999999999   
   1.8187499999999970     0.6312499999999999   
   1.8187499999999970     0.6437499999999999   
   1.8187499999999972     0.6562500000000000   
   1.8187499999999970     0.6687499999999998   
   1.8187499999999970     0.6812499999999998   
   1.8187499999999970     0.6937499999999998   
   1.8187499999999970     0.7062499999999998   
   1.8187499999999970     0.7187499999999997   
   1.8187499999999972     0.7312499999999997   
   1.8187499999999972     0.7437499999999997   
   1.8187499999999972     0.7562499999999995   
   1.8187499999999972     0.7687499999999995   
   1.8187499999999972     0.7812499999999993   
   1.8187499999999972     0.7937499999999993   
   1.8187499999999972     0.8062499999999994   
   1.8187499999999972     0.8187499999999994   
   1.8187499999999972     0.8312499999999993   
   1.8187499999999972     0.8437499999999991   
   1.8187499999999976     0.8562499999999991   
   1.8187499999999976     0.8687499999999990   
   1.8187499999999972     0.8812499999999991   
   1.8187499999999972     0.8937499999999992   
   1.8187499999999974     0.9062499999999991   
   1.8187499999999976     0.9187499999999990   
   1.8187499999999974     0.9312499999999989   
   1.8187499999999979     0.9437499999999989   
   1.8187499999999979     0.9562499999999989   
   1.8187499999999979     0.9687499999999989   
   1.8312499999999965     0.4687500000000005   
   1.8312499999999965     0.4812500000000005   
   1.8312499999999965     0.4937500000000005   
   1.8312499999999965     0.5062500000000004   
   1.8312499999999965     0.5187500000000004   
   1.8312499999999965     0.5312500000000003   
   1.8312499999999967     0.5437500000000003   
   1.8312499999999967     0.5562500000000002   
   1.8312499999999967     0.5687500000000001   
   1.8312499999999967     0.5812500000000002   
   1.8312499999999967     0.5937500000000001   
   1.8312499999999972     0.6062500000000001   
   1.8312499999999972     0.6187499999999999   
   1.8312499999999969     0.6312499999999999   
   1.8312499999999967     0.6437499999999999   
   1.8312499999999972     0.6562500000000000   
   1.8312499999999972     0.6687500000000000   
   1.8312499999999972     0.6812499999999998   
   1.8312499999999967     0.6937499999999999   
   1.8312499999999972     0.7062499999999998   
   1.8312499999999972     0.7187499999999998   
   1.8312499999999972     0.7312499999999996   
   1.8312499999999972     0.7437499999999995   
   1.8312499999999972     0.7562499999999996   
   1.8312499999999972     0.7687499999999995   
   1.8312499999999972     0.7812499999999993   
   1.8312499999999972     0.7937499999999994   
   1.8312499999999972     0.8062499999999992   
   1.8312499999999976     0.8187499999999993   
   1.8312499999999974     0.8312499999999992   
   1.8312499999999976     0.8437499999999992   
   1.8312499999999976     0.8562499999999991   
   1.8312499999999974     0.8687499999999990   
   1.8312499999999976     0.8812499999999991   
   1.8312499999999976     0.8937499999999992   
   1.8312499999999976     0.9062499999999991   
   1.8312499999999976     0.9187499999999991   
   1.8312499999999974     0.9312499999999989   
   1.8312499999999976     0.9437499999999990   
   1.8312499999999976     0.9562499999999989   
   1.8312499999999976     0.9687499999999989   
   1.8437499999999964     0.4687500000000004   
   1.8437499999999967     0.4812500000000005   
   1.8437499999999964     0.4937500000000005   
   1.8437499999999964     0.5062500000000004   
   1.8437499999999964     0.5187500000000004   
   1.8437499999999969     0.5312500000000003   
   1.8437499999999967     0.5437500000000004   
   1.8437499999999967     0.5562500000000002   
   1.8437499999999969     0.5687500000000002   
   1.8437499999999969     0.5812500000000002   
   1.8437499999999969     0.5937500000000001   
   1.8437499999999967     0.6062500000000001   
   1.8437499999999969     0.6187499999999999   
   1.8437499999999969     0.6312500000000000   
   1.8437499999999969     0.6437499999999999   
   1.8437499999999969     0.6562500000000000   
   1.8437499999999969     0.6687499999999998   
   1.8437499999999971     0.6812499999999997   
   1.8437499999999969     0.6937499999999998   
   1.8437499999999969     0.7062499999999997   
   1.8437499999999969     0.7187499999999998   
   1.8437499999999969     0.7312499999999996   
   1.8437499999999971     0.7437499999999996   
   1.8437499999999969     0.7562499999999996   
   1.8437499999999969     0.7687499999999995   
   1.8437499999999973     0.7812499999999994   
   1.8437499999999973     0.7937499999999994   
   1.8437499999999973     0.8062499999999992   
   1.8437499999999973     0.8187499999999993   
   1.8437499999999973     0.8312499999999993   
   1.8437499999999976     0.8437499999999992   
   1.8437499999999976     0.8562499999999993   
   1.8437499999999973     0.8687499999999991   
   1.8437499999999973     0.8812499999999991   
   1.8437499999999976     0.8937499999999992   
   1.8437499999999978     0.9062499999999991   
   1.8437499999999976     0.9187499999999988   
   1.8437499999999976     0.9312499999999988   
   1.8437499999999976     0.9437499999999989   
   1.8437499999999976     0.9562499999999989   
   1.8437499999999976     0.9687499999999988   
   1.8562499999999964     0.4687500000000004   
   1.8562499999999966     0.4812500000000005   
   1.8562499999999966     0.4937500000000005   
   1.8562499999999962     0.5062500000000004   
   1.8562499999999964     0.5187500000000004   
   1.8562499999999968     0.5312500000000003   
   1.8562499999999968     0.5437500000000003   
   1.8562499999999966     0.5562500000000002   
   1.8562499999999968     0.5687500000000002   
   1.8562499999999968     0.5812500000000002   
   1.8562499999999968     0.5937500000000000   
   1.8562499999999968     0.6062500000000000   
   1.8562499999999968     0.6187500000000000   
   1.8562499999999968     0.6312500000000001   
   1.8562499999999968     0.6437500000000000   
   1.8562499999999968     0.6562499999999999   
   1.8562499999999968     0.6687499999999998   
   1.8562499999999968     0.6812499999999998   
   1.8562499999999968     0.6937499999999996   
   1.8562499999999971     0.7062499999999998   
   1.8562499999999971     0.7187499999999997   
   1.8562499999999968     0.7312499999999996   
   1.8562499999999968     0.7437499999999995   
   1.8562499999999968     0.7562499999999995   
   1.8562499999999973     0.7687499999999995   
   1.8562499999999973     0.7812499999999994   
   1.8562499999999973     0.7937499999999994   
   1.8562499999999975     0.8062499999999995   
   1.8562499999999973     0.8187499999999993   
   1.8562499999999973     0.8312499999999992   
   1.8562499999999975     0.8437499999999991   
   1.8562499999999975     0.8562499999999992   
   1.8562499999999973     0.8687499999999992   
   1.8562499999999973     0.8812499999999991   
   1.8562499999999975     0.8937499999999990   
   1.8562499999999975     0.9062499999999991   
   1.8562499999999977     0.9187499999999988   
   1.8562499999999977     0.9312499999999988   
   1.8562499999999977     0.9437499999999988   
   1.8562499999999977     0.9562499999999989   
   1.8562499999999977     0.9687499999999989   
   1.8687499999999968     0.4687500000000004   
   1.8687499999999968     0.4812500000000005   
   1.8687499999999966     0.4937500000000005   
   1.8687499999999966     0.5062500000000004   
   1.8687499999999966     0.5187500000000004   
   1.8687499999999968     0.5312500000000003   
   1.8687499999999968     0.5437500000000004   
   1.8687499999999968     0.5562500000000004   
   1.8687499999999968     0.5687500000000002   
   1.8687499999999968     0.5812500000000002   
   1.8687499999999968     0.5937500000000001   
   1.8687499999999968     0.6062500000000001   
   1.8687499999999970     0.6187500000000000   
   1.8687499999999970     0.6312500000000000   
   1.8687499999999968     0.6437500000000000   
   1.8687499999999968     0.6562500000000000   
   1.8687499999999968     0.6687500000000000   
   1.8687499999999968     0.6812499999999997   
   1.8687499999999970     0.6937499999999998   
   1.8687499999999970     0.7062499999999998   
   1.8687499999999970     0.7187499999999998   
   1.8687499999999970     0.7312499999999996   
   1.8687499999999968     0.7437499999999996   
   1.8687499999999970     0.7562499999999996   
   1.8687499999999972     0.7687499999999995   
   1.8687499999999972     0.7812499999999993   
   1.8687499999999970     0.7937499999999994   
   1.8687499999999972     0.8062499999999995   
   1.8687499999999972     0.8187499999999994   
   1.8687499999999972     0.8312499999999992   
   1.8687499999999972     0.8437499999999992   
   1.8687499999999972     0.8562499999999993   
   1.8687499999999977     0.8687499999999991   
   1.8687499999999977     0.8812499999999991   
   1.8687499999999972     0.8937499999999992   
   1.8687499999999972     0.9062499999999991   
   1.8687499999999977     0.9187499999999990   
   1.8687499999999977     0.9312499999999988   
   1.8687499999999977     0.9437499999999989   
   1.8687499999999977     0.9562499999999989   
   1.8687499999999977     0.9687499999999989   
   1.8812499999999965     0.4687500000000004   
   1.8812499999999965     0.4812500000000005   
   1.8812499999999965     0.4937500000000005   
   1.8812499999999970     0.5062500000000004   
   1.8812499999999970     0.5187500000000004   
   1.8812499999999970     0.5312500000000003   
   1.8812499999999970     0.5437500000000003   
   1.8812499999999965     0.5562500000000004   
   1.8812499999999965     0.5687500000000003   
   1.8812499999999965     0.5812500000000003   
   1.8812499999999968     0.5937500000000001   
   1.8812499999999968     0.6062500000000002   
   1.8812499999999970     0.6187500000000000   
   1.8812499999999970     0.6312500000000000   
   1.8812499999999970     0.6437499999999999   
   1.8812499999999970     0.6562499999999999   
   1.8812499999999970     0.6687500000000000   
   1.8812499999999970     0.6812499999999998   
   1.8812499999999970     0.6937499999999998   
   1.8812499999999970     0.7062499999999998   
   1.8812499999999970     0.7187499999999997   
   1.8812499999999970     0.7312499999999995   
   1.8812499999999970     0.7437499999999996   
   1.8812499999999970     0.7562499999999996   
   1.8812499999999972     0.7687499999999996   
   1.8812499999999974     0.7812499999999994   
   1.8812499999999970     0.7937499999999994   
   1.8812499999999974     0.8062499999999995   
   1.8812499999999976     0.8187499999999993   
   1.8812499999999974     0.8312499999999992   
   1.8812499999999974     0.8437499999999991   
   1.8812499999999974     0.8562499999999992   
   1.8812499999999974     0.8687499999999992   
   1.8812499999999974     0.8812499999999991   
   1.8812499999999974     0.8937499999999990   
   1.8812499999999974     0.9062499999999991   
   1.8812499999999974     0.9187499999999990   
   1.8812499999999979     0.9312499999999988   
   1.8812499999999979     0.9437499999999989   
   1.8812499999999976     0.9562499999999989   
   1.8812499999999974     0.9687499999999989   
   1.8937499999999965     0.4687500000000004   
   1.8937499999999965     0.4812500000000005   
   1.8937499999999963     0.4937500000000005   
   1.8937499999999963     0.5062500000000004   
   1.8937499999999965     0.5187500000000004   
   1.8937499999999965     0.5312500000000004   
   1.8937499999999965     0.5437500000000004   
   1.8937499999999967     0.5562500000000002   
   1.8937499999999967     0.5687500000000002   
   1.8937499999999967     0.5812500000000002   
   1.8937499999999967     0.5937500000000001   
   1.8937499999999972     0.6062500000000001   
   1.8937499999999972     0.6187500000000000   
   1.8937499999999972     0.6312500000000000   
   1.8937499999999967     0.6437499999999999   
   1.8937499999999967     0.6562499999999999   
   1.8937499999999972     0.6687499999999998   
   1.8937499999999972     0.6812499999999997   
   1.8937499999999972     0.6937499999999996   
   1.8937499999999972     0.7062499999999998   
   1.8937499999999972     0.7187499999999998   
   1.8937499999999972     0.7312499999999996   
   1.8937499999999974     0.7437499999999995   
   1.8937499999999974     0.7562499999999996   
   1.8937499999999972     0.7687499999999995   
   1.8937499999999972     0.7812499999999994   
   1.8937499999999974     0.7937499999999993   
   1.8937499999999972     0.8062499999999995   
   1.8937499999999972     0.8187499999999993   
   1.8937499999999972     0.8312499999999993   
   1.8937499999999972     0.8437499999999991   
   1.8937499999999974     0.8562499999999991   
   1.8937499999999974     0.8687499999999991   
   1.8937499999999976     0.8812499999999990   
   1.8937499999999976     0.8937499999999990   
   1.8937499999999976     0.9062499999999990   
   1.8937499999999974     0.9187499999999991   
   1.8937499999999976     0.9312499999999989   
   1.8937499999999976     0.9437499999999988   
   1.8937499999999976     0.9562499999999988   
   1.8937499999999974     0.9687499999999988   
   1.9062499999999964     0.4687500000000004   
   1.9062499999999962     0.4812500000000003   
   1.9062499999999962     0.4937500000000004   
   1.9062499999999962     0.5062500000000004   
   1.9062499999999964     0.5187500000000004   
   1.9062499999999964     0.5312500000000003   
   1.9062499999999964     0.5437500000000003   
   1.9062499999999967     0.5562500000000004   
   1.9062499999999969     0.5687500000000003   
   1.9062499999999969     0.5812500000000000   
   1.9062499999999967     0.5937500000000000   
   1.9062499999999964     0.6062500000000002   
   1.9062499999999967     0.6187500000000000   
   1.9062499999999969     0.6312499999999999   
   1.9062499999999969     0.6437499999999999   
   1.9062499999999969     0.6562500000000000   
   1.9062499999999967     0.6687500000000000   
   1.9062499999999967     0.6812499999999997   
   1.9062499999999969     0.6937499999999998   
   1.9062499999999969     0.7062499999999998   
   1.9062499999999969     0.7187499999999998   
   1.9062499999999971     0.7312499999999996   
   1.9062499999999973     0.7437499999999996   
   1.9062499999999969     0.7562499999999994   
   1.9062499999999969     0.7687499999999996   
   1.9062499999999971     0.7812499999999993   
   1.9062499999999973     0.7937499999999994   
   1.9062499999999973     0.8062499999999994   
   1.9062499999999971     0.8187499999999994   
   1.9062499999999969     0.8312499999999993   
   1.9062499999999971     0.8437499999999991   
   1.9062499999999973     0.8562499999999993   
   1.9062499999999973     0.8687499999999991   
   1.9062499999999976     0.8812499999999991   
   1.9062499999999976     0.8937499999999992   
   1.9062499999999973     0.9062499999999991   
   1.9062499999999973     0.9187499999999990   
   1.9062499999999973     0.9312499999999989   
   1.9062499999999976     0.9437499999999989   
   1.9062499999999976     0.9562499999999989   
   1.9062499999999976     0.9687499999999988   
   1.9187499999999962     0.4687500000000004   
   1.9187499999999962     0.4812500000000003   
   1.9187499999999966     0.4937500000000004   
   1.9187499999999966     0.5062500000000004   
   1.9187499999999966     0.5187500000000004   
   1.9187499999999962     0.5312500000000002   
   1.9187499999999964     0.5437500000000002   
   1.9187499999999966     0.5562500000000002   
   1.9187499999999968     0.5687500000000002   
   1.9187499999999968     0.5812500000000002   
   1.9187499999999966     0.5937500000000000   
   1.9187499999999966     0.6062500000000001   
   1.9187499999999966     0.6187499999999999   
   1.9187499999999968     0.6312499999999999   
   1.9187499999999968     0.6437499999999999   
   1.9187499999999968     0.6562499999999999   
   1.9187499999999966     0.6687500000000000   
   1.9187499999999966     0.6812499999999998   
   1.9187499999999968     0.6937499999999999   
   1.9187499999999968     0.7062499999999998   
   1.9187499999999968     0.7187499999999997   
   1.9187499999999968     0.7312499999999997   
   1.9187499999999968     0.7437499999999996   
   1.9187499999999968     0.7562499999999996   
   1.9187499999999973     0.7687499999999995   
   1.9187499999999973     0.7812499999999996   
   1.9187499999999968     0.7937499999999994   
   1.9187499999999971     0.8062499999999995   
   1.9187499999999975     0.8187499999999994   
   1.9187499999999973     0.8312499999999993   
   1.9187499999999971     0.8437499999999992   
   1.9187499999999971     0.8562499999999993   
   1.9187499999999975     0.8687499999999991   
   1.9187499999999975     0.8812499999999990   
   1.9187499999999975     0.8937499999999990   
   1.9187499999999973     0.9062499999999991   
   1.9187499999999973     0.9187499999999990   
   1.9187499999999973     0.9312499999999988   
   1.9187499999999975     0.9437499999999990   
   1.9187499999999975     0.9562499999999989   
   1.9187499999999975     0.9687499999999988   
   1.9312499999999961     0.4687500000000003   
   1.9312499999999961     0.4812500000000003   
   1.9312499999999961     0.4937500000000004   
   1.9312499999999968     0.5062500000000004   
   1.9312499999999968     0.5187500000000004   
   1.9312499999999961     0.5312500000000002   
   1.9312499999999966     0.5437500000000002   
   1.9312499999999968     0.5562500000000001   
   1.9312499999999964     0.5687500000000001   
   1.9312499999999964     0.5812500000000000   
   1.9312499999999966     0.5937500000000000   
   1.9312499999999968     0.6062500000000001   
   1.9312499999999968     0.6187499999999999   
   1.9312499999999968     0.6312499999999999   
   1.9312499999999968     0.6437499999999999   
   1.9312499999999968     0.6562499999999998   
   1.9312499999999968     0.6687499999999998   
   1.9312499999999968     0.6812499999999997   
   1.9312499999999968     0.6937499999999996   
   1.9312499999999970     0.7062499999999998   
   1.9312499999999970     0.7187499999999998   
   1.9312499999999968     0.7312499999999996   
   1.9312499999999968     0.7437499999999997   
   1.9312499999999972     0.7562499999999996   
   1.9312499999999972     0.7687499999999996   
   1.9312499999999972     0.7812499999999994   
   1.9312499999999970     0.7937499999999995   
   1.9312499999999972     0.8062499999999994   
   1.9312499999999972     0.8187499999999994   
   1.9312499999999972     0.8312499999999993   
   1.9312499999999972     0.8437499999999991   
   1.9312499999999972     0.8562499999999992   
   1.9312499999999972     0.8687499999999991   
   1.9312499999999972     0.8812499999999991   
   1.9312499999999972     0.8937499999999989   
   1.9312499999999972     0.9062499999999991   
   1.9312499999999977     0.9187499999999988   
   1.9312499999999972     0.9312499999999989   
   1.9312499999999972     0.9437499999999989   
   1.9312499999999975     0.9562499999999987   
   1.9312499999999972     0.9687499999999987   
   1.9437499999999963     0.4687500000000003   
   1.9437499999999961     0.4812500000000003   
   1.9437499999999961     0.4937500000000004   
   1.9437499999999963     0.5062500000000004   
   1.9437499999999965     0.5187500000000004   
   1.9437499999999963     0.5312500000000002   
   1.9437499999999965     0.5437500000000002   
   1.9437499999999965     0.5562500000000001   
   1.9437499999999965     0.5687500000000001   
   1.9437499999999965     0.5812500000000000   
   1.9437499999999965     0.5937500000000000   
   1.9437499999999965     0.6062500000000001   
   1.9437499999999965     0.6187500000000000   
   1.9437499999999965     0.6312499999999999   
   1.9437499999999965     0.6437499999999999   
   1.9437499999999965     0.6562499999999998   
   1.9437499999999965     0.6687499999999997   
   1.9437499999999970     0.6812499999999998   
   1.9437499999999965     0.6937499999999998   
   1.9437499999999970     0.7062499999999996   
   1.9437499999999970     0.7187499999999998   
   1.9437499999999970     0.7312499999999995   
   1.9437499999999970     0.7437499999999996   
   1.9437499999999970     0.7562499999999995   
   1.9437499999999970     0.7687499999999995   
   1.9437499999999970     0.7812499999999993   
   1.9437499999999970     0.7937499999999993   
   1.9437499999999972     0.8062499999999992   
   1.9437499999999972     0.8187499999999993   
   1.9437499999999972     0.8312499999999993   
   1.9437499999999974     0.8437499999999991   
   1.9437499999999972     0.8562499999999993   
   1.9437499999999972     0.8687499999999990   
   1.9437499999999972     0.8812499999999990   
   1.9437499999999972     0.8937499999999989   
   1.9437499999999974     0.9062499999999990   
   1.9437499999999974     0.9187499999999988   
   1.9437499999999974     0.9312499999999988   
   1.9437499999999972     0.9437499999999989   
   1.9437499999999972     0.9562499999999987   
   1.9437499999999974     0.9687499999999987   
   1.9562499999999963     0.4687500000000003   
   1.9562499999999963     0.4812500000000003   
   1.9562499999999963     0.4937500000000004   
   1.9562499999999963     0.5062500000000003   
   1.9562499999999965     0.5187500000000003   
   1.9562499999999965     0.5312500000000003   
   1.9562499999999965     0.5437500000000002   
   1.9562499999999965     0.5562500000000000   
   1.9562499999999965     0.5687500000000000   
   1.9562499999999965     0.5812500000000000   
   1.9562499999999965     0.5937499999999999   
   1.9562499999999965     0.6062500000000000   
   1.9562499999999965     0.6187499999999999   
   1.9562499999999965     0.6312499999999999   
   1.9562499999999965     0.6437499999999998   
   1.9562499999999965     0.6562499999999999   
   1.9562499999999965     0.6687499999999998   
   1.9562499999999967     0.6812499999999997   
   1.9562499999999967     0.6937499999999998   
   1.9562499999999969     0.7062499999999996   
   1.9562499999999969     0.7187499999999996   
   1.9562499999999969     0.7312499999999995   
   1.9562499999999969     0.7437499999999995   
   1.9562499999999967     0.7562499999999994   
   1.9562499999999967     0.7687499999999994   
   1.9562499999999967     0.7812499999999993   
   1.9562499999999967     0.7937499999999993   
   1.9562499999999972     0.8062499999999992   
   1.9562499999999972     0.8187499999999992   
   1.9562499999999972     0.8312499999999992   
   1.9562499999999972     0.8437499999999991   
   1.9562499999999972     0.8562499999999993   
   1.9562499999999972     0.8687499999999991   
   1.9562499999999972     0.8812499999999990   
   1.9562499999999972     0.8937499999999990   
   1.9562499999999972     0.9062499999999991   
   1.9562499999999972     0.9187499999999990   
   1.9562499999999972     0.9312499999999990   
   1.9562499999999976     0.9437499999999989   
   1.9562499999999974     0.9562499999999987   
   1.9562499999999976     0.9687499999999987   
   1.9687499999999964     0.4687500000000003   
   1.9687499999999964     0.4812500000000003   
   1.9687499999999964     0.4937500000000003   
   1.9687499999999964     0.5062500000000003   
   1.9687499999999964     0.5187500000000003   
   1.9687499999999964     0.5312500000000002   
   1.9687499999999964     0.5437500000000001   
   1.9687499999999964     0.5562500000000000   
   1.9687499999999964     0.5687500000000000   
   1.9687499999999964     0.5812499999999998   
   1.9687499999999969     0.5937500000000000   
   1.9687499999999967     0.6062499999999998   
   1.9687499999999964     0.6187499999999999   
   1.9687499999999964     0.6312499999999999   
   1.9687499999999964     0.6437499999999998   
   1.9687499999999964     0.6562499999999998   
   1.9687499999999964     0.6687499999999997   
   1.9687499999999969     0.6812499999999998   
   1.9687499999999967     0.6937499999999996   
   1.9687499999999969     0.7062499999999996   
   1.9687499999999967     0.7187499999999996   
   1.9687499999999969     0.7312499999999994   
   1.9687499999999969     0.7437499999999995   
   1.9687499999999969     0.7562499999999993   
   1.9687499999999969     0.7687499999999994   
   1.9687499999999969     0.7812499999999992   
   1.9687499999999969     0.7937499999999992   
   1.9687499999999969     0.8062499999999991   
   1.9687499999999971     0.8187499999999991   
   1.9687499999999969     0.8312499999999992   
   1.9687499999999969     0.8437499999999991   
   1.9687499999999971     0.8562499999999992   
   1.9687499999999973     0.8687499999999990   
   1.9687499999999973     0.8812499999999990   
   1.9687499999999969     0.8937499999999989   
   1.9687499999999971     0.9062499999999991   
   1.9687499999999973     0.9187499999999991   
   1.9687499999999973     0.9312499999999989   
   1.9687499999999976     0.9437499999999988   
   1.9687499999999976     0.9562499999999987   
   1.9687499999999976     0.9687499999999986   
   1.9812499999999962     0.4687500000000003   
   1.9812499999999962     0.4812500000000003   
   1.9812499999999962     0.4937500000000002   
   1.9812499999999964     0.5062500000000003   
   1.9812499999999962     0.5187500000000003   
   1.9812499999999962     0.5312500000000002   
   1.9812499999999966     0.5437500000000002   
   1.9812499999999962     0.5562500000000001   
   1.9812499999999964     0.5687500000000000   
   1.9812499999999966     0.5812499999999999   
   1.9812499999999966     0.5937500000000000   
   1.9812499999999966     0.6062500000000000   
   1.9812499999999966     0.6187499999999999   
   1.9812499999999966     0.6312499999999999   
   1.9812499999999966     0.6437499999999998   
   1.9812499999999966     0.6562499999999997   
   1.9812499999999966     0.6687499999999996   
   1.9812499999999968     0.6812499999999997   
   1.9812499999999968     0.6937499999999996   
   1.9812499999999968     0.7062499999999996   
   1.9812499999999968     0.7187499999999994   
   1.9812499999999968     0.7312499999999993   
   1.9812499999999968     0.7437499999999995   
   1.9812499999999968     0.7562499999999994   
   1.9812499999999968     0.7687499999999993   
   1.9812499999999968     0.7812499999999993   
   1.9812499999999971     0.7937499999999993   
   1.9812499999999973     0.8062499999999991   
   1.9812499999999968     0.8187499999999991   
   1.9812499999999968     0.8312499999999992   
   1.9812499999999971     0.8437499999999991   
   1.9812499999999968     0.8562499999999991   
   1.9812499999999971     0.8687499999999990   
   1.9812499999999975     0.8812499999999988   
   1.9812499999999971     0.8937499999999988   
   1.9812499999999971     0.9062499999999989   
   1.9812499999999975     0.9187499999999987   
   1.9812499999999975     0.9312499999999986   
   1.9812499999999975     0.9437499999999988   
   1.9812499999999975     0.9562499999999986   
   1.9812499999999975     0.9687499999999984   
   1.9937499999999979     0.4687500000000002   
   1.9937499999999981     0.4812500000000003   
   1.9937499999999981     0.4937500000000002   
   1.9937499999999984     0.5062500000000002   
   1.9937499999999981     0.5187500000000003   
   1.9937499999999981     0.5312500000000002   
   1.9937499999999984     0.5437500000000002   
   1.9937499999999981     0.5562500000000001   
   1.9937499999999981     0.5687500000000001   
   1.9937499999999984     0.5812500000000000   
   1.9937499999999981     0.5937500000000000   
   1.9937499999999981     0.6062499999999998   
   1.9937499999999984     0.6187499999999999   
   1.9937499999999981     0.6312499999999999   
   1.9937499999999986     0.6437499999999997   
   1.9937499999999986     0.6562499999999997   
   1.9937499999999986     0.6687499999999995   
   1.9937499999999986     0.6812499999999997   
   1.9937499999999986     0.6937499999999996   
   1.9937499999999986     0.7062499999999996   
   1.9937499999999986     0.7187499999999993   
   1.9937499999999986     0.7312499999999994   
   1.9937499999999986     0.7437499999999995   
   1.9937499999999986     0.7562499999999994   
   1.9937499999999986     0.7687499999999992   
   1.9937499999999986     0.7812499999999993   
   1.9937499999999986     0.7937499999999993   
   1.9937499999999986     0.8062499999999991   
   1.9937499999999986     0.8187499999999990   
   1.9937499999999986     0.8312499999999990   
   1.9937499999999986     0.8437499999999991   
   1.9937499999999986     0.8562499999999991   
   1.9937499999999986     0.8687499999999989   
   1.9937499999999986     0.8812499999999989   
   1.9937499999999986     0.8937499999999989   
   1.9937499999999986     0.9062499999999989   
   1.9937499999999986     0.9187499999999987   
   1.9937499999999986     0.9312499999999987   
   1.9937499999999986     0.9437499999999988   
   1.9937499999999986     0.9562499999999987   
   1.9937499999999986     0.9687499999999987   
