   1.5562499999999964     0.0062500000000006   
   1.5562499999999964     0.0187500000000011   
   1.5562499999999964     0.0312500000000011   
   1.5687499999999965     0.0062500000000005   
   1.5687499999999965     0.0187500000000011   
   1.5687499999999965     0.0312500000000011   
   1.5687499999999965     0.0437500000000011   
   1.5687499999999965     0.0562500000000011   
   1.5687499999999965     0.0687500000000010   
   1.5687499999999965     0.0812500000000010   
   1.5687499999999965     0.0937500000000010   
   1.5687499999999968     0.1062500000000010   
   1.5687499999999968     0.1187500000000010   
   1.5687499999999965     0.1312500000000010   
   1.5687499999999965     0.1437500000000010   
   1.5687499999999965     0.1562500000000010   
   1.5687499999999965     0.1687500000000010   
   1.5687499999999965     0.1812500000000010   
   1.5687499999999970     0.1937500000000010   
   1.5687499999999970     0.2062500000000010   
   1.5687499999999970     0.2187500000000009   
   1.5687499999999970     0.2312500000000010   
   1.5687499999999970     0.2437500000000010   
   1.5687499999999970     0.2562500000000010   
   1.5687499999999970     0.2687500000000009   
   1.5687499999999970     0.2812500000000010   
   1.5687499999999970     0.2937500000000010   
   1.5687499999999970     0.3062500000000009   
   1.5687499999999972     0.3187500000000009   
   1.5687499999999972     0.3312500000000009   
   1.5687499999999972     0.3437500000000009   
   1.5687499999999970     0.3562500000000010   
   1.5687499999999970     0.3687500000000010   
   1.5687499999999970     0.3812500000000010   
   1.5687499999999970     0.3937500000000009   
   1.5687499999999970     0.4062500000000009   
   1.5687499999999970     0.4187500000000010   
   1.5687499999999970     0.4312500000000010   
   1.5812499999999965     0.0062500000000005   
   1.5812499999999965     0.0187500000000011   
   1.5812499999999965     0.0312500000000010   
   1.5812499999999963     0.0437500000000010   
   1.5812499999999965     0.0562500000000010   
   1.5812499999999965     0.0687500000000010   
   1.5812499999999965     0.0812500000000010   
   1.5812499999999965     0.0937500000000010   
   1.5812499999999967     0.1062500000000010   
   1.5812499999999972     0.1187500000000010   
   1.5812499999999969     0.1312500000000010   
   1.5812499999999965     0.1437500000000010   
   1.5812499999999965     0.1562500000000009   
   1.5812499999999965     0.1687500000000009   
   1.5812499999999965     0.1812500000000009   
   1.5812499999999967     0.1937500000000009   
   1.5812499999999967     0.2062500000000009   
   1.5812499999999969     0.2187500000000010   
   1.5812499999999967     0.2312500000000010   
   1.5812499999999967     0.2437500000000010   
   1.5812499999999965     0.2562500000000010   
   1.5812499999999965     0.2687500000000009   
   1.5812499999999967     0.2812500000000009   
   1.5812499999999967     0.2937500000000010   
   1.5812499999999969     0.3062500000000009   
   1.5812499999999972     0.3187500000000009   
   1.5812499999999972     0.3312500000000009   
   1.5812499999999972     0.3437500000000009   
   1.5812499999999972     0.3562500000000010   
   1.5812499999999972     0.3687500000000009   
   1.5812499999999972     0.3812500000000009   
   1.5812499999999972     0.3937500000000009   
   1.5812499999999972     0.4062500000000009   
   1.5812499999999972     0.4187500000000010   
   1.5812499999999972     0.4312500000000010   
   1.5937499999999964     0.0062500000000005   
   1.5937499999999964     0.0187500000000010   
   1.5937499999999962     0.0312500000000010   
   1.5937499999999962     0.0437500000000010   
   1.5937499999999964     0.0562500000000010   
   1.5937499999999964     0.0687500000000010   
   1.5937499999999964     0.0812500000000010   
   1.5937499999999969     0.0937500000000010   
   1.5937499999999969     0.1062500000000010   
   1.5937499999999967     0.1187500000000009   
   1.5937499999999964     0.1312500000000009   
   1.5937499999999964     0.1437500000000010   
   1.5937499999999964     0.1562500000000009   
   1.5937499999999964     0.1687500000000009   
   1.5937499999999964     0.1812500000000009   
   1.5937499999999967     0.1937500000000009   
   1.5937499999999969     0.2062500000000009   
   1.5937499999999969     0.2187500000000009   
   1.5937499999999969     0.2312500000000009   
   1.5937499999999967     0.2437500000000010   
   1.5937499999999964     0.2562500000000010   
   1.5937499999999969     0.2687500000000009   
   1.5937499999999969     0.2812500000000009   
   1.5937499999999969     0.2937500000000010   
   1.5937499999999969     0.3062500000000009   
   1.5937499999999969     0.3187500000000009   
   1.5937499999999969     0.3312500000000009   
   1.5937499999999969     0.3437500000000009   
   1.5937499999999969     0.3562500000000008   
   1.5937499999999969     0.3687500000000009   
   1.5937499999999969     0.3812500000000009   
   1.5937499999999969     0.3937500000000008   
   1.5937499999999973     0.4062500000000009   
   1.5937499999999969     0.4187500000000010   
   1.5937499999999971     0.4312500000000008   
   1.6062499999999962     0.0062500000000005   
   1.6062499999999962     0.0187500000000010   
   1.6062499999999962     0.0312500000000010   
   1.6062499999999962     0.0437500000000010   
   1.6062499999999962     0.0562500000000010   
   1.6062499999999962     0.0687500000000009   
   1.6062499999999966     0.0812500000000009   
   1.6062499999999966     0.0937500000000009   
   1.6062499999999966     0.1062500000000009   
   1.6062499999999966     0.1187500000000009   
   1.6062499999999962     0.1312500000000009   
   1.6062499999999962     0.1437500000000009   
   1.6062499999999966     0.1562500000000009   
   1.6062499999999966     0.1687500000000009   
   1.6062499999999966     0.1812500000000009   
   1.6062499999999966     0.1937500000000009   
   1.6062499999999966     0.2062500000000009   
   1.6062499999999966     0.2187500000000009   
   1.6062499999999966     0.2312500000000008   
   1.6062499999999966     0.2437500000000009   
   1.6062499999999966     0.2562500000000009   
   1.6062499999999968     0.2687500000000009   
   1.6062499999999966     0.2812500000000009   
   1.6062499999999966     0.2937500000000009   
   1.6062499999999968     0.3062500000000009   
   1.6062499999999968     0.3187500000000009   
   1.6062499999999968     0.3312500000000009   
   1.6062499999999968     0.3437500000000009   
   1.6062499999999971     0.3562500000000008   
   1.6062499999999968     0.3687500000000008   
   1.6062499999999968     0.3812500000000009   
   1.6062499999999968     0.3937500000000008   
   1.6062499999999971     0.4062500000000009   
   1.6062499999999968     0.4187500000000008   
   1.6062499999999968     0.4312500000000008   
   1.6187499999999961     0.0062500000000005   
   1.6187499999999961     0.0187500000000010   
   1.6187499999999961     0.0312500000000010   
   1.6187499999999964     0.0437500000000009   
   1.6187499999999964     0.0562500000000009   
   1.6187499999999961     0.0687500000000009   
   1.6187499999999966     0.0812500000000009   
   1.6187499999999966     0.0937500000000009   
   1.6187499999999964     0.1062500000000009   
   1.6187499999999966     0.1187500000000009   
   1.6187499999999966     0.1312500000000009   
   1.6187499999999964     0.1437500000000009   
   1.6187499999999966     0.1562500000000009   
   1.6187499999999964     0.1687500000000008   
   1.6187499999999968     0.1812500000000009   
   1.6187499999999966     0.1937500000000009   
   1.6187499999999966     0.2062500000000009   
   1.6187499999999966     0.2187500000000009   
   1.6187499999999966     0.2312500000000008   
   1.6187499999999968     0.2437500000000009   
   1.6187499999999968     0.2562500000000009   
   1.6187499999999968     0.2687500000000009   
   1.6187499999999964     0.2812500000000008   
   1.6187499999999966     0.2937500000000008   
   1.6187499999999968     0.3062500000000009   
   1.6187499999999968     0.3187500000000009   
   1.6187499999999968     0.3312500000000009   
   1.6187499999999968     0.3437500000000009   
   1.6187499999999970     0.3562500000000008   
   1.6187499999999970     0.3687500000000009   
   1.6187499999999968     0.3812500000000009   
   1.6187499999999970     0.3937500000000008   
   1.6187499999999972     0.4062500000000009   
   1.6187499999999970     0.4187500000000009   
   1.6187499999999972     0.4312500000000008   
   1.6312499999999961     0.0062500000000005   
   1.6312499999999965     0.0187500000000009   
   1.6312499999999963     0.0312500000000009   
   1.6312499999999961     0.0437500000000009   
   1.6312499999999963     0.0562500000000009   
   1.6312499999999961     0.0687500000000009   
   1.6312499999999965     0.0812500000000009   
   1.6312499999999965     0.0937500000000009   
   1.6312499999999965     0.1062500000000008   
   1.6312499999999965     0.1187500000000009   
   1.6312499999999965     0.1312500000000009   
   1.6312499999999965     0.1437500000000008   
   1.6312499999999965     0.1562500000000008   
   1.6312499999999965     0.1687500000000008   
   1.6312499999999965     0.1812500000000009   
   1.6312499999999965     0.1937500000000009   
   1.6312499999999965     0.2062500000000009   
   1.6312499999999965     0.2187500000000008   
   1.6312499999999965     0.2312500000000008   
   1.6312499999999965     0.2437500000000008   
   1.6312499999999965     0.2562500000000009   
   1.6312499999999965     0.2687500000000009   
   1.6312499999999968     0.2812500000000008   
   1.6312499999999970     0.2937500000000008   
   1.6312499999999970     0.3062500000000009   
   1.6312499999999970     0.3187500000000009   
   1.6312499999999970     0.3312500000000008   
   1.6312499999999965     0.3437500000000009   
   1.6312499999999965     0.3562500000000008   
   1.6312499999999965     0.3687500000000008   
   1.6312499999999965     0.3812500000000009   
   1.6312499999999970     0.3937500000000008   
   1.6312499999999970     0.4062500000000009   
   1.6312499999999970     0.4187500000000009   
   1.6312499999999972     0.4312500000000008   
   1.6437499999999963     0.0062500000000005   
   1.6437499999999963     0.0187500000000009   
   1.6437499999999963     0.0312500000000009   
   1.6437499999999960     0.0437500000000009   
   1.6437499999999963     0.0562500000000009   
   1.6437499999999963     0.0687500000000009   
   1.6437499999999963     0.0812500000000009   
   1.6437499999999963     0.0937500000000009   
   1.6437499999999963     0.1062500000000008   
   1.6437499999999965     0.1187500000000008   
   1.6437499999999965     0.1312500000000008   
   1.6437499999999965     0.1437500000000008   
   1.6437499999999965     0.1562500000000008   
   1.6437499999999965     0.1687500000000008   
   1.6437499999999965     0.1812500000000008   
   1.6437499999999965     0.1937500000000008   
   1.6437499999999965     0.2062500000000008   
   1.6437499999999965     0.2187500000000008   
   1.6437499999999965     0.2312500000000008   
   1.6437499999999965     0.2437500000000008   
   1.6437499999999965     0.2562500000000008   
   1.6437499999999965     0.2687500000000008   
   1.6437499999999967     0.2812500000000008   
   1.6437499999999969     0.2937500000000008   
   1.6437499999999967     0.3062500000000008   
   1.6437499999999972     0.3187500000000009   
   1.6437499999999972     0.3312500000000008   
   1.6437499999999969     0.3437500000000009   
   1.6437499999999967     0.3562500000000008   
   1.6437499999999967     0.3687500000000008   
   1.6437499999999967     0.3812500000000009   
   1.6437499999999967     0.3937500000000008   
   1.6437499999999969     0.4062500000000008   
   1.6437499999999969     0.4187500000000008   
   1.6437499999999972     0.4312500000000008   
   1.6562499999999960     0.0062500000000004   
   1.6562499999999960     0.0187500000000009   
   1.6562499999999960     0.0312500000000009   
   1.6562499999999962     0.0437500000000009   
   1.6562499999999962     0.0562500000000009   
   1.6562499999999962     0.0687500000000008   
   1.6562499999999960     0.0812500000000008   
   1.6562499999999962     0.0937500000000008   
   1.6562499999999962     0.1062500000000008   
   1.6562499999999964     0.1187500000000008   
   1.6562499999999964     0.1312500000000008   
   1.6562499999999964     0.1437500000000007   
   1.6562499999999967     0.1562500000000008   
   1.6562499999999964     0.1687500000000008   
   1.6562499999999964     0.1812500000000008   
   1.6562499999999967     0.1937500000000008   
   1.6562499999999967     0.2062500000000008   
   1.6562499999999967     0.2187500000000007   
   1.6562499999999967     0.2312500000000008   
   1.6562499999999967     0.2437500000000008   
   1.6562499999999964     0.2562500000000008   
   1.6562499999999967     0.2687500000000008   
   1.6562499999999967     0.2812500000000008   
   1.6562499999999969     0.2937500000000008   
   1.6562499999999969     0.3062500000000008   
   1.6562499999999967     0.3187500000000008   
   1.6562499999999967     0.3312500000000008   
   1.6562499999999969     0.3437500000000008   
   1.6562499999999967     0.3562500000000008   
   1.6562499999999969     0.3687500000000008   
   1.6562499999999967     0.3812500000000008   
   1.6562499999999969     0.3937500000000008   
   1.6562499999999969     0.4062500000000008   
   1.6562499999999969     0.4187500000000008   
   1.6562499999999969     0.4312500000000008   
   1.6687499999999960     0.0062500000000004   
   1.6687499999999960     0.0187500000000008   
   1.6687499999999960     0.0312500000000008   
   1.6687499999999962     0.0437500000000008   
   1.6687499999999962     0.0562500000000008   
   1.6687499999999962     0.0687500000000008   
   1.6687499999999962     0.0812500000000008   
   1.6687499999999964     0.0937500000000008   
   1.6687499999999962     0.1062500000000008   
   1.6687499999999964     0.1187500000000008   
   1.6687499999999962     0.1312500000000008   
   1.6687499999999962     0.1437500000000007   
   1.6687499999999966     0.1562500000000007   
   1.6687499999999962     0.1687500000000007   
   1.6687499999999962     0.1812500000000007   
   1.6687499999999966     0.1937500000000008   
   1.6687499999999966     0.2062500000000008   
   1.6687499999999966     0.2187500000000007   
   1.6687499999999966     0.2312500000000008   
   1.6687499999999968     0.2437500000000007   
   1.6687499999999966     0.2562500000000007   
   1.6687499999999966     0.2687500000000007   
   1.6687499999999966     0.2812500000000008   
   1.6687499999999966     0.2937500000000007   
   1.6687499999999966     0.3062500000000007   
   1.6687499999999968     0.3187500000000008   
   1.6687499999999966     0.3312500000000007   
   1.6687499999999968     0.3437500000000008   
   1.6687499999999968     0.3562500000000007   
   1.6687499999999968     0.3687500000000008   
   1.6687499999999968     0.3812500000000009   
   1.6687499999999968     0.3937500000000008   
   1.6687499999999968     0.4062500000000007   
   1.6687499999999966     0.4187500000000008   
   1.6687499999999968     0.4312500000000008   
   1.6812499999999959     0.0062500000000004   
   1.6812499999999959     0.0187500000000008   
   1.6812499999999961     0.0312500000000008   
   1.6812499999999961     0.0437500000000008   
   1.6812499999999961     0.0562500000000008   
   1.6812499999999961     0.0687500000000008   
   1.6812499999999961     0.0812500000000008   
   1.6812499999999961     0.0937500000000007   
   1.6812499999999961     0.1062500000000007   
   1.6812499999999961     0.1187500000000007   
   1.6812499999999961     0.1312500000000008   
   1.6812499999999964     0.1437500000000007   
   1.6812499999999964     0.1562500000000007   
   1.6812499999999961     0.1687500000000007   
   1.6812499999999961     0.1812500000000007   
   1.6812499999999964     0.1937500000000008   
   1.6812499999999964     0.2062500000000008   
   1.6812499999999961     0.2187500000000007   
   1.6812499999999966     0.2312500000000008   
   1.6812499999999968     0.2437500000000008   
   1.6812499999999966     0.2562500000000007   
   1.6812499999999964     0.2687500000000007   
   1.6812499999999968     0.2812500000000008   
   1.6812499999999966     0.2937500000000007   
   1.6812499999999966     0.3062500000000007   
   1.6812499999999968     0.3187500000000008   
   1.6812499999999968     0.3312500000000007   
   1.6812499999999968     0.3437500000000007   
   1.6812499999999968     0.3562500000000007   
   1.6812499999999968     0.3687500000000007   
   1.6812499999999968     0.3812500000000007   
   1.6812499999999970     0.3937500000000007   
   1.6812499999999970     0.4062500000000007   
   1.6812499999999966     0.4187500000000007   
   1.6812499999999968     0.4312500000000008   
   1.6937499999999961     0.0062500000000004   
   1.6937499999999959     0.0187500000000008   
   1.6937499999999961     0.0312500000000008   
   1.6937499999999961     0.0437500000000008   
   1.6937499999999961     0.0562500000000008   
   1.6937499999999961     0.0687500000000008   
   1.6937499999999961     0.0812500000000007   
   1.6937499999999965     0.0937500000000007   
   1.6937499999999963     0.1062500000000007   
   1.6937499999999961     0.1187500000000007   
   1.6937499999999961     0.1312500000000007   
   1.6937499999999963     0.1437500000000007   
   1.6937499999999963     0.1562500000000007   
   1.6937499999999965     0.1687500000000007   
   1.6937499999999965     0.1812500000000007   
   1.6937499999999965     0.1937500000000007   
   1.6937499999999963     0.2062500000000007   
   1.6937499999999961     0.2187500000000007   
   1.6937499999999965     0.2312500000000007   
   1.6937499999999965     0.2437500000000007   
   1.6937499999999965     0.2562500000000007   
   1.6937499999999965     0.2687500000000007   
   1.6937499999999965     0.2812500000000007   
   1.6937499999999965     0.2937500000000007   
   1.6937499999999965     0.3062500000000007   
   1.6937499999999968     0.3187500000000006   
   1.6937499999999965     0.3312500000000007   
   1.6937499999999965     0.3437500000000007   
   1.6937499999999965     0.3562500000000007   
   1.6937499999999965     0.3687500000000007   
   1.6937499999999965     0.3812500000000007   
   1.6937499999999970     0.3937500000000007   
   1.6937499999999970     0.4062500000000008   
   1.6937499999999970     0.4187500000000008   
   1.6937499999999970     0.4312500000000008   
   1.7062499999999958     0.0062500000000004   
   1.7062499999999958     0.0187500000000007   
   1.7062499999999960     0.0312500000000007   
   1.7062499999999958     0.0437500000000007   
   1.7062499999999958     0.0562500000000007   
   1.7062499999999958     0.0687500000000007   
   1.7062499999999958     0.0812500000000007   
   1.7062499999999963     0.0937500000000007   
   1.7062499999999965     0.1062500000000007   
   1.7062499999999963     0.1187500000000007   
   1.7062499999999963     0.1312500000000006   
   1.7062499999999963     0.1437500000000007   
   1.7062499999999963     0.1562500000000006   
   1.7062499999999963     0.1687500000000007   
   1.7062499999999963     0.1812500000000007   
   1.7062499999999963     0.1937500000000007   
   1.7062499999999963     0.2062500000000007   
   1.7062499999999963     0.2187500000000007   
   1.7062499999999965     0.2312500000000007   
   1.7062499999999965     0.2437500000000007   
   1.7062499999999963     0.2562500000000006   
   1.7062499999999965     0.2687500000000007   
   1.7062499999999965     0.2812500000000007   
   1.7062499999999963     0.2937500000000007   
   1.7062499999999965     0.3062500000000006   
   1.7062499999999965     0.3187500000000006   
   1.7062499999999965     0.3312500000000007   
   1.7062499999999965     0.3437500000000007   
   1.7062499999999965     0.3562500000000007   
   1.7062499999999965     0.3687500000000007   
   1.7062499999999965     0.3812500000000007   
   1.7062499999999965     0.3937500000000007   
   1.7062499999999972     0.4062500000000007   
   1.7062499999999972     0.4187500000000007   
   1.7062499999999967     0.4312500000000008   
   1.7187499999999958     0.0062500000000004   
   1.7187499999999958     0.0187500000000007   
   1.7187499999999958     0.0312500000000007   
   1.7187499999999958     0.0437500000000007   
   1.7187499999999958     0.0562500000000007   
   1.7187499999999958     0.0687500000000007   
   1.7187499999999958     0.0812500000000007   
   1.7187499999999960     0.0937500000000007   
   1.7187499999999964     0.1062500000000007   
   1.7187499999999964     0.1187500000000007   
   1.7187499999999964     0.1312500000000006   
   1.7187499999999960     0.1437500000000006   
   1.7187499999999958     0.1562500000000006   
   1.7187499999999958     0.1687500000000006   
   1.7187499999999960     0.1812500000000007   
   1.7187499999999962     0.1937500000000007   
   1.7187499999999962     0.2062500000000007   
   1.7187499999999962     0.2187500000000006   
   1.7187499999999964     0.2312500000000006   
   1.7187499999999964     0.2437500000000007   
   1.7187499999999962     0.2562500000000006   
   1.7187499999999964     0.2687500000000007   
   1.7187499999999964     0.2812500000000007   
   1.7187499999999964     0.2937500000000007   
   1.7187499999999964     0.3062500000000006   
   1.7187499999999964     0.3187500000000006   
   1.7187499999999964     0.3312500000000007   
   1.7187499999999969     0.3437500000000007   
   1.7187499999999967     0.3562500000000007   
   1.7187499999999964     0.3687500000000007   
   1.7187499999999964     0.3812500000000006   
   1.7187499999999964     0.3937500000000007   
   1.7187499999999967     0.4062500000000007   
   1.7187499999999967     0.4187500000000007   
   1.7187499999999969     0.4312500000000007   
   1.7187499999999969     0.4437500000000007   
   1.7187499999999969     0.4562500000000007   
   1.7312499999999957     0.0062500000000003   
   1.7312499999999957     0.0187500000000007   
   1.7312499999999957     0.0312500000000007   
   1.7312499999999957     0.0437500000000007   
   1.7312499999999957     0.0562500000000007   
   1.7312499999999957     0.0687500000000007   
   1.7312499999999957     0.0812500000000007   
   1.7312499999999960     0.0937500000000007   
   1.7312499999999962     0.1062500000000006   
   1.7312499999999962     0.1187500000000006   
   1.7312499999999960     0.1312500000000006   
   1.7312499999999957     0.1437500000000006   
   1.7312499999999962     0.1562500000000006   
   1.7312499999999962     0.1687500000000006   
   1.7312499999999962     0.1812500000000006   
   1.7312499999999964     0.1937500000000006   
   1.7312499999999962     0.2062500000000007   
   1.7312499999999962     0.2187500000000007   
   1.7312499999999962     0.2312500000000006   
   1.7312499999999962     0.2437500000000006   
   1.7312499999999962     0.2562500000000006   
   1.7312499999999962     0.2687500000000006   
   1.7312499999999962     0.2812500000000006   
   1.7312499999999966     0.2937500000000007   
   1.7312499999999966     0.3062500000000006   
   1.7312499999999966     0.3187500000000006   
   1.7312499999999966     0.3312500000000007   
   1.7312499999999966     0.3437500000000007   
   1.7312499999999966     0.3562500000000006   
   1.7312499999999966     0.3687500000000007   
   1.7312499999999966     0.3812500000000006   
   1.7312499999999966     0.3937500000000006   
   1.7312499999999966     0.4062500000000007   
   1.7312499999999966     0.4187500000000007   
   1.7312499999999966     0.4312500000000007   
   1.7312499999999966     0.4437500000000007   
   1.7312499999999966     0.4562500000000007   
   1.7437499999999955     0.0062500000000003   
   1.7437499999999957     0.0187500000000006   
   1.7437499999999959     0.0312500000000006   
   1.7437499999999959     0.0437500000000006   
   1.7437499999999959     0.0562500000000006   
   1.7437499999999955     0.0687500000000006   
   1.7437499999999957     0.0812500000000006   
   1.7437499999999959     0.0937500000000006   
   1.7437499999999961     0.1062500000000006   
   1.7437499999999961     0.1187500000000006   
   1.7437499999999961     0.1312500000000006   
   1.7437499999999961     0.1437500000000006   
   1.7437499999999961     0.1562500000000006   
   1.7437499999999961     0.1687500000000006   
   1.7437499999999961     0.1812500000000006   
   1.7437499999999961     0.1937500000000006   
   1.7437499999999964     0.2062500000000006   
   1.7437499999999961     0.2187500000000006   
   1.7437499999999961     0.2312500000000006   
   1.7437499999999961     0.2437500000000006   
   1.7437499999999961     0.2562500000000005   
   1.7437499999999964     0.2687500000000006   
   1.7437499999999964     0.2812500000000006   
   1.7437499999999966     0.2937500000000006   
   1.7437499999999966     0.3062500000000006   
   1.7437499999999966     0.3187500000000006   
   1.7437499999999966     0.3312500000000007   
   1.7437499999999964     0.3437500000000007   
   1.7437499999999966     0.3562500000000006   
   1.7437499999999966     0.3687500000000006   
   1.7437499999999966     0.3812500000000006   
   1.7437499999999966     0.3937500000000007   
   1.7437499999999968     0.4062500000000006   
   1.7437499999999968     0.4187500000000006   
   1.7437499999999966     0.4312500000000007   
   1.7437499999999966     0.4437500000000007   
   1.7437499999999966     0.4562500000000007   
   1.7562499999999959     0.0062500000000003   
   1.7562499999999959     0.0187500000000006   
   1.7562499999999961     0.0312500000000006   
   1.7562499999999959     0.0437500000000006   
   1.7562499999999959     0.0562500000000006   
   1.7562499999999959     0.0687500000000006   
   1.7562499999999959     0.0812500000000006   
   1.7562499999999961     0.0937500000000006   
   1.7562499999999961     0.1062500000000006   
   1.7562499999999963     0.1187500000000006   
   1.7562499999999961     0.1312500000000006   
   1.7562499999999961     0.1437500000000005   
   1.7562499999999961     0.1562500000000006   
   1.7562499999999961     0.1687500000000006   
   1.7562499999999961     0.1812500000000006   
   1.7562499999999961     0.1937500000000005   
   1.7562499999999961     0.2062500000000006   
   1.7562499999999963     0.2187500000000006   
   1.7562499999999965     0.2312500000000006   
   1.7562499999999963     0.2437500000000006   
   1.7562499999999961     0.2562500000000005   
   1.7562499999999965     0.2687500000000005   
   1.7562499999999965     0.2812500000000006   
   1.7562499999999965     0.2937500000000005   
   1.7562499999999963     0.3062500000000006   
   1.7562499999999965     0.3187500000000006   
   1.7562499999999965     0.3312500000000006   
   1.7562499999999968     0.3437500000000006   
   1.7562499999999965     0.3562500000000006   
   1.7562499999999965     0.3687500000000006   
   1.7562499999999965     0.3812500000000006   
   1.7562499999999965     0.3937500000000006   
   1.7562499999999965     0.4062500000000006   
   1.7562499999999965     0.4187500000000006   
   1.7562499999999965     0.4312500000000006   
   1.7562499999999970     0.4437500000000005   
   1.7562499999999965     0.4562500000000007   
   1.7687499999999958     0.0062500000000003   
   1.7687499999999958     0.0187500000000006   
   1.7687499999999956     0.0312500000000006   
   1.7687499999999958     0.0437500000000006   
   1.7687499999999958     0.0562500000000006   
   1.7687499999999958     0.0687500000000006   
   1.7687499999999958     0.0812500000000006   
   1.7687499999999958     0.0937500000000006   
   1.7687499999999958     0.1062500000000005   
   1.7687499999999963     0.1187500000000005   
   1.7687499999999958     0.1312500000000005   
   1.7687499999999958     0.1437500000000005   
   1.7687499999999958     0.1562500000000005   
   1.7687499999999963     0.1687500000000006   
   1.7687499999999963     0.1812500000000005   
   1.7687499999999958     0.1937500000000005   
   1.7687499999999960     0.2062500000000005   
   1.7687499999999963     0.2187500000000005   
   1.7687499999999963     0.2312500000000006   
   1.7687499999999963     0.2437500000000006   
   1.7687499999999960     0.2562500000000005   
   1.7687499999999963     0.2687500000000005   
   1.7687499999999963     0.2812500000000006   
   1.7687499999999965     0.2937500000000005   
   1.7687499999999963     0.3062500000000006   
   1.7687499999999965     0.3187500000000006   
   1.7687499999999965     0.3312500000000005   
   1.7687499999999967     0.3437500000000006   
   1.7687499999999965     0.3562500000000006   
   1.7687499999999965     0.3687500000000006   
   1.7687499999999965     0.3812500000000006   
   1.7687499999999965     0.3937500000000006   
   1.7687499999999965     0.4062500000000006   
   1.7687499999999965     0.4187500000000006   
   1.7687499999999965     0.4312500000000006   
   1.7687499999999967     0.4437500000000005   
   1.7687499999999967     0.4562500000000006   
   1.7812499999999958     0.0062500000000003   
   1.7812499999999958     0.0187500000000006   
   1.7812499999999956     0.0312500000000006   
   1.7812499999999958     0.0437500000000006   
   1.7812499999999956     0.0562500000000005   
   1.7812499999999958     0.0687500000000005   
   1.7812499999999958     0.0812500000000005   
   1.7812499999999958     0.0937500000000005   
   1.7812499999999960     0.1062500000000005   
   1.7812499999999958     0.1187500000000005   
   1.7812499999999958     0.1312500000000005   
   1.7812499999999958     0.1437500000000005   
   1.7812499999999958     0.1562500000000005   
   1.7812499999999960     0.1687500000000005   
   1.7812499999999962     0.1812500000000005   
   1.7812499999999962     0.1937500000000005   
   1.7812499999999962     0.2062500000000005   
   1.7812499999999962     0.2187500000000005   
   1.7812499999999962     0.2312500000000005   
   1.7812499999999964     0.2437500000000005   
   1.7812499999999964     0.2562500000000005   
   1.7812499999999962     0.2687500000000005   
   1.7812499999999960     0.2812500000000006   
   1.7812499999999964     0.2937500000000005   
   1.7812499999999964     0.3062500000000006   
   1.7812499999999964     0.3187500000000006   
   1.7812499999999964     0.3312500000000005   
   1.7812499999999964     0.3437500000000006   
   1.7812499999999964     0.3562500000000005   
   1.7812499999999964     0.3687500000000005   
   1.7812499999999964     0.3812500000000006   
   1.7812499999999964     0.3937500000000006   
   1.7812499999999967     0.4062500000000006   
   1.7812499999999967     0.4187500000000006   
   1.7812499999999969     0.4312500000000006   
   1.7812499999999967     0.4437500000000006   
   1.7812499999999967     0.4562500000000007   
   1.7937499999999957     0.0062500000000003   
   1.7937499999999957     0.0187500000000005   
   1.7937499999999957     0.0312500000000005   
   1.7937499999999957     0.0437500000000005   
   1.7937499999999955     0.0562500000000005   
   1.7937499999999960     0.0687500000000005   
   1.7937499999999960     0.0812500000000005   
   1.7937499999999960     0.0937500000000005   
   1.7937499999999960     0.1062500000000005   
   1.7937499999999957     0.1187500000000005   
   1.7937499999999957     0.1312500000000005   
   1.7937499999999957     0.1437500000000005   
   1.7937499999999957     0.1562500000000005   
   1.7937499999999960     0.1687500000000005   
   1.7937499999999962     0.1812500000000005   
   1.7937499999999962     0.1937500000000005   
   1.7937499999999962     0.2062500000000005   
   1.7937499999999962     0.2187500000000005   
   1.7937499999999962     0.2312500000000005   
   1.7937499999999962     0.2437500000000005   
   1.7937499999999962     0.2562500000000005   
   1.7937499999999962     0.2687500000000005   
   1.7937499999999962     0.2812500000000006   
   1.7937499999999962     0.2937500000000005   
   1.7937499999999962     0.3062500000000005   
   1.7937499999999962     0.3187500000000005   
   1.7937499999999962     0.3312500000000005   
   1.7937499999999964     0.3437500000000004   
   1.7937499999999962     0.3562500000000005   
   1.7937499999999962     0.3687500000000006   
   1.7937499999999962     0.3812500000000005   
   1.7937499999999966     0.3937500000000006   
   1.7937499999999966     0.4062500000000006   
   1.7937499999999962     0.4187500000000006   
   1.7937499999999964     0.4312500000000006   
   1.7937499999999966     0.4437500000000005   
   1.7937499999999966     0.4562500000000006   
   1.8062499999999955     0.0062500000000002   
   1.8062499999999955     0.0187500000000005   
   1.8062499999999955     0.0312500000000005   
   1.8062499999999957     0.0437500000000005   
   1.8062499999999955     0.0562500000000005   
   1.8062499999999959     0.0687500000000005   
   1.8062499999999955     0.0812500000000005   
   1.8062499999999955     0.0937500000000005   
   1.8062499999999959     0.1062500000000004   
   1.8062499999999959     0.1187500000000004   
   1.8062499999999959     0.1312500000000004   
   1.8062499999999959     0.1437500000000005   
   1.8062499999999959     0.1562500000000004   
   1.8062499999999959     0.1687500000000005   
   1.8062499999999959     0.1812500000000004   
   1.8062499999999961     0.1937500000000004   
   1.8062499999999961     0.2062500000000005   
   1.8062499999999961     0.2187500000000005   
   1.8062499999999961     0.2312500000000005   
   1.8062499999999961     0.2437500000000005   
   1.8062499999999961     0.2562500000000005   
   1.8062499999999961     0.2687500000000005   
   1.8062499999999961     0.2812500000000005   
   1.8062499999999961     0.2937500000000005   
   1.8062499999999961     0.3062500000000005   
   1.8062499999999961     0.3187500000000005   
   1.8062499999999961     0.3312500000000005   
   1.8062499999999966     0.3437500000000004   
   1.8062499999999966     0.3562500000000005   
   1.8062499999999964     0.3687500000000005   
   1.8062499999999964     0.3812500000000005   
   1.8062499999999961     0.3937500000000006   
   1.8062499999999966     0.4062500000000004   
   1.8062499999999966     0.4187500000000005   
   1.8062499999999966     0.4312500000000006   
   1.8062499999999966     0.4437500000000005   
   1.8062499999999964     0.4562500000000005   
   1.8187499999999956     0.0062500000000002   
   1.8187499999999956     0.0187500000000005   
   1.8187499999999954     0.0312500000000005   
   1.8187499999999954     0.0437500000000004   
   1.8187499999999954     0.0562500000000005   
   1.8187499999999959     0.0687500000000004   
   1.8187499999999959     0.0812500000000004   
   1.8187499999999956     0.0937500000000004   
   1.8187499999999959     0.1062500000000004   
   1.8187499999999961     0.1187500000000004   
   1.8187499999999961     0.1312500000000004   
   1.8187499999999959     0.1437500000000004   
   1.8187499999999956     0.1562500000000004   
   1.8187499999999956     0.1687500000000004   
   1.8187499999999959     0.1812500000000004   
   1.8187499999999961     0.1937500000000004   
   1.8187499999999963     0.2062500000000005   
   1.8187499999999963     0.2187500000000004   
   1.8187499999999961     0.2312500000000004   
   1.8187499999999961     0.2437500000000004   
   1.8187499999999961     0.2562500000000005   
   1.8187499999999961     0.2687500000000004   
   1.8187499999999961     0.2812500000000004   
   1.8187499999999961     0.2937500000000005   
   1.8187499999999961     0.3062500000000005   
   1.8187499999999965     0.3187500000000005   
   1.8187499999999963     0.3312500000000005   
   1.8187499999999963     0.3437500000000004   
   1.8187499999999965     0.3562500000000005   
   1.8187499999999965     0.3687500000000005   
   1.8187499999999965     0.3812500000000005   
   1.8187499999999963     0.3937500000000005   
   1.8187499999999965     0.4062500000000005   
   1.8187499999999965     0.4187500000000006   
   1.8187499999999965     0.4312500000000006   
   1.8187499999999965     0.4437500000000005   
   1.8187499999999965     0.4562500000000005   
   1.8312499999999956     0.0062500000000002   
   1.8312499999999956     0.0187500000000004   
   1.8312499999999958     0.0312500000000004   
   1.8312499999999956     0.0437500000000004   
   1.8312499999999954     0.0562500000000004   
   1.8312499999999958     0.0687500000000004   
   1.8312499999999958     0.0812500000000004   
   1.8312499999999958     0.0937500000000004   
   1.8312499999999958     0.1062500000000004   
   1.8312499999999958     0.1187500000000004   
   1.8312499999999958     0.1312500000000004   
   1.8312499999999958     0.1437500000000003   
   1.8312499999999958     0.1562500000000004   
   1.8312499999999958     0.1687500000000004   
   1.8312499999999958     0.1812500000000004   
   1.8312499999999958     0.1937500000000004   
   1.8312499999999958     0.2062500000000004   
   1.8312499999999958     0.2187500000000004   
   1.8312499999999958     0.2312500000000004   
   1.8312499999999963     0.2437500000000004   
   1.8312499999999958     0.2562500000000004   
   1.8312499999999958     0.2687500000000004   
   1.8312499999999958     0.2812500000000004   
   1.8312499999999963     0.2937500000000004   
   1.8312499999999963     0.3062500000000004   
   1.8312499999999963     0.3187500000000004   
   1.8312499999999963     0.3312500000000005   
   1.8312499999999963     0.3437500000000004   
   1.8312499999999963     0.3562500000000005   
   1.8312499999999963     0.3687500000000005   
   1.8312499999999965     0.3812500000000004   
   1.8312499999999958     0.3937500000000004   
   1.8312499999999965     0.4062500000000006   
   1.8312499999999965     0.4187500000000006   
   1.8312499999999965     0.4312500000000005   
   1.8312499999999963     0.4437500000000005   
   1.8312499999999963     0.4562500000000004   
   1.8437499999999956     0.0062500000000002   
   1.8437499999999956     0.0187500000000004   
   1.8437499999999956     0.0312500000000004   
   1.8437499999999956     0.0437500000000004   
   1.8437499999999956     0.0562500000000004   
   1.8437499999999958     0.0687500000000004   
   1.8437499999999958     0.0812500000000004   
   1.8437499999999958     0.0937500000000004   
   1.8437499999999958     0.1062500000000004   
   1.8437499999999958     0.1187500000000004   
   1.8437499999999958     0.1312500000000003   
   1.8437499999999956     0.1437500000000003   
   1.8437499999999958     0.1562500000000004   
   1.8437499999999958     0.1687500000000004   
   1.8437499999999958     0.1812500000000004   
   1.8437499999999958     0.1937500000000003   
   1.8437499999999958     0.2062500000000003   
   1.8437499999999958     0.2187500000000004   
   1.8437499999999958     0.2312500000000004   
   1.8437499999999960     0.2437500000000004   
   1.8437499999999962     0.2562500000000004   
   1.8437499999999958     0.2687500000000004   
   1.8437499999999958     0.2812500000000004   
   1.8437499999999962     0.2937500000000004   
   1.8437499999999962     0.3062500000000004   
   1.8437499999999960     0.3187500000000004   
   1.8437499999999964     0.3312500000000004   
   1.8437499999999964     0.3437500000000004   
   1.8437499999999962     0.3562500000000005   
   1.8437499999999962     0.3687500000000005   
   1.8437499999999964     0.3812500000000004   
   1.8437499999999962     0.3937500000000004   
   1.8437499999999964     0.4062500000000004   
   1.8437499999999967     0.4187500000000005   
   1.8437499999999967     0.4312500000000005   
   1.8437499999999962     0.4437500000000005   
   1.8437499999999960     0.4562500000000005   
   1.8562499999999953     0.0062500000000002   
   1.8562499999999957     0.0187500000000004   
   1.8562499999999955     0.0312500000000004   
   1.8562499999999953     0.0437500000000004   
   1.8562499999999957     0.0562500000000004   
   1.8562499999999957     0.0687500000000003   
   1.8562499999999957     0.0812500000000003   
   1.8562499999999957     0.0937500000000003   
   1.8562499999999957     0.1062500000000003   
   1.8562499999999957     0.1187500000000003   
   1.8562499999999957     0.1312500000000003   
   1.8562499999999957     0.1437500000000003   
   1.8562499999999957     0.1562500000000004   
   1.8562499999999957     0.1687500000000004   
   1.8562499999999960     0.1812500000000003   
   1.8562499999999960     0.1937500000000003   
   1.8562499999999960     0.2062500000000003   
   1.8562499999999957     0.2187500000000003   
   1.8562499999999960     0.2312500000000004   
   1.8562499999999960     0.2437500000000004   
   1.8562499999999960     0.2562500000000004   
   1.8562499999999960     0.2687500000000004   
   1.8562499999999962     0.2812500000000003   
   1.8562499999999962     0.2937500000000003   
   1.8562499999999960     0.3062500000000004   
   1.8562499999999962     0.3187500000000004   
   1.8562499999999960     0.3312500000000004   
   1.8562499999999962     0.3437500000000004   
   1.8562499999999962     0.3562500000000005   
   1.8562499999999962     0.3687500000000005   
   1.8562499999999962     0.3812500000000004   
   1.8562499999999962     0.3937500000000004   
   1.8562499999999966     0.4062500000000004   
   1.8562499999999966     0.4187500000000004   
   1.8562499999999966     0.4312500000000005   
   1.8562499999999962     0.4437500000000005   
   1.8562499999999964     0.4562500000000004   
   1.8687499999999952     0.0062500000000002   
   1.8687499999999952     0.0187500000000003   
   1.8687499999999955     0.0312500000000003   
   1.8687499999999955     0.0437500000000003   
   1.8687499999999955     0.0562500000000003   
   1.8687499999999955     0.0687500000000003   
   1.8687499999999959     0.0812500000000003   
   1.8687499999999959     0.0937500000000003   
   1.8687499999999959     0.1062500000000003   
   1.8687499999999955     0.1187500000000003   
   1.8687499999999955     0.1312500000000003   
   1.8687499999999955     0.1437500000000003   
   1.8687499999999959     0.1562500000000003   
   1.8687499999999959     0.1687500000000003   
   1.8687499999999959     0.1812500000000003   
   1.8687499999999959     0.1937500000000003   
   1.8687499999999959     0.2062500000000003   
   1.8687499999999959     0.2187500000000003   
   1.8687499999999959     0.2312500000000003   
   1.8687499999999959     0.2437500000000004   
   1.8687499999999959     0.2562500000000004   
   1.8687499999999961     0.2687500000000004   
   1.8687499999999961     0.2812500000000003   
   1.8687499999999961     0.2937500000000003   
   1.8687499999999959     0.3062500000000004   
   1.8687499999999961     0.3187500000000004   
   1.8687499999999961     0.3312500000000004   
   1.8687499999999961     0.3437500000000004   
   1.8687499999999961     0.3562500000000004   
   1.8687499999999961     0.3687500000000005   
   1.8687499999999961     0.3812500000000004   
   1.8687499999999961     0.3937500000000004   
   1.8687499999999961     0.4062500000000004   
   1.8687499999999961     0.4187500000000005   
   1.8687499999999961     0.4312500000000005   
   1.8687499999999961     0.4437500000000005   
   1.8687499999999964     0.4562500000000005   
   1.8812499999999952     0.0062500000000002   
   1.8812499999999952     0.0187500000000003   
   1.8812499999999954     0.0312500000000003   
   1.8812499999999956     0.0437500000000003   
   1.8812499999999956     0.0562500000000003   
   1.8812499999999956     0.0687500000000003   
   1.8812499999999956     0.0812500000000003   
   1.8812499999999956     0.0937500000000003   
   1.8812499999999956     0.1062500000000003   
   1.8812499999999959     0.1187500000000003   
   1.8812499999999959     0.1312500000000003   
   1.8812499999999956     0.1437500000000003   
   1.8812499999999956     0.1562500000000002   
   1.8812499999999956     0.1687500000000003   
   1.8812499999999956     0.1812500000000003   
   1.8812499999999961     0.1937500000000003   
   1.8812499999999961     0.2062500000000003   
   1.8812499999999961     0.2187500000000003   
   1.8812499999999961     0.2312500000000003   
   1.8812499999999961     0.2437500000000003   
   1.8812499999999956     0.2562500000000003   
   1.8812499999999961     0.2687500000000003   
   1.8812499999999961     0.2812500000000003   
   1.8812499999999961     0.2937500000000003   
   1.8812499999999961     0.3062500000000003   
   1.8812499999999961     0.3187500000000004   
   1.8812499999999961     0.3312500000000004   
   1.8812499999999961     0.3437500000000004   
   1.8812499999999961     0.3562500000000003   
   1.8812499999999961     0.3687500000000004   
   1.8812499999999961     0.3812500000000004   
   1.8812499999999961     0.3937500000000004   
   1.8812499999999961     0.4062500000000004   
   1.8812499999999961     0.4187500000000003   
   1.8812499999999965     0.4312500000000005   
   1.8812499999999965     0.4437500000000005   
   1.8812499999999965     0.4562500000000004   
   1.8937499999999954     0.0062500000000001   
   1.8937499999999954     0.0187500000000003   
   1.8937499999999954     0.0312500000000003   
   1.8937499999999954     0.0437500000000003   
   1.8937499999999956     0.0562500000000003   
   1.8937499999999956     0.0687500000000003   
   1.8937499999999956     0.0812500000000003   
   1.8937499999999958     0.0937500000000002   
   1.8937499999999958     0.1062500000000002   
   1.8937499999999958     0.1187500000000002   
   1.8937499999999956     0.1312500000000002   
   1.8937499999999954     0.1437500000000002   
   1.8937499999999956     0.1562500000000002   
   1.8937499999999956     0.1687500000000002   
   1.8937499999999958     0.1812500000000002   
   1.8937499999999958     0.1937500000000003   
   1.8937499999999958     0.2062500000000003   
   1.8937499999999956     0.2187500000000003   
   1.8937499999999958     0.2312500000000003   
   1.8937499999999958     0.2437500000000003   
   1.8937499999999956     0.2562500000000003   
   1.8937499999999958     0.2687500000000003   
   1.8937499999999958     0.2812500000000003   
   1.8937499999999958     0.2937500000000003   
   1.8937499999999958     0.3062500000000002   
   1.8937499999999960     0.3187500000000003   
   1.8937499999999960     0.3312500000000004   
   1.8937499999999963     0.3437500000000003   
   1.8937499999999963     0.3562500000000003   
   1.8937499999999963     0.3687500000000004   
   1.8937499999999963     0.3812500000000004   
   1.8937499999999963     0.3937500000000004   
   1.8937499999999963     0.4062500000000003   
   1.8937499999999965     0.4187500000000003   
   1.8937499999999965     0.4312500000000004   
   1.8937499999999965     0.4437500000000004   
   1.8937499999999963     0.4562500000000004   
   1.9062499999999951     0.0062500000000001   
   1.9062499999999951     0.0187500000000002   
   1.9062499999999951     0.0312500000000002   
   1.9062499999999951     0.0437500000000002   
   1.9062499999999951     0.0562500000000002   
   1.9062499999999956     0.0687500000000002   
   1.9062499999999956     0.0812500000000002   
   1.9062499999999958     0.0937500000000002   
   1.9062499999999956     0.1062500000000002   
   1.9062499999999956     0.1187500000000002   
   1.9062499999999951     0.1312500000000002   
   1.9062499999999953     0.1437500000000002   
   1.9062499999999956     0.1562500000000002   
   1.9062499999999956     0.1687500000000002   
   1.9062499999999958     0.1812500000000002   
   1.9062499999999956     0.1937500000000002   
   1.9062499999999958     0.2062500000000002   
   1.9062499999999958     0.2187500000000003   
   1.9062499999999960     0.2312500000000003   
   1.9062499999999960     0.2437500000000003   
   1.9062499999999956     0.2562500000000003   
   1.9062499999999958     0.2687500000000003   
   1.9062499999999960     0.2812500000000003   
   1.9062499999999960     0.2937500000000003   
   1.9062499999999960     0.3062500000000002   
   1.9062499999999960     0.3187500000000003   
   1.9062499999999958     0.3312500000000003   
   1.9062499999999962     0.3437500000000003   
   1.9062499999999962     0.3562500000000003   
   1.9062499999999960     0.3687500000000004   
   1.9062499999999960     0.3812500000000004   
   1.9062499999999960     0.3937500000000004   
   1.9062499999999962     0.4062500000000003   
   1.9062499999999964     0.4187500000000003   
   1.9062499999999964     0.4312500000000004   
   1.9062499999999962     0.4437500000000004   
   1.9062499999999962     0.4562500000000004   
   1.9187499999999951     0.0062500000000001   
   1.9187499999999951     0.0187500000000002   
   1.9187499999999953     0.0312500000000002   
   1.9187499999999953     0.0437500000000002   
   1.9187499999999951     0.0562500000000002   
   1.9187499999999951     0.0687500000000002   
   1.9187499999999957     0.0812500000000002   
   1.9187499999999957     0.0937500000000002   
   1.9187499999999953     0.1062500000000002   
   1.9187499999999953     0.1187500000000002   
   1.9187499999999953     0.1312500000000002   
   1.9187499999999957     0.1437500000000002   
   1.9187499999999957     0.1562500000000002   
   1.9187499999999957     0.1687500000000001   
   1.9187499999999957     0.1812500000000002   
   1.9187499999999953     0.1937500000000003   
   1.9187499999999957     0.2062500000000002   
   1.9187499999999957     0.2187500000000002   
   1.9187499999999957     0.2312500000000003   
   1.9187499999999957     0.2437500000000002   
   1.9187499999999957     0.2562500000000002   
   1.9187499999999962     0.2687500000000003   
   1.9187499999999962     0.2812500000000003   
   1.9187499999999960     0.2937500000000003   
   1.9187499999999960     0.3062500000000002   
   1.9187499999999962     0.3187500000000003   
   1.9187499999999960     0.3312500000000003   
   1.9187499999999960     0.3437500000000002   
   1.9187499999999962     0.3562500000000003   
   1.9187499999999962     0.3687500000000003   
   1.9187499999999960     0.3812500000000003   
   1.9187499999999962     0.3937500000000004   
   1.9187499999999962     0.4062500000000003   
   1.9187499999999962     0.4187500000000003   
   1.9187499999999962     0.4312500000000004   
   1.9187499999999962     0.4437500000000004   
   1.9187499999999962     0.4562500000000004   
   1.9312499999999950     0.0062500000000001   
   1.9312499999999950     0.0187500000000002   
   1.9312499999999952     0.0312500000000002   
   1.9312499999999955     0.0437500000000002   
   1.9312499999999952     0.0562500000000002   
   1.9312499999999952     0.0687500000000002   
   1.9312499999999955     0.0812500000000002   
   1.9312499999999955     0.0937500000000002   
   1.9312499999999955     0.1062500000000002   
   1.9312499999999955     0.1187500000000001   
   1.9312499999999955     0.1312500000000001   
   1.9312499999999955     0.1437500000000002   
   1.9312499999999955     0.1562500000000002   
   1.9312499999999955     0.1687500000000001   
   1.9312499999999955     0.1812500000000001   
   1.9312499999999955     0.1937500000000002   
   1.9312499999999955     0.2062500000000002   
   1.9312499999999955     0.2187500000000002   
   1.9312499999999957     0.2312500000000002   
   1.9312499999999955     0.2437500000000002   
   1.9312499999999957     0.2562500000000002   
   1.9312499999999959     0.2687500000000002   
   1.9312499999999959     0.2812500000000002   
   1.9312499999999959     0.2937500000000003   
   1.9312499999999959     0.3062500000000002   
   1.9312499999999961     0.3187500000000002   
   1.9312499999999959     0.3312500000000003   
   1.9312499999999959     0.3437500000000002   
   1.9312499999999961     0.3562500000000003   
   1.9312499999999961     0.3687500000000002   
   1.9312499999999959     0.3812500000000003   
   1.9312499999999961     0.3937500000000003   
   1.9312499999999964     0.4062500000000003   
   1.9312499999999961     0.4187500000000003   
   1.9312499999999959     0.4312500000000004   
   1.9312499999999961     0.4437500000000003   
   1.9312499999999961     0.4562500000000004   
   1.9437499999999952     0.0062500000000001   
   1.9437499999999948     0.0187500000000001   
   1.9437499999999948     0.0312500000000001   
   1.9437499999999952     0.0437500000000001   
   1.9437499999999948     0.0562500000000001   
   1.9437499999999952     0.0687500000000001   
   1.9437499999999954     0.0812500000000001   
   1.9437499999999954     0.0937500000000001   
   1.9437499999999954     0.1062500000000001   
   1.9437499999999954     0.1187500000000001   
   1.9437499999999954     0.1312500000000001   
   1.9437499999999954     0.1437500000000001   
   1.9437499999999954     0.1562500000000001   
   1.9437499999999954     0.1687500000000001   
   1.9437499999999954     0.1812500000000001   
   1.9437499999999954     0.1937500000000002   
   1.9437499999999954     0.2062500000000002   
   1.9437499999999954     0.2187500000000002   
   1.9437499999999956     0.2312500000000002   
   1.9437499999999956     0.2437500000000001   
   1.9437499999999956     0.2562500000000001   
   1.9437499999999956     0.2687500000000002   
   1.9437499999999959     0.2812500000000002   
   1.9437499999999961     0.2937500000000002   
   1.9437499999999961     0.3062500000000002   
   1.9437499999999961     0.3187500000000002   
   1.9437499999999956     0.3312500000000003   
   1.9437499999999961     0.3437500000000002   
   1.9437499999999961     0.3562500000000002   
   1.9437499999999961     0.3687500000000002   
   1.9437499999999959     0.3812500000000002   
   1.9437499999999961     0.3937500000000003   
   1.9437499999999963     0.4062500000000003   
   1.9437499999999963     0.4187500000000003   
   1.9437499999999965     0.4312500000000004   
   1.9437499999999963     0.4437500000000003   
   1.9437499999999965     0.4562500000000003   
   1.9562499999999949     0.0062500000000001   
   1.9562499999999949     0.0187500000000001   
   1.9562499999999952     0.0312500000000001   
   1.9562499999999952     0.0437500000000001   
   1.9562499999999952     0.0562500000000001   
   1.9562499999999952     0.0687500000000001   
   1.9562499999999954     0.0812500000000001   
   1.9562499999999954     0.0937500000000001   
   1.9562499999999954     0.1062500000000001   
   1.9562499999999954     0.1187500000000001   
   1.9562499999999954     0.1312500000000001   
   1.9562499999999954     0.1437500000000001   
   1.9562499999999954     0.1562500000000001   
   1.9562499999999954     0.1687500000000001   
   1.9562499999999954     0.1812500000000001   
   1.9562499999999958     0.1937500000000001   
   1.9562499999999956     0.2062500000000001   
   1.9562499999999958     0.2187500000000002   
   1.9562499999999958     0.2312500000000001   
   1.9562499999999958     0.2437500000000001   
   1.9562499999999956     0.2562500000000001   
   1.9562499999999956     0.2687500000000002   
   1.9562499999999958     0.2812500000000001   
   1.9562499999999958     0.2937500000000002   
   1.9562499999999958     0.3062500000000001   
   1.9562499999999958     0.3187500000000002   
   1.9562499999999958     0.3312500000000003   
   1.9562499999999958     0.3437500000000002   
   1.9562499999999958     0.3562500000000002   
   1.9562499999999958     0.3687500000000002   
   1.9562499999999958     0.3812500000000003   
   1.9562499999999958     0.3937500000000003   
   1.9562499999999958     0.4062500000000003   
   1.9562499999999958     0.4187500000000002   
   1.9562499999999963     0.4312500000000004   
   1.9562499999999963     0.4437500000000003   
   1.9562499999999963     0.4562500000000003   
   1.9687499999999951     0.0062500000000000   
   1.9687499999999951     0.0187500000000001   
   1.9687499999999951     0.0312500000000001   
   1.9687499999999951     0.0437500000000001   
   1.9687499999999951     0.0562500000000001   
   1.9687499999999951     0.0687500000000001   
   1.9687499999999951     0.0812500000000001   
   1.9687499999999953     0.0937500000000001   
   1.9687499999999951     0.1062500000000001   
   1.9687499999999953     0.1187500000000001   
   1.9687499999999951     0.1312500000000001   
   1.9687499999999953     0.1437500000000001   
   1.9687499999999956     0.1562500000000001   
   1.9687499999999956     0.1687500000000001   
   1.9687499999999956     0.1812500000000001   
   1.9687499999999956     0.1937500000000001   
   1.9687499999999956     0.2062500000000001   
   1.9687499999999958     0.2187500000000001   
   1.9687499999999958     0.2312500000000001   
   1.9687499999999958     0.2437500000000001   
   1.9687499999999956     0.2562500000000001   
   1.9687499999999956     0.2687500000000001   
   1.9687499999999956     0.2812500000000001   
   1.9687499999999956     0.2937500000000001   
   1.9687499999999958     0.3062500000000002   
   1.9687499999999958     0.3187500000000002   
   1.9687499999999958     0.3312500000000003   
   1.9687499999999958     0.3437500000000002   
   1.9687499999999958     0.3562500000000002   
   1.9687499999999960     0.3687500000000002   
   1.9687499999999958     0.3812500000000002   
   1.9687499999999958     0.3937500000000003   
   1.9687499999999958     0.4062500000000003   
   1.9687499999999958     0.4187500000000003   
   1.9687499999999960     0.4312500000000003   
   1.9687499999999958     0.4437500000000003   
   1.9687499999999962     0.4562500000000003   
   1.9812499999999951     0.0062500000000000   
   1.9812499999999951     0.0187500000000000   
   1.9812499999999948     0.0312500000000001   
   1.9812499999999951     0.0437500000000001   
   1.9812499999999951     0.0562500000000000   
   1.9812499999999951     0.0687500000000001   
   1.9812499999999951     0.0812500000000000   
   1.9812499999999953     0.0937500000000000   
   1.9812499999999953     0.1062500000000000   
   1.9812499999999953     0.1187500000000000   
   1.9812499999999955     0.1312500000000000   
   1.9812499999999951     0.1437500000000000   
   1.9812499999999953     0.1562500000000000   
   1.9812499999999955     0.1687500000000000   
   1.9812499999999953     0.1812500000000001   
   1.9812499999999955     0.1937500000000001   
   1.9812499999999953     0.2062500000000000   
   1.9812499999999957     0.2187500000000001   
   1.9812499999999957     0.2312500000000001   
   1.9812499999999957     0.2437500000000001   
   1.9812499999999957     0.2562500000000001   
   1.9812499999999957     0.2687500000000001   
   1.9812499999999957     0.2812500000000001   
   1.9812499999999957     0.2937500000000001   
   1.9812499999999957     0.3062500000000002   
   1.9812499999999960     0.3187500000000002   
   1.9812499999999957     0.3312500000000002   
   1.9812499999999957     0.3437500000000002   
   1.9812499999999960     0.3562500000000001   
   1.9812499999999960     0.3687500000000001   
   1.9812499999999960     0.3812500000000002   
   1.9812499999999960     0.3937500000000002   
   1.9812499999999960     0.4062500000000002   
   1.9812499999999960     0.4187500000000002   
   1.9812499999999962     0.4312500000000002   
   1.9812499999999960     0.4437500000000003   
   1.9812499999999960     0.4562500000000003   
   1.9937499999999977     0.0062500000000000   
   1.9937499999999977     0.0187500000000000   
   1.9937499999999977     0.0312500000000000   
   1.9937499999999977     0.0437500000000000   
   1.9937499999999977     0.0562500000000000   
   1.9937499999999977     0.0687500000000000   
   1.9937499999999977     0.0812500000000000   
   1.9937499999999977     0.0937500000000000   
   1.9937499999999977     0.1062500000000000   
   1.9937499999999977     0.1187500000000000   
   1.9937499999999977     0.1312500000000000   
   1.9937499999999977     0.1437500000000000   
   1.9937499999999977     0.1562500000000000   
   1.9937499999999977     0.1687500000000000   
   1.9937499999999977     0.1812500000000001   
   1.9937499999999977     0.1937500000000001   
   1.9937499999999977     0.2062500000000000   
   1.9937499999999977     0.2187500000000001   
   1.9937499999999977     0.2312500000000001   
   1.9937499999999977     0.2437500000000001   
   1.9937499999999977     0.2562500000000001   
   1.9937499999999977     0.2687500000000001   
   1.9937499999999977     0.2812500000000001   
   1.9937499999999977     0.2937500000000001   
   1.9937499999999977     0.3062500000000001   
   1.9937499999999981     0.3187500000000002   
   1.9937499999999977     0.3312500000000002   
   1.9937499999999977     0.3437500000000002   
   1.9937499999999981     0.3562500000000002   
   1.9937499999999977     0.3687500000000001   
   1.9937499999999977     0.3812500000000002   
   1.9937499999999977     0.3937500000000002   
   1.9937499999999977     0.4062500000000002   
   1.9937499999999977     0.4187500000000002   
   1.9937499999999979     0.4312500000000002   
   1.9937499999999981     0.4437500000000003   
   1.9937499999999977     0.4562500000000003   
